1
268.8785095214844,206.1584930419922,251.8000946044922,102.01850128173828
261.6578063964844,206.0135040283203,265.1877136230469,101.26090240478516
262.064208984375,206.01040649414062,263.019287109375,101.68609619140625
261.6650085449219,204.42779541015625,262.2668151855469,106.78810119628906
256.4591064453125,203.91000366210938,272.6095886230469,104.01069641113281
257.6239013671875,203.93060302734375,268.6589050292969,109.10340118408203
248.66940307617188,206.44410705566406,279.3841857910156,106.26629638671875
252.2447967529297,202.95790100097656,270.3522033691406,106.5968017578125
253.39430236816406,205.20460510253906,259.9870910644531,111.9469985961914
255.5417022705078,202.2064971923828,235.93870544433594,110.40480041503906
250.8946075439453,198.29769897460938,231.2626953125,119.13330078125
256.28179931640625,196.71229553222656,220.6649932861328,122.07929992675781
253.49400329589844,195.10879516601562,223.88519287109375,124.75669860839844
252.39120483398438,196.2071075439453,226.90370178222656,127.06310272216797
246.8488006591797,191.24600219726562,234.2978973388672,131.85260009765625
244.61459350585938,197.12510681152344,237.11929321289062,121.66889953613281
243.8520050048828,193.2729949951172,243.56089782714844,130.622802734375
243.88900756835938,193.95350646972656,236.17050170898438,129.82369995117188
243.9221954345703,194.78939819335938,239.85789489746094,131.45989990234375
240.8372039794922,195.98260498046875,243.33470153808594,122.43669891357422
240.5841064453125,193.63330078125,243.65879821777344,127.73870086669922
242.2686004638672,194.3773956298828,234.4199981689453,122.82599639892578
246.10150146484375,193.9499969482422,227.468505859375,130.3737030029297
242.46099853515625,191.1656036376953,227.18699645996094,133.29530334472656
239.68060302734375,185.49200439453125,228.20970153808594,138.06320190429688
239.31170654296875,183.67100524902344,231.58700561523438,142.39190673828125
241.65769958496094,184.41299438476562,225.1072998046875,140.1916961669922
239.82029724121094,191.52639770507812,223.4561004638672,129.07769775390625
237.04139709472656,190.95399475097656,223.6903076171875,131.2790069580078
242.87120056152344,189.89109802246094,219.60279846191406,136.0803985595703
238.7779998779297,188.70150756835938,224.76119995117188,137.54580688476562
239.04550170898438,196.0457000732422,220.19850158691406,117.70040130615234
236.75970458984375,198.27499389648438,226.96780395507812,115.12779998779297
245.5323944091797,194.24349975585938,211.63510131835938,123.27529907226562
242.36289978027344,190.281494140625,218.6239013671875,129.08180236816406
237.69540405273438,193.84939575195312,220.64349365234375,127.95929718017578
237.74920654296875,189.33299255371094,221.80079650878906,133.72999572753906
243.15780639648438,179.4676055908203,220.88839721679688,160.60279846191406
237.0605010986328,177.76220703125,230.00950622558594,161.85560607910156
231.5718994140625,175.1457977294922,243.2353057861328,167.5216064453125
231.9582061767578,180.55599975585938,237.0373992919922,164.46099853515625
233.15069580078125,187.18179321289062,228.47360229492188,131.3957061767578
241.61500549316406,188.18150329589844,220.14720153808594,132.42529296875
233.14939880371094,184.51589965820312,226.5063018798828,141.07040405273438
238.67230224609375,181.9929962158203,225.1636962890625,141.97549438476562
238.08189392089844,178.98809814453125,228.16729736328125,147.752197265625
233.55880737304688,179.37120056152344,238.73260498046875,150.78289794921875
234.44259643554688,175.17239379882812,241.15040588378906,155.88560485839844
238.47129821777344,174.7073974609375,235.50990295410156,160.47360229492188
234.27389526367188,174.70970153808594,234.14219665527344,160.95750427246094
234.28070068359375,177.7393035888672,229.65220642089844,149.9571990966797
238.28070068359375,178.80349731445312,227.1363983154297,153.77749633789062
238.96670532226562,178.822998046875,228.90699768066406,153.18739318847656
236.72630310058594,172.52099609375,232.77679443359375,164.89280700683594
231.1990966796875,170.997802734375,243.6768035888672,169.714599609375
231.818603515625,169.23460388183594,243.04119873046875,181.20880126953125
234.28140258789062,178.51170349121094,233.4951934814453,155.37930297851562
230.82969665527344,178.4145050048828,238.4586944580078,157.38409423828125
231.48500061035156,178.8679962158203,236.0489044189453,154.864501953125
232.03529357910156,176.64430236816406,238.05189514160156,156.40179443359375
234.3166046142578,171.0561981201172,235.0749053955078,167.710205078125
233.66619873046875,170.5800018310547,241.57470703125,164.6873016357422
229.56089782714844,170.3582000732422,243.6710968017578,172.25819396972656
228.62710571289062,169.31080627441406,248.19619750976562,176.54119873046875
228.13819885253906,176.52279663085938,238.1945037841797,152.4886932373047
232.6260986328125,176.30499267578125,237.71429443359375,154.58580017089844
232.6634063720703,173.62460327148438,237.20089721679688,168.51229858398438
229.03359985351562,169.2310028076172,246.45579528808594,171.70449829101562
230.26150512695312,171.7028045654297,244.4987030029297,166.21730041503906
231.73129272460938,172.94009399414062,237.8675994873047,165.26649475097656
228.9521942138672,172.27940368652344,244.19659423828125,159.9488067626953
232.0762939453125,175.98280334472656,239.73789978027344,147.9259033203125
226.3791046142578,174.74349975585938,250.47569274902344,156.7086944580078
229.02200317382812,177.3675994873047,245.23789978027344,145.7574005126953
235.3780059814453,177.91639709472656,238.2353057861328,149.3000030517578
229.785400390625,176.2418975830078,244.12600708007812,158.50540161132812
229.53900146484375,173.8520965576172,249.48599243164062,150.1116943359375
231.49049377441406,169.5489959716797,243.77130126953125,164.8011016845703
233.0113983154297,172.18429565429688,242.23159790039062,163.08689880371094
231.052001953125,174.18409729003906,246.0529022216797,160.35910034179688
236.91099548339844,179.49560546875,234.36920166015625,142.9459991455078
238.02670288085938,178.32679748535156,229.99180603027344,149.56500244140625
239.273193359375,174.0081024169922,232.33279418945312,153.42649841308594
236.18209838867188,178.48939514160156,234.14190673828125,148.9219970703125
239.64059448242188,174.27720642089844,229.81849670410156,161.39199829101562
235.61090087890625,175.2415008544922,238.05599975585938,148.44200134277344
235.10260009765625,178.0334930419922,234.1804962158203,141.86839294433594
232.6291961669922,176.5897979736328,238.61529541015625,143.27239990234375
232.28689575195312,176.27459716796875,238.30130004882812,150.1804962158203
233.9971923828125,174.8916015625,233.9918975830078,152.31590270996094
226.65280151367188,176.24710083007812,242.89329528808594,151.11380004882812
232.53269958496094,172.39779663085938,235.37710571289062,162.8726043701172
231.1656036376953,179.5157012939453,233.66859436035156,132.23300170898438
228.00570678710938,176.7626953125,243.92849731445312,139.9658966064453
228.90469360351562,176.9907989501953,251.27609252929688,154.09649658203125
230.3175048828125,169.64939880371094,254.864501953125,160.05360412597656
237.7357940673828,174.652099609375,249.05780029296875,148.83990478515625
234.36720275878906,172.7707977294922,251.67059326171875,154.281005859375
226.82879638671875,172.46139526367188,259.08538818359375,160.75660705566406
224.60079956054688,171.2664031982422,262.22808837890625,166.4084014892578
222.42359924316406,172.5030059814453,265.63128662109375,155.16769409179688
222.52220153808594,175.62460327148438,263.0783996582031,157.0552978515625
219.8343048095703,175.63780212402344,260.7864074707031,158.92599487304688
220.22430419921875,177.79200744628906,262.5304870605469,157.5543975830078
227.7030029296875,183.318603515625,272.8788146972656,158.83839416503906
231.78660583496094,186.1096954345703,267.74530029296875,144.9208984375
223.84629821777344,187.29209899902344,296.9490966796875,154.02000427246094
221.39559936523438,191.6501007080078,306.7746887207031,136.00250244140625
224.78379821777344,193.62269592285156,288.3529968261719,141.24600219726562
226.7675018310547,192.69180297851562,277.19281005859375,127.32219696044922
224.8480987548828,192.01820373535156,284.4490051269531,133.99420166015625
228.0489044189453,189.8079071044922,285.0553894042969,137.89739990234375
226.30799865722656,191.10879516601562,283.33648681640625,135.39320373535156
227.94590759277344,188.5321044921875,292.35308837890625,134.6968994140625
218.05149841308594,187.2812957763672,288.47760009765625,143.99769592285156
222.91909790039062,186.2825927734375,286.87188720703125,144.6136016845703
224.9770965576172,189.7606964111328,282.2334899902344,139.8892059326172
223.62899780273438,189.31089782714844,269.0658874511719,136.35040283203125
228.5124969482422,194.0321044921875,266.29150390625,137.15480041503906
220.0404052734375,192.16700744628906,284.0721130371094,141.71890258789062
221.67100524902344,192.50759887695312,272.3223876953125,137.23129272460938
223.53590393066406,194.9822998046875,273.2911071777344,133.20359802246094
224.29730224609375,198.24490356445312,258.360107421875,132.1114044189453
223.15589904785156,196.3820037841797,257.1286926269531,131.7126007080078
218.92010498046875,197.2238006591797,261.21099853515625,132.5561065673828
220.30880737304688,196.02999877929688,258.0098876953125,130.80690002441406
221.6282958984375,195.0933074951172,252.1772003173828,137.3614959716797
218.44219970703125,196.13519287109375,254.5908966064453,126.39579772949219
221.42080688476562,202.69129943847656,258.2974853515625,123.93789672851562
222.89370727539062,197.80690002441406,255.74310302734375,133.67019653320312
217.15480041503906,199.26939392089844,263.3865051269531,125.89679718017578
222.64869689941406,198.0500946044922,249.32470703125,129.46389770507812
221.95899963378906,195.68080139160156,251.51150512695312,134.96530151367188
214.7626953125,197.4781951904297,260.5169982910156,127.4480972290039
215.8406982421875,198.30099487304688,259.3236083984375,122.839599609375
218.7061004638672,198.87359619140625,260.04949951171875,118.22760009765625
221.34559631347656,200.51870727539062,252.47850036621094,124.55139923095703
220.57029724121094,200.3665008544922,248.27650451660156,124.80500030517578
217.3656005859375,200.085205078125,263.1708984375,121.04219818115234
218.95069885253906,201.61720275878906,255.94920349121094,118.89959716796875
221.6811981201172,200.8665008544922,250.80870056152344,126.22930145263672
217.55270385742188,198.9290008544922,261.9825134277344,129.75950622558594
216.28370666503906,201.28550720214844,262.28741455078125,126.81220245361328
218.06829833984375,202.44839477539062,262.26348876953125,122.35140228271484
222.7165985107422,200.50680541992188,255.64390563964844,129.23699951171875
220.6721954345703,205.55470275878906,250.9329071044922,120.34010314941406
221.7602996826172,202.91810607910156,255.3166046142578,114.15679931640625
222.04580688476562,200.56199645996094,261.639892578125,126.1675033569336
220.3675994873047,201.8704071044922,260.1072082519531,118.51959991455078
221.1197967529297,201.58590698242188,260.912109375,131.80740356445312
220.27789306640625,199.80810546875,255.8596954345703,124.76309967041016
220.13099670410156,205.597900390625,248.9248046875,117.72540283203125
222.58949279785156,202.0655059814453,257.4920959472656,121.0905990600586
219.48609924316406,204.40170288085938,261.735107421875,118.94519805908203
217.6584014892578,206.3697967529297,254.8874969482422,114.61119842529297
221.59750366210938,205.58189392089844,256.30120849609375,114.68280029296875
224.5216064453125,206.6134033203125,243.23500061035156,119.73100280761719
218.7852020263672,205.04100036621094,258.99951171875,121.40809631347656
218.89549255371094,205.19869995117188,254.9459991455078,121.1321029663086
220.91090393066406,204.45620727539062,251.23789978027344,126.9884033203125
218.92019653320312,209.61099243164062,247.68850708007812,119.02870178222656
219.70799255371094,206.49630737304688,253.16439819335938,116.8207015991211
220.7218017578125,209.9658966064453,254.27130126953125,107.08180236816406
220.6042022705078,208.75289916992188,255.5281982421875,102.1592025756836
227.38169860839844,209.1719970703125,241.4105987548828,101.9176025390625
223.8238983154297,207.81430053710938,245.94140625,105.64659881591797
223.57350158691406,208.74940490722656,250.6051025390625,103.99610137939453
218.8988037109375,208.96530151367188,255.56829833984375,101.72989654541016
225.7908935546875,209.0511932373047,243.79299926757812,101.90799713134766
218.58749389648438,206.90280151367188,257.11639404296875,105.67510223388672
223.5673065185547,209.22210693359375,249.37550354003906,101.2876968383789
218.3070068359375,207.0041046142578,250.97149658203125,106.21900177001953
219.60780334472656,210.3491973876953,250.51010131835938,99.0978012084961
218.3571014404297,207.3061981201172,254.09559631347656,104.720703125
218.9008026123047,209.12100219726562,255.9842071533203,107.09500122070312
217.4407958984375,210.45249938964844,258.2815856933594,99.3916015625
209.5395050048828,207.50430297851562,268.54840087890625,105.0281982421875
212.79469299316406,208.0081024169922,262.5692138671875,101.25589752197266
203.47860717773438,208.0482940673828,272.55859375,104.41410064697266
203.83779907226562,207.96270751953125,267.03790283203125,100.35070037841797
210.24249267578125,212.14920043945312,244.52020263671875,102.87470245361328
208.4949951171875,209.6396942138672,245.73629760742188,104.71600341796875
209.71510314941406,211.81390380859375,242.14869689941406,101.69599914550781
210.75340270996094,209.59910583496094,241.42550659179688,100.71730041503906
207.08399963378906,209.65530395507812,247.60890197753906,106.8927993774414
206.36509704589844,211.27369689941406,248.7509002685547,100.80590057373047
201.82150268554688,210.11399841308594,254.24639892578125,102.97779846191406
206.1282958984375,210.27139282226562,246.6009063720703,104.31120300292969
203.58160400390625,209.30430603027344,248.97889709472656,101.4884033203125
196.66110229492188,209.64939880371094,258.47491455078125,99.92649841308594
198.12210083007812,209.5070037841797,254.52980041503906,102.910400390625
194.27569580078125,211.71409606933594,254.24549865722656,97.28759765625
187.23629760742188,213.17539978027344,257.989013671875,115.9303970336914
181.8795928955078,215.97950744628906,261.98968505859375,101.53929901123047
170.6540985107422,218.22799682617188,269.3080139160156,96.08529663085938
167.95150756835938,215.04580688476562,276.4609069824219,107.82499694824219
166.34669494628906,217.783203125,270.2789001464844,99.01439666748047
162.50650024414062,216.68870544433594,277.1026916503906,102.43910217285156
158.41709899902344,213.3459930419922,282.5602111816406,118.84140014648438
156.3311004638672,213.106201171875,284.2439880371094,112.17230224609375
154.4084930419922,212.5220947265625,283.6440124511719,109.41719818115234
150.8643035888672,214.75689697265625,289.6701965332031,120.0541000366211
149.5697021484375,216.45919799804688,289.66448974609375,114.314697265625
146.85580444335938,218.59539794921875,294.0256042480469,109.78079986572266
151.08889770507812,217.04649353027344,285.2320861816406,108.4551010131836
142.93099975585938,218.77459716796875,295.0132141113281,116.0602035522461
136.47999572753906,220.14889526367188,304.88751220703125,112.98870086669922
136.73629760742188,222.36410522460938,302.093994140625,110.15730285644531
143.27090454101562,221.97259521484375,289.39190673828125,112.32820129394531
135.6038055419922,221.91270446777344,298.75970458984375,110.18280029296875
129.86959838867188,221.93380737304688,288.3033142089844,115.42109680175781
135.72439575195312,223.03970336914062,271.2250061035156,115.96440124511719
126.83779907226562,222.01409912109375,278.54290771484375,128.7574005126953
126.84230041503906,223.3029022216797,276.78460693359375,123.19349670410156
128.01370239257812,221.14370727539062,245.8907012939453,123.94120025634766
123.69429779052734,223.6551971435547,228.06109619140625,116.12660217285156
122.30110168457031,221.81460571289062,229.27679443359375,117.93699645996094
121.07769775390625,223.10830688476562,227.67930603027344,119.46260070800781
123.28160095214844,223.79100036621094,238.7884979248047,120.4104995727539
117.66169738769531,221.94720458984375,228.0052947998047,114.13880157470703
109.22039794921875,226.12860107421875,225.89390563964844,113.75430297851562
101.6144027709961,225.96319580078125,222.6154022216797,108.21369934082031
96.93900299072266,221.32350158691406,195.36599731445312,108.36250305175781
96.34459686279297,223.62789916992188,195.87440490722656,103.78910064697266
90.03669738769531,222.20370483398438,196.7357940673828,104.41539764404297
85.54319763183594,220.7751007080078,203.45799255371094,104.31529998779297
73.47309875488281,220.24620056152344,218.5579071044922,104.82740020751953
68.97319793701172,222.9705047607422,226.39720153808594,97.472900390625
64.63629913330078,220.84849548339844,226.9781036376953,99.56330108642578
67.11990356445312,222.09620666503906,220.7489013671875,92.4280014038086
68.11409759521484,222.06019592285156,217.143798828125,96.20829772949219
70.71890258789062,220.93679809570312,213.0637969970703,97.23400115966797
71.10469818115234,221.91510009765625,203.54159545898438,94.410400390625
69.30670166015625,221.61219787597656,202.44290161132812,97.52349853515625
64.94219970703125,222.80859375,208.30709838867188,96.66670227050781
60.332801818847656,225.98599243164062,221.22630310058594,98.94989776611328
59.05670166015625,225.14610290527344,237.1295928955078,102.21640014648438
59.787601470947266,226.24000549316406,265.2445983886719,103.0707015991211
55.08319854736328,228.0738983154297,280.12921142578125,100.09329986572266
52.72610092163086,227.72109985351562,282.7789001464844,105.22889709472656
48.51070022583008,229.81619262695312,291.55560302734375,105.15270233154297
50.936798095703125,229.43780517578125,287.9642028808594,109.47160339355469
45.177101135253906,234.70970153808594,293.14410400390625,91.79940032958984
45.781898498535156,233.39190673828125,290.8486022949219,100.51020050048828
47.944698333740234,235.05279541015625,261.3349914550781,91.39759826660156
43.098899841308594,237.34689331054688,242.7252960205078,92.47090148925781
52.0797004699707,236.4373016357422,226.3715057373047,90.43229675292969
46.65359878540039,239.03109741210938,229.64630126953125,89.64859771728516
41.0161018371582,237.74099731445312,240.0574951171875,93.77269744873047
42.68339920043945,239.7415008544922,238.31399536132812,98.1249008178711
38.294498443603516,241.28160095214844,241.43389892578125,88.29060363769531
33.85350036621094,243.99200439453125,246.7613067626953,93.04910278320312
45.27119827270508,241.88519287109375,236.04730224609375,94.83209991455078
41.866600036621094,243.07440185546875,239.9752960205078,92.65260314941406
35.9031982421875,245.6907958984375,246.67579650878906,90.37449645996094
48.8827018737793,244.18179321289062,239.6894989013672,86.65959930419922
45.31919860839844,241.58450317382812,242.2115020751953,96.86009979248047
50.20830154418945,241.54989624023438,235.87640380859375,94.21299743652344
48.28519821166992,243.05059814453125,238.74729919433594,93.48280334472656
50.22439956665039,241.57200622558594,234.9929962158203,90.30220031738281
43.08319854736328,239.72569274902344,242.29409790039062,96.5458984375
40.89979934692383,238.50970458984375,238.61849975585938,89.74960327148438
42.64350128173828,240.24989318847656,234.91819763183594,89.4718017578125
37.34769821166992,236.90220642089844,231.92649841308594,85.98979949951172
36.2333984375,234.2238006591797,239.07870483398438,95.21430206298828
35.58549880981445,230.7198028564453,236.64120483398438,97.08869934082031
42.379798889160156,228.70620727539062,228.22250366210938,102.49970245361328
48.557701110839844,227.29139709472656,225.16310119628906,109.07440185546875
68.45330047607422,228.12120056152344,198.43539428710938,106.4896011352539
70.02059936523438,228.0424041748047,198.45140075683594,103.29640197753906
59.78839874267578,226.58279418945312,210.61509704589844,106.54540252685547
58.524200439453125,225.7523956298828,214.62049865722656,105.02580261230469
52.7848014831543,225.42059326171875,218.552001953125,103.75360107421875
56.535301208496094,227.1667022705078,216.8695068359375,102.01529693603516
63.48970031738281,226.2263946533203,215.1002960205078,105.83589935302734
66.68329620361328,226.7689971923828,214.8433074951172,109.49849700927734
66.02179718017578,226.44400024414062,210.56239318847656,108.11070251464844
71.70809936523438,228.9884033203125,202.65269470214844,102.46910095214844
70.4613037109375,229.38450622558594,200.41610717773438,108.30120086669922
73.59609985351562,228.4741973876953,191.1396026611328,109.34719848632812
63.259498596191406,231.04859924316406,207.9239959716797,108.73609924316406
73.87979888916016,228.92750549316406,181.26649475097656,112.93440246582031
62.65729904174805,229.0305938720703,191.05490112304688,111.37879943847656
58.717899322509766,229.78640747070312,188.92010498046875,110.92980194091797
62.283599853515625,228.7418975830078,185.2626953125,112.14790344238281
60.958499908447266,228.6658935546875,186.22039794921875,110.1531982421875
57.19889831542969,226.9488983154297,191.38079833984375,113.26969909667969
56.796600341796875,228.79249572753906,190.53250122070312,113.03780364990234
64.68250274658203,228.9134979248047,181.1125030517578,111.83809661865234
58.92150115966797,230.02049255371094,195.92630004882812,109.32839965820312
56.9359016418457,228.79580688476562,196.56640625,104.26429748535156
54.84809875488281,231.44540405273438,193.38070678710938,102.10549926757812
56.677398681640625,230.43479919433594,194.6116943359375,98.83820343017578
54.42409896850586,230.5876007080078,194.80419921875,98.30169677734375
55.43479919433594,228.6475067138672,193.81170654296875,101.50270080566406
55.71659851074219,231.97369384765625,192.49920654296875,101.83930206298828
56.26169967651367,230.92250061035156,198.19940185546875,99.64959716796875
57.72959899902344,231.99009704589844,194.8623046875,95.70429992675781
57.297000885009766,231.0048065185547,191.02139282226562,95.52760314941406
57.224300384521484,231.78759765625,193.07040405273438,98.3364028930664
54.24020004272461,230.86309814453125,198.8065948486328,100.52179718017578
57.05860137939453,231.3677978515625,196.62359619140625,101.43399810791016
59.2578010559082,230.26710510253906,195.09629821777344,99.80370330810547
57.295101165771484,229.94740295410156,192.9174041748047,99.15979766845703
59.56449890136719,230.7393035888672,188.80050659179688,95.29209899902344
55.634700775146484,230.24920654296875,191.7902069091797,97.94740295410156
54.36410140991211,229.92529296875,194.59579467773438,100.44760131835938
56.00600051879883,228.2209930419922,194.37620544433594,101.78610229492188
53.44430160522461,230.6676025390625,196.22659301757812,101.00689697265625
53.12860107421875,230.13589477539062,199.7595977783203,101.68710327148438
52.959598541259766,229.66709899902344,199.1938018798828,103.2654037475586
56.8932991027832,230.1488037109375,195.95579528808594,103.6095962524414
52.94839859008789,230.52169799804688,200.16969299316406,103.45999908447266
60.06480026245117,227.54989624023438,185.1613006591797,103.16560363769531
60.96620178222656,229.63499450683594,177.60980224609375,106.0906982421875
56.96580123901367,228.5222930908203,167.91310119628906,101.48100280761719
53.234500885009766,225.7052001953125,169.1645965576172,106.32969665527344
53.00490188598633,225.29319763183594,166.30380249023438,99.4623031616211
53.29690170288086,226.66250610351562,167.1649932861328,97.87950134277344
51.797698974609375,224.71180725097656,168.3376007080078,107.8270034790039
51.60639953613281,223.25779724121094,168.91220092773438,103.44249725341797
55.207698822021484,222.12530517578125,164.95950317382812,109.6146011352539
54.830299377441406,224.89039611816406,167.0034942626953,104.37560272216797
56.60049819946289,225.2115936279297,166.95790100097656,98.44960021972656
60.81760025024414,223.33970642089844,162.04209899902344,99.47339630126953
61.72079849243164,225.88119506835938,159.22430419921875,96.47229766845703
62.89609909057617,224.4676055908203,159.81629943847656,100.04540252685547
63.17380142211914,222.67349243164062,158.21380615234375,101.69950103759766
63.33879852294922,220.49240112304688,155.90049743652344,112.55500030517578
63.1879997253418,222.8542022705078,157.69259643554688,107.72160339355469
63.02859878540039,223.7751007080078,151.33169555664062,104.11100006103516
60.907501220703125,221.27389526367188,144.21400451660156,108.1624984741211
60.20790100097656,224.24270629882812,129.78329467773438,105.21540069580078
63.03969955444336,226.34219360351562,122.18360137939453,100.89420318603516
64.49849700927734,226.5841064453125,119.66130065917969,100.1415023803711
64.4811019897461,226.92709350585938,118.8666000366211,95.94129943847656
62.287899017333984,227.63890075683594,120.23249816894531,98.14569854736328
61.04819869995117,225.97630310058594,123.63580322265625,100.33670043945312
62.299400329589844,227.6262969970703,121.42620086669922,99.46119689941406
61.28300094604492,228.2888946533203,123.05460357666016,98.48539733886719
61.40010070800781,228.30929565429688,123.20149993896484,98.8843994140625
60.07699966430664,227.5012969970703,127.96150207519531,99.04840087890625
58.7765998840332,227.47000122070312,131.10769653320312,99.42389678955078
59.917999267578125,228.46670532226562,133.5637969970703,102.53759765625
58.07659912109375,228.256103515625,140.18690490722656,99.88629913330078
59.622798919677734,227.07240295410156,139.55799865722656,101.32450103759766
62.21120071411133,226.06820678710938,138.08700561523438,102.14839935302734
58.445701599121094,225.67970275878906,143.4066925048828,105.98370361328125
56.113800048828125,225.00259399414062,148.17050170898438,101.864501953125
55.89229965209961,224.2657928466797,147.1367950439453,105.94180297851562
57.62099838256836,225.5944061279297,147.30459594726562,104.82150268554688
56.274600982666016,221.34339904785156,152.71969604492188,108.26480102539062
54.59000015258789,224.97779846191406,155.1977996826172,106.72550201416016
49.1963996887207,224.25990295410156,163.17100524902344,103.95359802246094
44.7218017578125,219.61109924316406,167.4185028076172,109.41510009765625
43.450401306152344,215.50860595703125,169.67379760742188,113.44660186767578
38.562801361083984,209.8383026123047,168.19839477539062,116.66259765625
33.68320083618164,205.31629943847656,174.2884979248047,123.92919921875
16.020099639892578,188.2624969482422,187.36529541015625,144.88150024414062
6.974999904632568,182.87469482421875,198.96209716796875,151.6282958984375
1.347599983215332,179.7971954345703,209.70089721679688,153.06869506835938
2.278599977493286,174.0388946533203,209.13479614257812,160.35879516601562
0.6139000058174133,170.6414031982422,211.27239990234375,163.96539306640625
1.284500002861023,173.70770263671875,208.99310302734375,160.52569580078125
3.370500087738037,170.585205078125,209.58030700683594,163.55650329589844
1.941499948501587,167.739501953125,203.93499755859375,169.410400390625
7.012899875640869,171.89520263671875,201.94479370117188,164.8115997314453
-2.2546000480651855,174.4315948486328,212.20809936523438,157.50830078125
3.9972000122070312,171.2310028076172,206.2606964111328,167.88119506835938
-2.1061999797821045,171.63259887695312,215.71170043945312,160.0635986328125
3.0297999382019043,169.15220642089844,208.514404296875,168.2523956298828
1.9722000360488892,171.77749633789062,212.41610717773438,163.20599365234375
-2.2088000774383545,173.73219299316406,217.0854949951172,164.66600036621094
3.591099977493286,174.49270629882812,210.781494140625,154.78970336914062
3.9414000511169434,169.6750030517578,212.4947967529297,169.45159912109375
-0.3427000045776367,168.22830200195312,221.17190551757812,166.6143035888672
-2.2497000694274902,190.95289611816406,220.08070373535156,141.5041046142578
-0.34310001134872437,183.22579956054688,214.9680938720703,153.31520080566406
-6.7270002365112305,182.79660034179688,226.64340209960938,149.6177978515625
-3.2181999683380127,185.3218994140625,217.12510681152344,145.90939331054688
-3.8055999279022217,182.21400451660156,223.64230346679688,151.51939392089844
-4.411300182342529,186.93280029296875,221.14320373535156,147.0384063720703
-3.377500057220459,185.77540588378906,222.31930541992188,147.77870178222656
-3.435699939727783,181.7104949951172,217.9093017578125,153.3538055419922
-7.881800174713135,177.82949829101562,228.87460327148438,157.93699645996094
-6.289000034332275,186.45849609375,224.47039794921875,147.0876007080078
-3.8685998916625977,182.1909942626953,225.18460083007812,153.56629943847656
0.1949000060558319,182.96730041503906,216.16600036621094,150.51170349121094
-2.3750998973846436,184.91099548339844,217.906005859375,150.32449340820312
-1.7188999652862549,185.535400390625,218.77439880371094,145.99740600585938
-5.654600143432617,185.3076934814453,225.710693359375,151.53640747070312
-3.2049999237060547,179.2904052734375,217.97239685058594,154.0074005126953
-4.641200065612793,189.62550354003906,224.97410583496094,146.12339782714844
-2.9565000534057617,186.63929748535156,215.4113006591797,145.135498046875
-3.74180006980896,182.62559509277344,222.01119995117188,151.77699279785156
-7.44950008392334,182.98779296875,224.35440063476562,150.98280334472656
-0.43959999084472656,188.71420288085938,214.5323944091797,143.2135009765625
-0.5703999996185303,184.49490356445312,216.1772003173828,151.4738006591797
0.46050000190734863,205.06410217285156,211.88710021972656,124.95030212402344
2.920099973678589,214.87559509277344,216.839599609375,113.97769927978516
-4.245200157165527,217.40310668945312,229.01010131835938,117.38520050048828
0.6680999994277954,216.0832061767578,221.2165985107422,114.71890258789062
3.831700086593628,222.86680603027344,215.42630004882812,105.59600067138672
0.7853000164031982,221.0402069091797,221.66259765625,104.65180206298828
-1.573199987411499,222.1782989501953,226.63560485839844,110.30970001220703
0.3621000051498413,222.89410400390625,222.1945037841797,107.43299865722656
4.540800094604492,219.12030029296875,222.06129455566406,110.81490325927734
3.7995998859405518,219.26519775390625,215.78799438476562,111.25550079345703
1.815999984741211,215.79359436035156,223.06370544433594,116.91069793701172
-0.9064000248908997,209.06039428710938,225.20419311523438,121.30030059814453
4.305200099945068,211.51010131835938,213.92239379882812,119.2041015625
7.857699871063232,216.3572998046875,213.21249389648438,117.10269927978516
3.644700050354004,219.63540649414062,217.4300994873047,108.38610076904297
2.6136999130249023,216.06320190429688,218.85330200195312,111.09660339355469
1.8282999992370605,218.56979370117188,219.12969970703125,112.72530364990234
11.276599884033203,219.6750946044922,209.4071044921875,107.66829681396484
7.429900169372559,219.3719940185547,210.243896484375,106.55269622802734
1.7933000326156616,216.67759704589844,221.28819274902344,113.22370147705078
-0.5947999954223633,218.49630737304688,219.11199951171875,114.9540023803711
7.7220001220703125,215.93710327148438,210.3979034423828,111.89299774169922
0.34119999408721924,217.38839721679688,222.81320190429688,113.18840026855469
-1.631500005722046,215.45150756835938,230.37339782714844,110.25559997558594
2.4686999320983887,218.0626983642578,223.75650024414062,109.70899963378906
2.5685999393463135,219.3636016845703,223.54029846191406,106.34480285644531
1.2360999584197998,218.88670349121094,230.3072052001953,103.38610076904297
5.987199783325195,226.2198944091797,222.52090454101562,102.23889923095703
10.04740047454834,224.2863006591797,222.60769653320312,96.63800048828125
10.114299774169922,227.2584991455078,225.44070434570312,98.57939910888672
13.179699897766113,226.1999053955078,220.9029998779297,97.57939910888672
13.521100044250488,227.29359436035156,218.98240661621094,93.28279876708984
9.237700462341309,228.84410095214844,226.65139770507812,94.50309753417969
13.804900169372559,227.76739501953125,224.39210510253906,98.37020111083984
13.010499954223633,227.43569946289062,225.64610290527344,98.4977035522461
15.663100242614746,230.84869384765625,221.79769897460938,98.96420288085938
18.048900604248047,228.6343994140625,223.53880310058594,97.58070373535156
12.501099586486816,232.60890197753906,228.2624969482422,97.27510070800781
15.134400367736816,230.92050170898438,228.43020629882812,98.81310272216797
15.552900314331055,230.14599609375,229.7592010498047,98.42179870605469
17.420400619506836,230.68670654296875,224.90069580078125,100.27330017089844
17.077299118041992,232.5113983154297,227.283203125,98.52950286865234
19.493099212646484,232.52529907226562,225.49400329589844,97.44239807128906
45.845401763916016,232.14559936523438,209.7510986328125,105.79219818115234
61.317501068115234,231.8177947998047,189.92959594726562,104.01959991455078
66.00330352783203,230.05459594726562,180.5428009033203,106.22149658203125
66.42890167236328,231.09649658203125,182.3961944580078,103.38179779052734
70.2822036743164,232.36410522460938,173.98170471191406,98.96050262451172
72.50430297851562,231.35760498046875,177.67340087890625,100.4188003540039
71.35540008544922,229.0614013671875,175.51919555664062,106.61650085449219
73.09380340576172,231.0341033935547,174.24000549316406,102.16529846191406
74.41120147705078,231.17520141601562,169.0655059814453,100.47650146484375
72.60900115966797,230.2209930419922,175.49859619140625,103.11150360107422
80.67980194091797,227.04710388183594,164.84039306640625,107.16429901123047
84.6250991821289,228.46290588378906,160.8332977294922,107.28520202636719
83.38839721679688,228.70579528808594,165.67129516601562,104.29389953613281
83.83180236816406,231.98069763183594,157.5894012451172,101.59380340576172
81.12030029296875,230.7967071533203,166.2324981689453,110.19969940185547
78.31279754638672,231.70030212402344,174.17539978027344,102.03510284423828
76.81300354003906,230.89010620117188,175.5511932373047,105.7655029296875
73.53369903564453,230.39630126953125,191.12600708007812,106.88629913330078
68.39659881591797,232.8717041015625,204.51170349121094,99.64959716796875
66.42890167236328,232.93389892578125,209.3289031982422,102.60820007324219
60.77180099487305,232.37429809570312,222.72189331054688,99.45349884033203
53.23649978637695,235.0323944091797,229.1053924560547,92.65840148925781
50.81060028076172,234.29420471191406,227.66229248046875,92.78130340576172
36.58359909057617,233.45919799804688,252.89700317382812,93.68830108642578
29.982999801635742,234.70159912109375,260.88018798828125,94.25779724121094
24.001100540161133,234.20449829101562,300.11639404296875,94.06880187988281
23.681499481201172,235.84890747070312,296.44439697265625,92.06710052490234
27.521400451660156,234.5675048828125,291.23040771484375,96.04219818115234
32.30619812011719,234.7541961669922,288.8251037597656,97.78800201416016
28.842599868774414,232.2447967529297,297.1029968261719,99.04660034179688
31.054500579833984,229.70950317382812,304.8888854980469,105.07720184326172
27.228900909423828,228.59559631347656,311.29449462890625,109.35759735107422
28.51689910888672,231.70559692382812,315.4169006347656,106.67919921875
43.170101165771484,230.51620483398438,293.1628112792969,101.83480072021484
50.59769821166992,231.38619995117188,285.3305969238281,102.04769897460938
44.628299713134766,227.35609436035156,294.9424133300781,109.22229766845703
54.297698974609375,225.9844970703125,277.5498046875,105.0824966430664
46.92879867553711,225.25830078125,292.05621337890625,106.12640380859375
47.34659957885742,226.0634002685547,291.5837097167969,102.03600311279297
44.7504997253418,224.64700317382812,295.2821044921875,100.82849884033203
43.182098388671875,224.37710571289062,300.82501220703125,100.07499694824219
39.5806999206543,223.01339721679688,303.5766906738281,104.03990173339844
50.469398498535156,225.40980529785156,291.4728088378906,101.3364028930664
44.011199951171875,223.69070434570312,294.5745849609375,103.55909729003906
52.108699798583984,225.02000427246094,287.05731201171875,101.23040008544922
44.02949905395508,225.08489990234375,288.87908935546875,100.98190307617188
55.425899505615234,223.64520263671875,281.8219909667969,104.39330291748047
56.37480163574219,225.55149841308594,277.9267883300781,103.74960327148438
63.61130142211914,229.5413055419922,272.2615051269531,103.40229797363281
53.113399505615234,229.9403076171875,278.50189208984375,103.45050048828125
59.01490020751953,229.5290069580078,279.6335144042969,97.96050262451172
51.026100158691406,234.3654022216797,285.73480224609375,94.28140258789062
47.32109832763672,228.5634002685547,293.143798828125,104.92359924316406
53.93239974975586,228.76409912109375,289.55511474609375,106.0613021850586
62.44820022583008,231.7982940673828,277.1449890136719,99.58470153808594
58.95940017700195,232.05169677734375,282.202392578125,96.40380096435547
59.89070129394531,232.0579071044922,281.04010009765625,95.66549682617188
68.10060119628906,233.4906005859375,273.5613098144531,94.91609954833984
86.41010284423828,232.80079650878906,259.3172912597656,99.84320068359375
99.27880096435547,230.6392059326172,243.6439971923828,97.34510040283203
93.73780059814453,233.62989807128906,247.97909545898438,101.44750213623047
93.07879638671875,232.6956024169922,252.94859313964844,98.48629760742188
90.92160034179688,234.2001953125,258.3900146484375,94.7759017944336
92.54049682617188,229.97500610351562,262.50390625,107.28679656982422
99.02320098876953,226.6717987060547,255.9925994873047,102.83429718017578
104.80780029296875,228.43629455566406,258.9783935546875,105.32319641113281
101.5781021118164,232.7006072998047,262.3999938964844,99.01360321044922
85.877197265625,236.9947052001953,276.2869873046875,96.47119903564453
84.5427017211914,237.51390075683594,271.3164978027344,92.31220245361328
93.0770034790039,235.79969787597656,270.41339111328125,96.42970275878906
106.08080291748047,233.02259826660156,260.16619873046875,98.4926986694336
130.9792938232422,232.2863006591797,237.80889892578125,105.4198989868164
133.95339965820312,228.73770141601562,240.44580078125,115.12860107421875
128.1240997314453,233.86990356445312,253.20730590820312,96.68579864501953
129.20889282226562,232.0980987548828,253.3704071044922,107.31939697265625
130.08770751953125,233.539306640625,251.27340698242188,109.7677993774414
134.00250244140625,238.1011962890625,233.3031005859375,106.92549896240234
137.63180541992188,240.33050537109375,209.28390502929688,93.41649627685547
161.85629272460938,226.52810668945312,247.67230224609375,112.04419708251953
152.4001007080078,228.252197265625,262.35980224609375,103.00279998779297
158.60940551757812,225.87530517578125,262.3414001464844,120.58159637451172
162.85760498046875,217.01910400390625,264.0643005371094,111.24210357666016
162.00779724121094,218.50469970703125,274.8193054199219,102.27629852294922
159.43280029296875,222.33230590820312,272.12701416015625,90.16719818115234
161.9967041015625,221.3970947265625,272.5024108886719,101.21540069580078
158.74879455566406,220.57919311523438,280.3818054199219,92.51110076904297
162.57960510253906,221.8657989501953,273.79150390625,94.73989868164062
161.9781951904297,216.8354034423828,273.6466979980469,113.61180114746094
165.21640014648438,215.3477020263672,275.5574951171875,114.37860107421875
161.58770751953125,217.87969970703125,271.49798583984375,117.49130249023438
155.23240661621094,215.2628936767578,281.4255065917969,124.23970031738281
165.73910522460938,216.8585968017578,274.3760986328125,122.40190124511719
165.35830688476562,216.84689331054688,280.2831115722656,118.27870178222656
164.74209594726562,215.9761962890625,280.4617004394531,115.93109893798828
163.10690307617188,219.37579345703125,279.7549133300781,123.20349884033203
166.10609436035156,218.06619262695312,283.25628662109375,119.97869873046875
171.81069946289062,219.23260498046875,282.21630859375,124.00330352783203
176.17860412597656,211.07699584960938,290.45001220703125,137.41549682617188
184.14700317382812,211.1772003173828,284.5505065917969,140.17770385742188
198.193603515625,213.72760009765625,271.4154968261719,135.35659790039062
220.89849853515625,213.05670166015625,255.625,136.9821014404297
237.5157012939453,205.3784942626953,255.06930541992188,142.34469604492188
239.93080139160156,213.36810302734375,251.44500732421875,138.33090209960938
260.7699890136719,214.39320373535156,224.65530395507812,127.08360290527344
273.3559875488281,219.91250610351562,219.2967987060547,99.06089782714844
279.83099365234375,218.2628936767578,216.0843048095703,104.9010009765625
274.3175964355469,215.527099609375,229.5915069580078,113.35079956054688
291.5456848144531,214.23550415039062,218.47950744628906,97.85389709472656
283.4551086425781,209.85890197753906,231.75880432128906,115.46219635009766
292.6129150390625,206.06820678710938,228.60159301757812,105.42720031738281
310.5433044433594,202.1855010986328,200.8905029296875,118.35890197753906
314.3265075683594,198.5635986328125,199.6230010986328,118.59629821777344
314.8514099121094,193.7852020263672,197.76170349121094,125.46379852294922
316.1087951660156,200.59629821777344,189.51400756835938,113.45379638671875
320.0331115722656,201.94219970703125,180.1425018310547,113.11150360107422
317.037109375,202.3070068359375,179.381103515625,111.90840148925781
317.5633850097656,204.4250946044922,180.7718963623047,105.91110229492188
316.34161376953125,207.76699829101562,182.53160095214844,101.75050354003906
316.9171142578125,207.6414031982422,180.93130493164062,101.6937026977539
320.07379150390625,205.64419555664062,184.2530059814453,104.5551986694336
322.8929138183594,205.46080017089844,179.87950134277344,105.10639953613281
320.6258850097656,206.39329528808594,181.54010009765625,103.86260223388672
317.8891906738281,206.06199645996094,184.82659912109375,105.58619689941406
317.1669921875,208.7686004638672,186.4801025390625,104.4166030883789
325.0976867675781,208.00289916992188,179.0469970703125,105.51319885253906
326.58270263671875,208.189697265625,183.12399291992188,105.4302978515625
336.9128112792969,208.46710205078125,170.32510375976562,103.34600067138672
333.3013000488281,207.94729614257812,175.6262969970703,102.47799682617188
337.25360107421875,210.57269287109375,170.52560424804688,102.38970184326172
337.94549560546875,209.8267059326172,167.70050048828125,101.7322998046875
331.3861999511719,211.93569946289062,173.3238983154297,101.95919799804688
339.0889892578125,215.65460205078125,167.59109497070312,99.74299621582031
348.63958740234375,212.26119995117188,157.45440673828125,104.61139678955078
352.6181945800781,214.47500610351562,150.6009063720703,103.92859649658203
354.7818908691406,215.57760620117188,145.2133026123047,97.82379913330078
348.8794860839844,212.8997039794922,151.23410034179688,107.6176986694336
349.5033874511719,211.68569946289062,152.1466064453125,111.37079620361328
347.8030090332031,216.61929321289062,157.43310546875,105.4834976196289
348.2099914550781,212.97860717773438,155.68060302734375,104.8009033203125
347.1463928222656,212.5666961669922,158.08160400390625,114.9093017578125
353.6712951660156,213.5637969970703,151.12550354003906,107.63569641113281
352.6164855957031,213.6573944091797,154.7808074951172,106.65460205078125
354.01080322265625,216.06900024414062,154.7877960205078,104.84210205078125
354.8821105957031,214.59759521484375,155.09280395507812,103.6082992553711
352.7372131347656,215.21319580078125,154.69180297851562,107.68789672851562
354.4861145019531,211.7960968017578,152.76040649414062,111.59020233154297
368.99359130859375,210.8686981201172,139.125,122.67569732666016
365.62200927734375,210.22210693359375,138.31910705566406,125.72419738769531
369.8843078613281,210.3135986328125,131.50160217285156,124.63379669189453
367.898193359375,211.44259643554688,132.33389282226562,126.00900268554688
371.2037048339844,205.78610229492188,125.53800201416016,135.2440948486328
369.8721008300781,215.77430725097656,125.51750183105469,116.93779754638672
372.96038818359375,216.27430725097656,123.42430114746094,110.53230285644531
370.0492858886719,217.44949340820312,131.15139770507812,112.29900360107422
371.83758544921875,213.62570190429688,127.09259796142578,121.74359893798828
373.9525146484375,213.37600708007812,127.08660125732422,128.44650268554688
374.64410400390625,220.35670471191406,127.50599670410156,103.47760009765625
374.65850830078125,220.0771026611328,127.152099609375,105.97429656982422
373.7677917480469,220.37049865722656,128.70370483398438,98.50160217285156
374.32440185546875,223.1450958251953,131.05569458007812,101.56719970703125
370.75738525390625,218.04449462890625,135.99490356445312,108.69960021972656
376.8070068359375,218.66490173339844,131.4967041015625,103.12200164794922
375.86090087890625,218.94259643554688,134.82290649414062,104.97599792480469
379.8554992675781,219.6085968017578,131.44419860839844,102.01589965820312
377.9421081542969,216.27059936523438,136.57440185546875,105.7177963256836
377.64019775390625,214.67669677734375,135.80459594726562,108.20149993896484
377.5174865722656,217.4833984375,135.17539978027344,105.13800048828125
380.96630859375,215.7218017578125,131.6916046142578,107.9968032836914
379.6719970703125,212.4875030517578,133.49960327148438,113.53109741210938
381.9154052734375,210.17140197753906,128.45579528808594,119.981201171875
383.852294921875,204.35110473632812,124.43550109863281,130.8437957763672
385.66351318359375,209.81959533691406,126.26339721679688,129.31080627441406
386.66461181640625,210.7613067626953,130.82589721679688,119.41519927978516
391.0736083984375,206.9770965576172,124.9312973022461,139.3249969482422
391.193115234375,207.4055938720703,130.80320739746094,129.63949584960938
392.3866882324219,206.027099609375,134.30459594726562,127.77950286865234
395.39068603515625,204.423095703125,135.2136993408203,124.7571029663086
393.7676086425781,204.1002960205078,143.33309936523438,121.67230224609375
394.1177978515625,200.77520751953125,144.64450073242188,122.53610229492188
395.98809814453125,199.80810546875,143.87969970703125,118.5105972290039
396.73541259765625,197.54449462890625,145.6403045654297,123.16010284423828
396.6513977050781,192.72869873046875,147.85960388183594,135.78680419921875
397.7532958984375,192.5915069580078,149.131103515625,131.09849548339844
397.4903869628906,189.9375,144.8603057861328,135.0666046142578
396.11920166015625,192.32420349121094,150.37339782714844,128.35589599609375
400.20098876953125,194.602294921875,142.97250366210938,126.6135025024414
394.9862060546875,191.97560119628906,153.43280029296875,130.71690368652344
394.3768005371094,187.0034942626953,161.5131072998047,134.97940063476562
395.43450927734375,190.46209716796875,166.63690185546875,132.71429443359375
392.5231018066406,186.78599548339844,172.076904296875,124.15750122070312
390.7773132324219,187.2855987548828,174.28370666503906,120.17410278320312
391.07720947265625,186.8386993408203,173.6593017578125,119.47129821777344
391.5530090332031,187.95530700683594,174.85690307617188,119.86090087890625
392.85760498046875,188.0749969482422,175.88400268554688,117.3052978515625
393.31988525390625,187.94740295410156,175.2729034423828,117.22200012207031
390.74688720703125,187.34190368652344,184.4530029296875,117.49600219726562
397.7637939453125,188.7386016845703,175.722900390625,116.66210174560547
395.77130126953125,190.4799041748047,177.54100036621094,113.7029037475586
402.3883972167969,190.84629821777344,172.03599548339844,111.34719848632812
403.8534851074219,191.9210968017578,166.88540649414062,111.29730224609375
404.0387878417969,187.06900024414062,173.62539672851562,118.23789978027344
406.84210205078125,183.6938018798828,173.86990356445312,121.96649932861328
407.74749755859375,186.10769653320312,172.3769073486328,120.6572036743164
406.4292907714844,182.1759033203125,177.8647003173828,124.60469818115234
405.9130859375,183.6472930908203,183.5487060546875,123.45980072021484
409.0255126953125,176.8135986328125,181.61940002441406,134.35789489746094
420.4684143066406,186.36819458007812,164.92520141601562,122.02310180664062
422.11590576171875,191.56329345703125,162.2454071044922,113.07420349121094
424.7441101074219,189.65769958496094,160.76710510253906,114.59149932861328
428.1034851074219,183.6011962890625,155.19960021972656,123.64250183105469
428.1228942871094,186.4467010498047,152.4326934814453,122.96499633789062
427.1697998046875,185.88999938964844,154.3397979736328,121.57469940185547
435.46258544921875,184.78269958496094,142.9477996826172,123.24490356445312
432.0776062011719,185.15660095214844,151.90980529785156,121.88690185546875
430.17449951171875,185.15550231933594,153.82879638671875,121.23320007324219
434.6517028808594,185.01390075683594,149.5926055908203,120.99579620361328
434.1415100097656,187.43260192871094,147.1519012451172,117.072998046875
431.0436096191406,186.5615997314453,151.9281005859375,119.32430267333984
433.0397033691406,185.65809631347656,149.0211944580078,118.92040252685547
431.80169677734375,186.264404296875,149.92320251464844,117.68440246582031
428.8523864746094,188.22030639648438,156.8157958984375,118.25589752197266
429.57958984375,184.3623046875,156.85850524902344,121.8656005859375
451.9587097167969,180.65049743652344,160.26950073242188,134.0727996826172
448.9914855957031,159.4149932861328,184.002197265625,152.0325927734375
469.4363098144531,156.29190063476562,161.16729736328125,153.0876007080078
479.9877014160156,154.74729919433594,149.62469482421875,125.52050018310547
470.6788024902344,153.09249877929688,157.63040161132812,108.45960235595703
453.0060119628906,152.40460205078125,179.62530517578125,110.85369873046875
454.93231201171875,151.78770446777344,179.8455047607422,105.92859649658203
457.3548889160156,152.78269958496094,175.7677001953125,102.0552978515625
460.6382141113281,151.1112060546875,172.42239379882812,95.0781021118164
451.9941101074219,156.91050720214844,182.3634033203125,87.65180206298828
454.1994934082031,157.43460083007812,181.3135986328125,89.09300231933594
454.8583984375,154.95590209960938,176.08619689941406,94.27130126953125
457.83489990234375,156.37159729003906,174.24330139160156,92.36740112304688
453.4119873046875,155.49049377441406,178.75100708007812,91.6707992553711
452.10540771484375,158.31849670410156,182.3282928466797,84.83370208740234
454.5050964355469,158.16400146484375,179.50250244140625,98.41439819335938
462.5267028808594,157.84010314941406,169.898193359375,92.88150024414062
465.154296875,154.45989990234375,167.71279907226562,89.14350128173828
482.6673889160156,154.34140014648438,147.8114013671875,75.91619873046875
482.2737121582031,154.80520629882812,149.273193359375,70.49230194091797
470.50738525390625,153.6623992919922,164.91720581054688,80.2042007446289
470.35589599609375,154.96209716796875,168.51100158691406,76.18689727783203
462.9526062011719,155.74159240722656,176.31640625,74.99579620361328
452.3411865234375,156.46690368652344,185.3376007080078,79.01170349121094
452.0556945800781,157.7301025390625,182.735107421875,78.27980041503906
460.03179931640625,157.2209930419922,171.21560668945312,71.0656967163086
451.3456115722656,156.35809326171875,181.35789489746094,83.818603515625
462.4986877441406,155.64239501953125,168.19700622558594,83.92420196533203
457.6619873046875,156.37840270996094,174.04710388183594,83.33480072021484
464.47979736328125,156.20050048828125,168.63299560546875,82.72589874267578
466.5209045410156,155.13470458984375,169.2884979248047,77.06069946289062
458.9346008300781,156.1195068359375,177.08670043945312,71.21659851074219
456.48388671875,156.88189697265625,175.9801025390625,69.95829772949219
455.3630065917969,156.64089965820312,179.7657928466797,70.8604965209961
462.4473876953125,156.4228973388672,170.08470153808594,69.2750015258789
461.5039978027344,156.9705047607422,169.92959594726562,74.68049621582031
459.4906005859375,157.1298065185547,172.94529724121094,77.2865982055664
464.17010498046875,156.0574951171875,169.6343994140625,77.05149841308594
466.6160888671875,157.70570373535156,172.46380615234375,68.80829620361328
476.189208984375,155.6407012939453,166.02609252929688,72.83689880371094
474.5793151855469,155.4167938232422,166.79330444335938,71.33899688720703
469.1195068359375,155.4066925048828,172.30589294433594,73.7571029663086
479.54180908203125,154.2751007080078,160.4346923828125,76.9614028930664
463.6498107910156,157.03790283203125,175.4116973876953,67.64179992675781
465.5177001953125,156.5301971435547,179.5373992919922,71.42410278320312
459.6579895019531,158.02139282226562,175.27960205078125,68.50830078125
460.4595947265625,157.32130432128906,173.5009002685547,70.6886978149414
462.72198486328125,156.28790283203125,170.406494140625,85.4115982055664
464.8109130859375,157.37559509277344,166.1356964111328,71.74949645996094
469.1878967285156,155.29969787597656,167.3365936279297,73.80259704589844
464.1991882324219,154.2993927001953,179.22500610351562,73.18910217285156
467.2720031738281,155.1667022705078,174.54010009765625,74.35710144042969
465.8660888671875,155.0605010986328,173.2436065673828,75.30229949951172
466.6708068847656,155.5010986328125,174.4040985107422,77.2343978881836
470.6044921875,154.94439697265625,167.42010498046875,71.81559753417969
465.6236877441406,155.5135040283203,175.4810028076172,76.16089630126953
464.6957092285156,155.6909942626953,172.8946075439453,71.73729705810547
463.0179138183594,155.15249633789062,175.14920043945312,75.8823013305664
462.9368896484375,156.5697021484375,179.45730590820312,66.91539764404297
465.2513122558594,156.74290466308594,173.74240112304688,66.22760009765625
466.0506896972656,155.72250366210938,171.7736053466797,68.95590209960938
463.3163146972656,155.5659942626953,175.95460510253906,67.06950378417969
461.5871887207031,154.847900390625,179.6522979736328,72.95020294189453
465.677490234375,154.69859313964844,175.63409423828125,70.92359924316406
464.80841064453125,154.62969970703125,177.47860717773438,74.41120147705078
468.9984130859375,154.8282012939453,164.4113006591797,70.85549926757812
461.1130065917969,155.86300659179688,173.9976043701172,73.07479858398438
459.53338623046875,155.75010681152344,178.06790161132812,74.29879760742188
463.4768981933594,155.92730712890625,172.593505859375,70.51229858398438
464.40771484375,155.95399475097656,169.6168975830078,69.43440246582031
466.0172119140625,155.84359741210938,166.69070434570312,70.31060028076172
463.62890625,155.2584991455078,168.41940307617188,72.22730255126953
470.1203918457031,154.47129821777344,161.05990600585938,69.9854965209961
467.6337890625,154.3408966064453,165.44839477539062,69.52079772949219
462.1874084472656,155.2572021484375,175.85740661621094,69.62329864501953
469.0263977050781,154.2917938232422,166.21839904785156,76.24349975585938
468.94610595703125,154.4477996826172,168.7779998779297,70.17880249023438
466.98590087890625,154.8065948486328,169.67140197753906,70.92350006103516
466.33740234375,155.9857940673828,169.09060668945312,71.43229675292969
472.0127868652344,155.2635040283203,163.64259338378906,69.99639892578125
464.539306640625,156.23379516601562,174.74029541015625,71.55370330810547
465.3194885253906,156.05130004882812,175.19920349121094,71.1344985961914
460.2654113769531,156.42520141601562,177.3509063720703,71.68080139160156
464.13861083984375,155.98080444335938,175.2902069091797,71.50180053710938
466.54998779296875,155.90609741210938,173.5323028564453,68.7406005859375
463.1484069824219,155.43899536132812,175.56719970703125,73.09300231933594
467.87750244140625,154.83729553222656,170.07620239257812,70.30699920654297
467.0893859863281,155.2404022216797,170.90109252929688,67.35209655761719
458.6924133300781,155.47869873046875,179.6392059326172,73.20829772949219
459.81298828125,154.96929931640625,178.8184051513672,76.30010223388672
459.7585144042969,156.06109619140625,180.86390686035156,71.91690063476562
464.7752990722656,156.23959350585938,172.89930725097656,71.65750122070312
465.6702880859375,155.6652069091797,170.202392578125,70.78359985351562
467.23388671875,155.2122039794922,167.95880126953125,71.14209747314453
457.43280029296875,156.1363067626953,179.2615966796875,73.03060150146484
467.5456848144531,156.35279846191406,166.45469665527344,68.60489654541016
464.9053955078125,155.7205047607422,170.5269012451172,69.99530029296875
467.5633850097656,155.7010040283203,168.99729919433594,71.0167007446289
460.47711181640625,156.6739959716797,177.53709411621094,74.37519836425781
464.0028076171875,156.6656036376953,172.5272979736328,70.96279907226562
456.98980712890625,156.79110717773438,181.89340209960938,73.04740142822266
463.53131103515625,156.52699279785156,169.17909240722656,73.16909790039062
466.5195007324219,155.71180725097656,164.36729431152344,71.29280090332031
465.0024108886719,155.5688934326172,169.38040161132812,72.37809753417969
465.7986145019531,155.7805938720703,171.53399658203125,71.93440246582031
470.0567932128906,155.6251983642578,166.41009521484375,70.947998046875
464.1966857910156,155.89959716796875,175.2823944091797,69.3406982421875
469.9747009277344,155.19740295410156,164.84640502929688,69.9541015625
463.7372131347656,155.4969024658203,169.78570556640625,72.25460052490234
455.55450439453125,155.73959350585938,180.2126007080078,72.42639923095703
453.07391357421875,155.59689331054688,182.55819702148438,75.6072006225586
452.6705017089844,155.37399291992188,182.2436981201172,78.46900177001953
460.7181091308594,155.0321044921875,172.16380310058594,84.22789764404297
459.26580810546875,155.31829833984375,173.84950256347656,76.4625015258789
457.6080017089844,156.06309509277344,177.09959411621094,72.23359680175781
462.13690185546875,156.30130004882812,173.51339721679688,74.59140014648438
473.2528991699219,156.13099670410156,161.6929931640625,73.84159851074219
470.64019775390625,155.8585968017578,167.96310424804688,74.7333984375
475.2359924316406,154.48489379882812,162.40249633789062,74.01020050048828
472.6841125488281,155.60890197753906,167.59930419921875,74.45549774169922
469.118896484375,154.40040588378906,169.1927032470703,76.8949966430664
474.4634094238281,154.9658966064453,160.06919860839844,72.1083984375
463.75439453125,155.1416015625,172.86509704589844,77.34439849853516
465.99249267578125,153.7772979736328,170.18260192871094,80.61109924316406
466.1596984863281,153.97340393066406,171.02890014648438,76.39820098876953
469.3362121582031,153.01829528808594,167.96859741210938,86.1417007446289
471.1343078613281,152.39669799804688,162.76429748535156,86.24349975585938
473.9175109863281,153.0142059326172,160.8625030517578,77.17549896240234
474.7974853515625,153.29640197753906,163.0124053955078,83.31289672851562
469.8277893066406,154.39439392089844,166.68649291992188,73.16000366210938
464.3161926269531,155.33670043945312,177.59030151367188,70.4291000366211
469.3584899902344,155.54769897460938,168.42529296875,69.52629852294922
464.0071105957031,156.58360290527344,170.08670043945312,69.29019927978516
464.4142150878906,156.86749267578125,169.9322052001953,70.14289855957031
468.05938720703125,157.11050415039062,169.3489990234375,68.25779724121094
463.60650634765625,156.57240295410156,174.31080627441406,67.13200378417969
463.7605895996094,156.12469482421875,171.7480926513672,72.64620208740234
463.72900390625,156.1999969482422,176.42880249023438,70.63899993896484
469.6029052734375,155.70660400390625,168.1479949951172,72.30149841308594
467.76519775390625,155.60899353027344,170.57229614257812,72.19629669189453
470.11871337890625,154.17970275878906,169.4613037109375,75.34600067138672
467.6234130859375,154.23899841308594,175.96099853515625,73.62339782714844
468.11248779296875,154.56430053710938,170.7239990234375,74.80169677734375
467.8608093261719,154.5301971435547,171.69020080566406,72.02259826660156
463.87030029296875,155.71820068359375,176.33419799804688,70.214599609375
460.88031005859375,156.06080627441406,179.48049926757812,71.51370239257812
467.9090881347656,155.63650512695312,168.4958038330078,69.38469696044922
458.9892883300781,156.20199584960938,179.40240478515625,71.70719909667969
465.0542907714844,155.62130737304688,168.16990661621094,71.39430236816406
466.0259094238281,154.9040069580078,169.46719360351562,72.46880340576172
467.01458740234375,155.8040008544922,169.94349670410156,69.25759887695312
460.5335998535156,154.78819274902344,177.3083038330078,71.84719848632812
462.5346984863281,155.76600646972656,174.8302001953125,70.42070007324219
463.26458740234375,155.2720947265625,175.83740234375,72.07740020751953
466.26959228515625,156.1595001220703,173.1627960205078,69.63510131835938
462.71160888671875,155.8115997314453,175.80540466308594,69.72740173339844
462.156494140625,156.23519897460938,177.52099609375,69.6178970336914
461.56878662109375,156.94850158691406,178.1446990966797,68.13719940185547
466.4276123046875,157.22349548339844,170.3668975830078,65.39140319824219
460.3984069824219,157.33909606933594,177.70700073242188,66.46769714355469
457.1759948730469,157.78500366210938,185.36700439453125,67.418701171875
458.8290100097656,156.1750030517578,183.39210510253906,72.03959655761719
463.4287109375,156.17579650878906,177.19639587402344,70.17739868164062
461.8785095214844,155.2946014404297,178.4091033935547,69.78019714355469
461.2314147949219,155.4365997314453,176.0596923828125,69.78399658203125
458.28369140625,155.6060028076172,178.58709716796875,72.03340148925781
461.5552062988281,155.0186004638672,170.27239990234375,71.68229675292969
459.9461975097656,155.4530029296875,180.43800354003906,70.12059783935547
455.0443115234375,155.97189331054688,188.31289672851562,71.68119812011719
457.3196105957031,156.45489501953125,185.86380004882812,69.21739959716797
460.23150634765625,154.9635009765625,180.0133056640625,75.72470092773438
464.6932067871094,155.62159729003906,174.14520263671875,73.9176025390625
462.4248962402344,156.7451934814453,174.3428955078125,69.35600280761719
461.7703857421875,156.21290588378906,174.45150756835938,71.53489685058594
460.51190185546875,155.60360717773438,175.84759521484375,75.6760025024414
457.6429138183594,155.8282928466797,178.2615966796875,76.79029846191406
461.6460876464844,156.18190002441406,172.11659240722656,70.5115966796875
462.8149108886719,155.48699951171875,171.52699279785156,69.6365966796875
461.9193115234375,155.25430297851562,171.7427978515625,75.53790283203125
459.4574890136719,155.53280639648438,173.53089904785156,73.60910034179688
458.6861877441406,154.69189453125,171.84449768066406,80.92009735107422
460.043212890625,154.7886962890625,173.21730041503906,78.19580078125
458.5011901855469,154.00250244140625,176.39430236816406,79.56189727783203
461.4645080566406,154.2406005859375,172.0531005859375,78.4999008178711
462.78851318359375,155.75680541992188,168.7801055908203,73.87830352783203
463.53350830078125,156.05380249023438,172.26559448242188,70.74019622802734
467.21661376953125,156.01119995117188,167.02969360351562,68.80709838867188
462.7301025390625,156.01400756835938,172.88839721679688,71.95040130615234
470.8140869140625,154.26840209960938,161.96200561523438,72.22679901123047
467.0546875,155.09449768066406,167.1717071533203,69.84369659423828
461.38140869140625,156.4803924560547,174.03269958496094,66.99700164794922
457.28228759765625,155.08509826660156,177.83399963378906,75.64420318603516
454.17779541015625,155.36849975585938,181.9763946533203,78.40660095214844
461.52398681640625,155.345703125,172.29119873046875,81.31400299072266
466.72088623046875,154.5489959716797,166.66090393066406,83.1343002319336
464.827392578125,153.914794921875,172.45289611816406,83.72630310058594
464.5621032714844,154.3040008544922,171.2165985107422,77.48729705810547
470.4368896484375,154.98500061035156,166.04969787597656,76.62149810791016
459.0592041015625,156.8217010498047,180.4680938720703,70.84329986572266
462.8102111816406,156.12989807128906,173.2563934326172,73.63760375976562
466.55718994140625,155.2886962890625,168.4355010986328,73.3395004272461
466.7095031738281,155.82989501953125,168.4571990966797,72.07009887695312
462.0972900390625,155.93099975585938,174.3769989013672,71.17220306396484
463.83489990234375,156.0727996826172,173.69729614257812,68.59490203857422
461.7416076660156,156.08230590820312,176.0760040283203,71.2488021850586
460.29779052734375,156.18150329589844,179.29769897460938,73.4197998046875
460.7438049316406,156.73280334472656,178.59730529785156,69.87449645996094
462.9718017578125,155.21290588378906,173.7476043701172,71.87239837646484
465.7862854003906,155.28590393066406,169.1529998779297,71.5354995727539
461.468994140625,154.6457061767578,173.264404296875,78.71309661865234
455.97088623046875,155.94020080566406,183.1221923828125,71.9103012084961
460.3163146972656,154.67919921875,175.02139282226562,73.08679962158203
464.6689147949219,154.66819763183594,168.2218017578125,70.25599670410156
467.6007080078125,154.7657012939453,164.69979858398438,68.17320251464844
463.5474853515625,154.84800720214844,169.80569458007812,68.49089813232422
455.6867980957031,155.41619873046875,179.06910705566406,71.1958999633789
462.3445129394531,154.16749572753906,173.44650268554688,76.04019927978516
461.3312072753906,154.05799865722656,175.05520629882812,76.5425033569336
467.434814453125,154.45230102539062,166.70449829101562,70.25679779052734
465.0643005371094,155.3365020751953,169.6396942138672,67.96659851074219
458.37548828125,155.40989685058594,182.00100708007812,71.53050231933594
459.1951904296875,154.5762939453125,178.63690185546875,70.47229766845703
460.3205871582031,153.8842010498047,176.84759521484375,71.74299621582031
462.8500061035156,154.03399658203125,173.43820190429688,71.5103988647461
462.160888671875,154.15570068359375,174.69619750976562,69.6176986694336
457.38128662109375,154.28759765625,180.23779296875,71.49849700927734
462.3193054199219,153.61399841308594,175.25729370117188,70.86740112304688
458.1048889160156,153.36050415039062,178.8834991455078,74.98169708251953
457.5105895996094,153.3636932373047,180.98080444335938,71.41940307617188
457.7596130371094,153.41529846191406,178.43820190429688,72.59300231933594
456.6343994140625,153.47579956054688,178.3173065185547,76.44190216064453
459.58551025390625,154.10400390625,175.7021026611328,80.67980194091797
462.0852966308594,153.9947052001953,173.21539306640625,77.80069732666016
465.3059997558594,155.085205078125,171.12890625,71.07440185546875
455.9975891113281,155.9846954345703,180.63510131835938,69.62550354003906
462.4761047363281,155.22219848632812,172.6573944091797,69.91470336914062
457.4513854980469,154.48069763183594,181.12159729003906,79.58529663085938
463.5320129394531,153.3404998779297,175.32569885253906,82.72440338134766
467.2161865234375,151.5908966064453,170.60879516601562,78.56439971923828
455.64898681640625,153.38479614257812,181.47610473632812,72.81340026855469
457.24169921875,154.05810546875,179.01589965820312,71.68160247802734
457.8481140136719,154.2957000732422,176.88510131835938,70.5374984741211
456.894287109375,154.50880432128906,174.82640075683594,72.46309661865234
453.3634033203125,155.3148956298828,180.2427978515625,66.24459838867188
454.6805114746094,154.13119506835938,176.49420166015625,70.12699890136719
456.3030090332031,153.91079711914062,177.6217041015625,70.0509033203125
460.4888916015625,154.27589416503906,177.9145050048828,70.8832015991211
459.3811950683594,153.49000549316406,177.63580322265625,74.84030151367188
458.0361022949219,155.0305938720703,179.60769653320312,74.06759643554688
462.349609375,154.58070373535156,173.01809692382812,74.18579864501953
462.685302734375,155.0659942626953,171.85519409179688,72.03269958496094
462.7518005371094,155.28160095214844,173.0706024169922,65.99009704589844
