1
739.7722778320312,213.90960693359375,217.28990173339844,147.38450622558594
740.330322265625,217.45339965820312,216.1118927001953,135.01759338378906
733.3577880859375,215.30709838867188,225.29379272460938,137.32699584960938
727.2340087890625,215.68649291992188,230.7052001953125,130.77479553222656
726.786376953125,218.3090057373047,232.72760009765625,131.37899780273438
725.2969970703125,218.7071990966797,234.00149536132812,125.04499816894531
720.3563842773438,221.5926055908203,242.18170166015625,117.40270233154297
715.1757202148438,219.88490295410156,246.1396942138672,117.6498031616211
717.5745239257812,220.61810302734375,241.60980224609375,133.3488006591797
715.8936157226562,218.37680053710938,235.95269775390625,122.61650085449219
718.0651245117188,215.73890686035156,233.2093048095703,145.6094970703125
715.3947143554688,218.3769073486328,233.9178924560547,149.0937957763672
723.3182983398438,220.14219665527344,204.76220703125,131.58070373535156
718.8635864257812,226.13290405273438,210.28599548339844,97.98809814453125
710.4600219726562,228.5605926513672,203.61590576171875,95.09239959716797
713.4221801757812,224.49940490722656,203.97799682617188,100.45500183105469
714.9077758789062,225.7987060546875,202.7335968017578,97.53959655761719
706.0421752929688,226.6363983154297,213.59629821777344,97.22740173339844
707.275390625,227.37130737304688,187.41029357910156,90.80760192871094
702.9957885742188,229.23379516601562,189.8112030029297,96.40519714355469
709.309814453125,226.80630493164062,185.2559051513672,105.96739959716797
710.41552734375,225.0823974609375,178.87640380859375,109.87850189208984
711.760986328125,222.41690063476562,174.6750030517578,112.64900207519531
707.3676147460938,224.86959838867188,181.29159545898438,100.7385025024414
705.9022216796875,225.7908935546875,180.86309814453125,100.21520233154297
707.1983032226562,226.41700744628906,175.67880249023438,98.45179748535156
706.661376953125,225.05810546875,176.218505859375,99.53410339355469
703.1956176757812,225.44960021972656,182.935302734375,97.80509948730469
705.5181884765625,224.87510681152344,181.2563934326172,107.37850189208984
719.0750122070312,228.24630737304688,162.793701171875,100.0718002319336
705.1929931640625,226.4145965576172,176.60659790039062,98.4385986328125
713.97021484375,229.78359985351562,159.89329528808594,93.17350006103516
713.5200805664062,228.4835968017578,151.1096954345703,93.25279998779297
707.6992797851562,227.83180236816406,148.58990478515625,91.3291015625
707.8251953125,224.58380126953125,142.38600158691406,93.99800109863281
703.4415283203125,223.9084014892578,139.14950561523438,96.44969940185547
704.6514892578125,223.81069946289062,128.2093963623047,87.68389892578125
705.7573852539062,223.3271026611328,102.19660186767578,83.18599700927734
707.6904296875,227.29269409179688,81.9291000366211,72.23269653320312
703.9207763671875,234.9510040283203,79.66680145263672,54.447898864746094
705.8607177734375,239.00250244140625,72.96060180664062,58.09090042114258
740.6041259765625,263.0082092285156,84.14129638671875,67.7603988647461
740.884521484375,275.7461853027344,92.6448974609375,61.98099899291992
729.0767822265625,268.83209228515625,96.54900360107422,61.596500396728516
737.25341796875,283.66790771484375,109.56990051269531,55.548099517822266
740.1998901367188,284.3977966308594,110.24079895019531,54.972900390625
735.5535278320312,284.79180908203125,116.01380157470703,55.42020034790039
741.5460205078125,285.0107116699219,113.98509979248047,55.15599822998047
732.1065063476562,274.02301025390625,124.99320220947266,66.14199829101562
739.4813232421875,284.74261474609375,121.16429901123047,51.515499114990234
738.291015625,284.4513854980469,123.04850006103516,53.054100036621094
740.0012817382812,284.2972106933594,122.21420288085938,59.675201416015625
739.7161865234375,284.3680114746094,122.47100067138672,58.1431999206543
741.0084838867188,284.4114074707031,117.79139709472656,52.98529815673828
740.9683837890625,284.8651123046875,118.16200256347656,53.849700927734375
739.3438720703125,284.07769775390625,120.13459777832031,57.38019943237305
738.3062744140625,284.7420959472656,121.72570037841797,54.67499923706055
738.7153930664062,284.09600830078125,123.92169952392578,58.343101501464844
739.7048950195312,283.9541015625,121.80460357666016,53.908599853515625
739.0274047851562,283.809814453125,124.35690307617188,57.90019989013672
740.2025146484375,283.8046875,122.81600189208984,53.292999267578125
737.4378051757812,284.65521240234375,126.35980224609375,54.02399826049805
740.557373046875,284.4172058105469,117.9041976928711,56.99020004272461
741.6715698242188,284.2345886230469,118.28019714355469,52.701698303222656
742.880126953125,283.3645935058594,118.90339660644531,59.814300537109375
740.6715698242188,283.48370361328125,122.2332992553711,53.45220184326172
740.9666748046875,284.1037902832031,119.39469909667969,55.6265983581543
740.3580932617188,284.46160888671875,117.95999908447266,57.83720016479492
738.8884887695312,284.0758972167969,123.47049713134766,57.35969924926758
739.96728515625,283.0194091796875,119.08550262451172,61.218299865722656
741.3687744140625,283.74859619140625,115.33709716796875,57.12260055541992
739.9285888671875,283.614013671875,120.49939727783203,56.1614990234375
739.3068237304688,284.4078063964844,123.48139953613281,56.78710174560547
738.9307861328125,283.243896484375,120.62480163574219,54.83060073852539
741.4472045898438,283.35809326171875,120.79820251464844,58.98320007324219
740.601806640625,283.6842956542969,118.58540344238281,51.85200119018555
739.80322265625,283.61309814453125,120.98629760742188,57.620201110839844
739.423095703125,283.2572937011719,121.82730102539062,59.347801208496094
742.1629028320312,284.4184875488281,106.01200103759766,53.5547981262207
740.3408813476562,284.7803955078125,104.42359924316406,51.82740020751953
740.7670288085938,283.4187927246094,106.66400146484375,54.8760986328125
739.2210083007812,284.30859375,116.25070190429688,54.97570037841797
738.38818359375,283.1756896972656,119.99220275878906,56.13629913330078
739.0006713867188,282.9912109375,122.0719985961914,55.52619934082031
740.5665283203125,282.7735900878906,120.46410369873047,55.50230026245117
739.690185546875,282.7998046875,121.65740203857422,60.33060073852539
741.886474609375,283.5210876464844,118.38150024414062,48.13679885864258
741.257080078125,283.4811096191406,117.25659942626953,54.10850143432617
740.9901733398438,284.1387939453125,117.7958984375,52.720298767089844
741.79931640625,283.368896484375,116.7156982421875,54.8760986328125
742.3209228515625,283.28460693359375,118.00260162353516,58.1265983581543
740.2213745117188,284.0120849609375,120.1344985961914,52.25419998168945
741.030029296875,284.3121032714844,118.70989990234375,51.15340042114258
740.3259887695312,284.3575134277344,118.62429809570312,53.1515007019043
740.951904296875,283.04119873046875,120.24610137939453,59.99810028076172
744.385986328125,284.80560302734375,112.02960205078125,42.976200103759766
739.6865844726562,284.24951171875,119.6010971069336,50.33209991455078
742.9432983398438,284.6264953613281,113.79460144042969,52.260101318359375
742.2056274414062,282.8055114746094,115.13980102539062,55.01969909667969
742.15771484375,283.9844055175781,118.02279663085938,55.96080017089844
741.7879028320312,282.6951904296875,115.989501953125,64.98169708251953
738.739013671875,284.0603942871094,124.65370178222656,54.93510055541992
740.7938842773438,282.9718933105469,115.86699676513672,59.83570098876953
740.1182250976562,283.5038146972656,121.82620239257812,60.91339874267578
740.2689208984375,284.42340087890625,122.17060089111328,53.095699310302734
740.035888671875,283.5451965332031,119.0730972290039,58.54159927368164
740.0689697265625,283.6606140136719,122.67479705810547,60.2869987487793
742.2595825195312,283.9179992675781,118.9437026977539,57.82469940185547
740.1691284179688,283.4507141113281,113.24819946289062,52.65959930419922
740.0755004882812,284.18939208984375,119.0363998413086,54.49489974975586
739.9472045898438,283.8348083496094,121.006103515625,59.63169860839844
740.4086303710938,284.5906066894531,120.54840087890625,53.71870040893555
740.4545288085938,284.06878662109375,118.43180084228516,51.35459899902344
738.364501953125,284.36248779296875,123.13839721679688,53.59040069580078
741.611328125,283.9130859375,119.57869720458984,55.04010009765625
740.11376953125,283.53338623046875,118.03040313720703,55.52870178222656
740.455322265625,283.20379638671875,119.6791000366211,60.01409912109375
740.3237915039062,284.3898010253906,116.77249908447266,48.6422004699707
742.4733276367188,283.9200134277344,114.11000061035156,52.64630126953125
743.0479736328125,283.99798583984375,114.2979965209961,54.11130142211914
738.8652954101562,285.6286926269531,118.1897964477539,53.38410186767578
739.0097045898438,284.0181884765625,120.88700103759766,55.71870040893555
739.651123046875,284.868896484375,120.20980072021484,56.00299835205078
742.459716796875,284.38751220703125,109.77559661865234,52.577701568603516
740.0479736328125,283.24969482421875,115.668701171875,55.02159881591797
741.4395751953125,282.94781494140625,115.99510192871094,60.7057991027832
742.055419921875,283.6164855957031,112.95590209960938,58.4192008972168
741.9628295898438,282.45379638671875,117.56909942626953,63.925498962402344
740.2783203125,283.7117919921875,121.8552017211914,57.21870040893555
739.6107788085938,284.5751953125,116.5687026977539,52.89350128173828
739.8173217773438,284.1217956542969,120.65370178222656,54.66709899902344
741.084716796875,283.87921142578125,118.88680267333984,54.85200119018555
738.8203735351562,284.3324890136719,123.08399963378906,57.04050064086914
741.848876953125,284.960693359375,114.9478988647461,52.19089889526367
739.8867797851562,282.7831115722656,120.58470153808594,58.3672981262207
742.1776123046875,282.4130859375,118.44989776611328,61.31340026855469
741.1909790039062,283.40838623046875,117.68170166015625,56.13589859008789
741.5059814453125,283.6979064941406,120.42169952392578,55.11289978027344
742.7802124023438,283.622802734375,118.07250213623047,52.751399993896484
739.666015625,283.59698486328125,120.25890350341797,53.27840042114258
739.9716186523438,283.5672912597656,122.08660125732422,54.84159851074219
741.8848266601562,285.1022033691406,117.67440032958984,51.12810134887695
740.8325805664062,283.4513854980469,118.82839965820312,53.33190155029297
741.030029296875,284.2134094238281,120.36740112304688,51.85240173339844
740.9201049804688,284.0975036621094,119.94249725341797,51.87950134277344
742.0794067382812,283.2538146972656,118.44100189208984,53.60409927368164
742.2396240234375,283.4457092285156,117.32369995117188,55.60900115966797
739.9832153320312,283.50579833984375,114.51260375976562,50.3306999206543
740.1895141601562,282.7362060546875,115.27439880371094,51.8489990234375
739.4053955078125,282.34979248046875,117.5864028930664,53.470401763916016
740.36572265625,282.99420166015625,119.10079956054688,54.0452995300293
739.6156005859375,282.779296875,119.5718002319336,55.55860137939453
738.8239135742188,283.2995910644531,123.10230255126953,54.69419860839844
739.9948120117188,283.744384765625,119.42240142822266,56.167999267578125
741.6544799804688,283.7336120605469,117.0791015625,57.30780029296875
742.2067260742188,284.6654968261719,116.41220092773438,53.13750076293945
742.6806030273438,284.32269287109375,117.41179656982422,53.072601318359375
741.64697265625,283.9383850097656,118.47709655761719,53.16659927368164
741.044189453125,283.3559875488281,118.6865005493164,54.74489974975586
740.9666748046875,284.36370849609375,117.82250213623047,52.059200286865234
740.8704833984375,283.66900634765625,118.74579620361328,54.370201110839844
739.7163696289062,284.8609924316406,123.94920349121094,52.637001037597656
738.755615234375,283.5353088378906,120.44439697265625,54.66400146484375
739.2398071289062,283.3088073730469,123.1990966796875,60.75279998779297
739.461669921875,283.8528137207031,120.6719970703125,53.276100158691406
740.0811157226562,283.92620849609375,121.48090362548828,55.37229919433594
739.1793823242188,282.1606140136719,121.04499816894531,60.980899810791016
738.9442138671875,283.369384765625,121.04199981689453,53.618099212646484
741.4556274414062,284.1709899902344,116.80670166015625,53.49980163574219
740.5164794921875,284.3648986816406,120.50559997558594,50.89759826660156
743.432373046875,283.3568115234375,114.80609893798828,52.5625
739.8134155273438,283.1565856933594,117.82540130615234,55.6713981628418
739.2871704101562,283.6188049316406,121.2958984375,55.532798767089844
741.5988159179688,283.9032897949219,115.94259643554688,55.434600830078125
739.46142578125,283.9534912109375,123.50550079345703,54.94269943237305
742.136474609375,283.68939208984375,116.02490234375,46.73210144042969
743.4995727539062,283.24859619140625,113.92669677734375,53.203399658203125
739.9879150390625,284.34271240234375,119.2396011352539,51.1682014465332
740.2952270507812,282.8503112792969,112.09559631347656,57.748199462890625
741.0059204101562,281.8815002441406,117.83399963378906,56.42219924926758
739.11181640625,282.5660095214844,120.32859802246094,61.451698303222656
742.3140869140625,284.53680419921875,114.65149688720703,48.28300094604492
738.8535766601562,283.931396484375,117.11910247802734,51.17839813232422
740.43408203125,283.8169860839844,116.15779876708984,53.57609939575195
741.9625854492188,283.96978759765625,113.77960205078125,54.945499420166016
742.515380859375,284.0768127441406,108.07859802246094,56.121700286865234
740.6942138671875,281.7406921386719,115.4009017944336,61.61470031738281
739.9381713867188,282.6673889160156,117.92160034179688,61.82870101928711
739.985595703125,283.2250061035156,118.87640380859375,58.29169845581055
740.9722900390625,283.9634094238281,117.24169921875,56.63309860229492
739.0471801757812,283.9914855957031,121.07749938964844,55.440799713134766
740.576171875,283.9153137207031,114.47869873046875,54.75669860839844
739.7744140625,283.67279052734375,117.24440002441406,55.14469909667969
740.0194702148438,283.644287109375,118.8093032836914,58.783599853515625
740.8129272460938,283.2637939453125,119.5094985961914,57.83890151977539
737.3378295898438,284.2709045410156,120.86640167236328,50.884300231933594
737.6323852539062,283.7420959472656,121.0624008178711,52.80590057373047
740.5219116210938,283.6099853515625,116.45590209960938,54.072601318359375
740.3455810546875,283.7901916503906,117.24539947509766,54.71770095825195
740.0386962890625,283.9884033203125,120.08589935302734,53.895999908447266
741.1320190429688,282.03448486328125,112.68620300292969,56.91270065307617
740.2260131835938,283.4283142089844,117.44329833984375,54.246299743652344
740.223388671875,284.39990234375,117.76260375976562,53.83689880371094
741.0739135742188,284.1883850097656,116.58419799804688,55.11159896850586
740.2097778320312,284.80120849609375,118.9352035522461,53.26359939575195
740.74560546875,283.9945983886719,112.67440032958984,54.10409927368164
739.9127197265625,283.4707946777344,115.17400360107422,54.17399978637695
739.37841796875,283.51739501953125,116.122802734375,56.72169876098633
741.5540771484375,283.22869873046875,115.33779907226562,60.02009963989258
740.720703125,283.8380126953125,117.14830017089844,54.86650085449219
737.6171875,284.1647033691406,121.94190216064453,57.98500061035156
740.38720703125,284.2691955566406,115.9177017211914,51.832401275634766
741.0977783203125,284.4678955078125,115.29920196533203,55.840999603271484
740.6671142578125,283.7001037597656,117.0447998046875,59.937400817871094
739.861083984375,283.159912109375,117.3843994140625,61.068599700927734
739.3690795898438,283.8825988769531,116.32869720458984,54.88330078125
741.9854125976562,284.27850341796875,114.44950103759766,56.5078010559082
741.5164184570312,283.910400390625,116.7531967163086,53.070499420166016
741.9067993164062,283.82330322265625,114.7354965209961,55.8130989074707
742.1384887695312,283.1205139160156,115.12570190429688,57.81060028076172
741.3070068359375,283.7510986328125,118.0510025024414,58.68170166015625
738.7269287109375,285.7499084472656,120.59590148925781,43.29520034790039
742.4785766601562,284.28070068359375,112.90650177001953,47.7593994140625
742.173828125,283.8716125488281,113.46630096435547,49.74079895019531
738.8616943359375,283.7355041503906,116.51349639892578,53.53630065917969
736.3336181640625,284.61639404296875,122.40280151367188,51.389400482177734
738.8660888671875,284.2491149902344,119.7177963256836,54.26470184326172
737.74951171875,283.7904052734375,121.2240982055664,59.18790054321289
740.3209228515625,283.53021240234375,118.71430206298828,59.11690139770508
740.2734985351562,283.6680908203125,114.91529846191406,57.17390060424805
742.1143188476562,283.3420104980469,113.8125991821289,59.587799072265625
741.4901733398438,282.7030029296875,116.95800018310547,63.792301177978516
743.607421875,285.0849914550781,111.11419677734375,47.019100189208984
741.1561889648438,283.7164001464844,113.76270294189453,51.909698486328125
744.4691162109375,284.21539306640625,110.84619903564453,52.20090103149414
741.7440795898438,283.4696044921875,114.78410339355469,53.353599548339844
742.8489990234375,284.5780944824219,112.88179779052734,52.24399948120117
741.29638671875,283.7023010253906,114.62329864501953,57.32149887084961
741.665283203125,283.9779968261719,116.135498046875,57.84560012817383
741.4302978515625,282.3526916503906,116.5906982421875,65.56289672851562
742.5103759765625,285.01141357421875,110.72250366210938,53.416900634765625
742.7346801757812,284.5625915527344,113.3584976196289,50.17100143432617
742.4166870117188,285.0259094238281,114.47679901123047,49.52119827270508
741.947021484375,285.42059326171875,114.19259643554688,51.20840072631836
741.32958984375,283.8778991699219,113.26619720458984,53.54710006713867
741.80859375,284.1084899902344,112.31230163574219,54.425899505615234
740.171875,284.12420654296875,116.77130126953125,52.46950149536133
742.4370727539062,283.7008056640625,114.84220123291016,54.049198150634766
741.7562866210938,281.6864013671875,112.63749694824219,56.10900115966797
742.926513671875,281.0779113769531,114.09829711914062,56.74789810180664
741.7692260742188,282.9587097167969,114.5166015625,54.24549865722656
740.2022705078125,283.8052062988281,117.7218017578125,54.8838996887207
740.3806762695312,284.1297912597656,116.13800048828125,56.59920120239258
741.79931640625,284.4397888183594,114.4207992553711,57.33340072631836
741.2979736328125,283.5992126464844,115.09559631347656,57.76029968261719
743.6160888671875,284.2164001464844,106.83889770507812,63.952301025390625
744.0814208984375,285.16650390625,106.86109924316406,49.33789825439453
742.1306762695312,284.9964904785156,110.25650024414062,48.444698333740234
742.0103149414062,284.0011901855469,112.17359924316406,50.49250030517578
741.0048828125,283.41668701171875,115.47109985351562,51.759700775146484
743.0435180664062,284.2412109375,113.32379913330078,50.582401275634766
741.6226806640625,284.314208984375,116.65029907226562,48.3672981262207
742.2849731445312,284.1557922363281,112.9718017578125,49.02880096435547
740.9442138671875,284.2804870605469,115.39289855957031,47.06779861450195
741.951171875,284.6593933105469,112.2197036743164,48.986000061035156
742.4832153320312,283.4034118652344,112.08360290527344,53.1697998046875
742.0833740234375,283.964111328125,115.4979019165039,53.00379943847656
743.723388671875,284.1134948730469,108.41699981689453,54.26070022583008
740.6538696289062,283.7915954589844,116.36869812011719,53.97529983520508
742.2329711914062,284.14208984375,106.48310089111328,53.153099060058594
742.8485717773438,283.5541076660156,106.252197265625,53.812400817871094
740.7941284179688,284.1294860839844,112.16470336914062,53.66339874267578
740.9561157226562,284.0932922363281,114.96260070800781,54.31529998779297
740.8577880859375,284.44940185546875,115.6489028930664,53.04399871826172
740.0715942382812,283.32330322265625,116.34100341796875,54.80569839477539
742.4542846679688,284.8052978515625,112.6897964477539,51.437198638916016
743.6494140625,283.947998046875,110.11170196533203,54.03739929199219
741.2777099609375,283.8830871582031,115.27680206298828,53.02980041503906
741.8823852539062,284.64569091796875,114.00440216064453,52.11790084838867
741.2459716796875,283.11590576171875,114.5634994506836,55.52909851074219
741.6450805664062,283.82049560546875,112.1957015991211,56.24380111694336
740.7573852539062,282.9330139160156,117.67780303955078,54.56420135498047
739.1547241210938,283.86859130859375,116.06849670410156,54.09170150756836
740.8980102539062,283.7047119140625,114.60289764404297,54.69779968261719
741.6804809570312,283.9984130859375,112.32160186767578,56.3135986328125
741.9039916992188,283.3536071777344,113.02760314941406,56.93560028076172
741.1328125,283.9751892089844,115.15499877929688,54.90810012817383
741.2520751953125,283.5209045410156,113.42489624023438,56.59080123901367
740.022216796875,284.0574035644531,117.23560333251953,54.2052001953125
742.3082885742188,284.2804870605469,109.37429809570312,54.04880142211914
741.5706176757812,284.0812072753906,112.33489990234375,53.5890007019043
741.6405029296875,283.6693115234375,114.02549743652344,56.566001892089844
744.9102783203125,284.0440979003906,104.95120239257812,53.471900939941406
746.106689453125,283.0309143066406,105.62799835205078,54.53990173339844
744.8040771484375,284.5566101074219,107.27670288085938,50.405799865722656
742.8104248046875,283.73919677734375,112.04509735107422,50.847900390625
743.0529174804688,282.97198486328125,111.43599700927734,53.25379943847656
742.9531860351562,283.360107421875,111.40899658203125,52.52579879760742
741.6912231445312,283.14068603515625,111.85099792480469,54.25600051879883
742.8485717773438,283.97198486328125,111.40299987792969,53.03070068359375
739.8892211914062,283.69378662109375,114.8405990600586,52.89659881591797
740.5758056640625,285.0880126953125,114.88059997558594,51.87110137939453
740.630615234375,284.99139404296875,114.16280364990234,50.83639907836914
740.9520874023438,284.5382080078125,113.5811996459961,52.73979949951172
741.3624877929688,282.99420166015625,114.11689758300781,57.385799407958984
741.769775390625,283.8638916015625,113.22129821777344,56.805999755859375
742.2510986328125,283.4960021972656,109.45339965820312,57.68360137939453
740.791015625,283.59051513671875,112.39640045166016,54.790000915527344
739.1801147460938,284.3236999511719,116.94779968261719,52.788700103759766
739.5277099609375,284.0752868652344,116.32879638671875,55.14440155029297
740.6715087890625,283.66668701171875,110.18370056152344,53.49760055541992
740.7116088867188,284.6581115722656,112.7136001586914,50.89580154418945
740.1663208007812,285.03118896484375,113.46109771728516,50.41389846801758
740.5208740234375,283.801513671875,113.80020141601562,54.07210159301758
740.9921264648438,283.8440856933594,112.08000183105469,57.26890182495117
738.7623901367188,284.15948486328125,116.1218032836914,56.05440139770508
739.1085815429688,283.7666015625,115.14340209960938,58.545799255371094
739.0667114257812,283.91070556640625,114.14099884033203,57.155399322509766
740.373291015625,283.19378662109375,112.48809814453125,56.520599365234375
738.92919921875,284.0267028808594,115.26029968261719,56.49129867553711
738.3065795898438,283.1014099121094,116.47339630126953,61.70930099487305
736.767822265625,284.5072937011719,118.03089904785156,52.437198638916016
738.9561767578125,283.3761901855469,114.20780181884766,55.4099006652832
739.8051147460938,283.4200134277344,114.43049621582031,55.26150131225586
741.1342163085938,284.0098876953125,112.1729965209961,54.3140983581543
741.6392211914062,284.3861999511719,112.37909698486328,52.17279815673828
738.060302734375,284.09161376953125,116.48570251464844,54.31629943847656
739.97412109375,284.7255859375,113.75650024414062,50.53519821166992
741.1386108398438,284.9231872558594,111.44200134277344,49.755699157714844
739.577880859375,283.8595886230469,114.02580261230469,54.79869842529297
740.6146240234375,284.21990966796875,114.11940002441406,55.081600189208984
740.4193725585938,283.7341003417969,111.59159851074219,55.52519989013672
740.1201782226562,283.4693908691406,113.03939819335938,55.219398498535156
739.5413818359375,284.08740234375,115.6405029296875,52.9114990234375
737.0316772460938,283.7508850097656,119.05239868164062,53.84809875488281
738.7932739257812,284.2355041503906,115.66519927978516,54.11180114746094
740.0744018554688,283.7536926269531,115.1272964477539,57.97639846801758
740.0839233398438,284.6658935546875,112.60749816894531,52.296600341796875
741.180908203125,284.3201904296875,110.47209930419922,52.35499954223633
739.780517578125,284.2356872558594,112.46890258789062,51.49760055541992
739.8729248046875,284.1559143066406,112.42579650878906,54.082801818847656
739.3336181640625,283.6343078613281,113.739501953125,55.86819839477539
739.6063842773438,283.2607116699219,113.22779846191406,55.85300064086914
739.6986083984375,283.26470947265625,113.84500122070312,57.212100982666016
742.260498046875,283.1741943359375,110.9177017211914,58.57379913330078
740.040283203125,283.5548095703125,114.20210266113281,58.10309982299805
739.97509765625,283.9617919921875,115.17220306396484,58.70539855957031
742.0963134765625,283.99169921875,109.85459899902344,52.72549819946289
742.2233276367188,283.8634948730469,109.97019958496094,52.814300537109375
741.58740234375,283.6462097167969,111.78780364990234,55.198001861572266
739.7188110351562,283.8086853027344,113.5438003540039,56.890899658203125
741.6502075195312,283.84320068359375,105.27210235595703,53.79710006713867
738.4116821289062,283.5445861816406,113.52159881591797,54.46099853515625
738.9384765625,283.95721435546875,112.67259979248047,56.39149856567383
739.0806884765625,283.439697265625,114.71890258789062,52.80149841308594
742.9683227539062,283.8774108886719,108.86000061035156,51.785701751708984
742.27001953125,284.54278564453125,109.74549865722656,49.13639831542969
742.7839965820312,284.6051025390625,108.95349884033203,49.28839874267578
741.7891845703125,284.4624938964844,110.18360137939453,50.03580093383789
743.5858154296875,284.135986328125,107.95449829101562,51.592201232910156
742.1099853515625,283.654296875,111.63480377197266,53.38079833984375
739.7542724609375,284.9956970214844,115.36260223388672,52.367401123046875
738.7291259765625,283.7853088378906,116.74079895019531,53.411399841308594
740.4985961914062,285.5701904296875,113.58999633789062,49.90420150756836
740.772705078125,284.625,112.83999633789062,51.0640983581543
740.5604248046875,282.8620910644531,113.07540130615234,57.65810012817383
743.8242797851562,283.5498962402344,110.14330291748047,58.41550064086914
740.3035888671875,282.98638916015625,111.75700378417969,59.077701568603516
741.6276245117188,282.9794921875,111.20980072021484,56.246299743652344
740.1995239257812,283.6893005371094,114.07859802246094,53.98469924926758
741.5206298828125,283.5509033203125,109.95929718017578,54.929901123046875
740.278076171875,283.8027038574219,113.84639739990234,53.652099609375
742.3078002929688,283.5303039550781,110.15619659423828,52.782100677490234
741.3057861328125,283.0104064941406,112.43489837646484,59.39120101928711
741.4924926757812,283.0008850097656,111.03459930419922,59.09090042114258
742.239501953125,283.4695129394531,110.90799713134766,60.01279830932617
741.9171142578125,283.9085998535156,112.63809967041016,54.918701171875
742.1857299804688,283.8905944824219,111.41069793701172,55.74480056762695
740.5358276367188,284.727294921875,113.76010131835938,54.60639953613281
742.74658203125,284.7929992675781,111.36900329589844,52.354698181152344
742.1624755859375,283.2236022949219,111.90139770507812,56.96979904174805
741.834716796875,285.4341125488281,110.53160095214844,53.612701416015625
740.5913696289062,283.76690673828125,114.71150207519531,56.42599868774414
741.6630859375,283.6481018066406,109.17649841308594,55.05229949951172
742.361328125,284.1037902832031,110.07170104980469,54.325401306152344
742.5396728515625,284.2668151855469,110.11229705810547,51.0004997253418
742.9259033203125,285.144287109375,110.76920318603516,49.75080108642578
742.8873901367188,285.3887023925781,110.79409790039062,47.11750030517578
743.3505249023438,284.48809814453125,108.94960021972656,53.7577018737793
741.66162109375,283.227294921875,112.52989959716797,55.337799072265625
741.5305786132812,283.6866149902344,113.74220275878906,59.659698486328125
741.65771484375,282.8037109375,110.34870147705078,54.835899353027344
743.9434814453125,284.0544128417969,108.96959686279297,53.25640106201172
741.7797241210938,283.622802734375,112.52870178222656,52.96839904785156
741.5712280273438,283.7586975097656,112.67420196533203,55.339298248291016
743.9254150390625,283.8402099609375,108.65809631347656,57.906700134277344
743.4423217773438,283.65521240234375,109.73570251464844,56.95399856567383
742.5181274414062,284.3965148925781,110.38980102539062,53.71220016479492
742.4298095703125,283.7247009277344,111.7322998046875,54.255001068115234
741.8233032226562,284.5375061035156,109.9032974243164,51.50270080566406
742.9901733398438,283.62188720703125,110.18689727783203,52.27080154418945
739.5745239257812,285.39691162109375,115.68569946289062,50.12590026855469
741.0617065429688,284.34930419921875,113.58589935302734,50.722999572753906
745.4639282226562,284.8481140136719,106.93419647216797,51.5994987487793
740.475830078125,284.3172912597656,114.29769897460938,51.74489974975586
742.7327880859375,284.5411071777344,112.52449798583984,52.40290069580078
743.2564697265625,284.4211120605469,111.41799926757812,52.4739990234375
743.1140747070312,283.9483947753906,109.779296875,53.291500091552734
743.8928833007812,283.2112121582031,108.92040252685547,54.81919860839844
744.1939697265625,284.2027893066406,107.13420104980469,52.66429901123047
744.7109985351562,283.4100036621094,108.06919860839844,53.24409866333008
741.8502807617188,283.7640075683594,112.1178970336914,53.31439971923828
744.18212890625,284.3203125,110.3895034790039,54.004398345947266
742.55810546875,283.2528991699219,109.38079833984375,57.36220169067383
743.8369750976562,283.8575134277344,109.20870208740234,55.364898681640625
740.9013061523438,283.48651123046875,113.70649719238281,56.648799896240234
743.3662719726562,284.2325134277344,106.37969970703125,56.73509979248047
743.1527099609375,282.3743896484375,111.6697006225586,62.765098571777344
742.7769775390625,283.7903137207031,109.42759704589844,55.6265983581543
743.3392944335938,283.1701965332031,110.20210266113281,56.7495002746582
739.7958984375,283.03179931640625,115.35240173339844,59.318599700927734
743.1392211914062,282.44281005859375,111.87889862060547,61.472198486328125
740.5648193359375,283.3804016113281,114.00759887695312,58.31760025024414
743.7294921875,283.8302917480469,107.76020050048828,55.63639831542969
740.4224243164062,283.7232971191406,113.65550231933594,54.31100082397461
739.7136840820312,282.9986877441406,112.93419647216797,57.19499969482422
742.4661254882812,283.6697082519531,111.06060028076172,56.854000091552734
743.8837890625,282.8277893066406,103.65010070800781,59.96889877319336
744.4232177734375,281.42779541015625,107.27010345458984,62.92490005493164
746.2191162109375,282.3252868652344,103.89859771728516,60.645301818847656
744.4984741210938,283.5548095703125,104.86489868164062,57.270301818847656
744.5302734375,282.89190673828125,107.84559631347656,57.060001373291016
741.9885864257812,283.3659973144531,107.34880065917969,56.55179977416992
745.372314453125,282.17669677734375,107.63050079345703,60.337799072265625
745.6146850585938,283.04840087890625,103.38860321044922,59.206199645996094
744.8922729492188,281.8580017089844,107.21330261230469,62.1505012512207
744.0228881835938,282.9941101074219,107.45369720458984,57.91019821166992
741.7907104492188,284.0273132324219,108.27239990234375,55.95249938964844
741.2337036132812,284.027099609375,111.17369842529297,53.356300354003906
740.2847290039062,284.4254150390625,113.1852035522461,51.272499084472656
742.1427001953125,283.9656066894531,111.15779876708984,54.114601135253906
741.6470947265625,284.4006042480469,113.25420379638672,53.215301513671875
741.185302734375,284.255615234375,113.85769653320312,54.90359878540039
741.676513671875,284.0589904785156,111.32649993896484,54.71889877319336
740.7869262695312,283.90869140625,111.95279693603516,54.81800079345703
741.7595825195312,284.4324035644531,107.99620056152344,52.10430145263672
744.7139282226562,284.12109375,106.37100219726562,49.689701080322266
742.9207153320312,283.7768859863281,110.4009017944336,50.00559997558594
743.3286743164062,283.36639404296875,110.33660125732422,53.355098724365234
742.6558837890625,284.5116882324219,110.56739807128906,51.931800842285156
742.6798706054688,284.0943908691406,110.55149841308594,53.80619812011719
742.5128784179688,284.2491149902344,111.04499816894531,51.20140075683594
743.5112915039062,283.9573059082031,109.50879669189453,53.10430145263672
744.5706787109375,283.8783874511719,107.9448013305664,52.52289962768555
742.8369750976562,283.6275939941406,109.27469635009766,52.986000061035156
742.5250854492188,283.4620056152344,111.7228012084961,53.68330001831055
741.80322265625,283.1733093261719,112.53849792480469,55.259700775146484
742.6224975585938,283.79400634765625,108.13770294189453,52.843299865722656
744.1467895507812,283.84930419921875,108.63410186767578,52.87070083618164
745.8007202148438,284.29278564453125,107.10379791259766,53.65879821777344
743.627685546875,283.8057861328125,108.09929656982422,53.41419982910156
743.0565185546875,284.70928955078125,109.18160247802734,51.556800842285156
743.2294921875,284.9942932128906,109.22650146484375,50.01020050048828
743.55712890625,282.8463134765625,108.45249938964844,55.80419921875
745.1008911132812,284.160888671875,105.04019927978516,54.94580078125
744.6671752929688,283.2047119140625,105.8666000366211,53.8474006652832
743.5568237304688,284.4162902832031,106.45929718017578,51.22380065917969
742.4337158203125,285.56781005859375,109.94439697265625,47.71500015258789
744.643798828125,284.4433898925781,106.70970153808594,49.5088005065918
743.7786865234375,284.4507141113281,108.54239654541016,50.14849853515625
742.0177001953125,284.1568908691406,110.30599975585938,50.5796012878418
741.76171875,284.3882141113281,111.818603515625,50.5973014831543
739.8759765625,283.9242858886719,113.40799713134766,53.06990051269531
745.3197021484375,284.60699462890625,106.1144027709961,52.86249923706055
746.6624755859375,282.6007995605469,100.51750183105469,53.85089874267578
743.063720703125,283.8169860839844,109.8821029663086,50.462100982666016
743.8325805664062,283.3528137207031,108.12059783935547,53.47489929199219
743.3353881835938,283.8941955566406,108.36430358886719,53.32979965209961
745.3018798828125,283.6206970214844,104.71810150146484,52.54209899902344
742.017578125,284.68780517578125,110.65440368652344,50.1619987487793
743.5352172851562,284.62799072265625,109.45690155029297,49.530601501464844
743.7902221679688,284.4786071777344,109.44120025634766,49.87379837036133
744.6473999023438,283.6217041015625,107.75569915771484,52.32849884033203
740.4813232421875,283.32489013671875,111.63130187988281,54.9546012878418
743.7557983398438,284.1754150390625,106.82730102539062,51.4651985168457
742.0078125,284.3002014160156,111.20349884033203,50.16400146484375
744.0006713867188,283.8982849121094,109.38310241699219,51.347198486328125
741.5927124023438,283.2781982421875,110.60919952392578,53.61859893798828
740.0537719726562,284.58428955078125,113.07360076904297,51.46979904174805
740.301513671875,283.90570068359375,113.61299896240234,52.641998291015625
741.6448974609375,284.6871032714844,111.8104019165039,50.37099838256836
739.1243896484375,284.22100830078125,112.8196029663086,51.64179992675781
740.3032836914062,284.53509521484375,113.85459899902344,51.66849899291992
744.0963134765625,285.00408935546875,107.95890045166016,51.82929992675781
741.6234130859375,283.3844909667969,111.65249633789062,52.75590133666992
746.29150390625,284.4861145019531,103.29779815673828,53.35430145263672
741.5443115234375,283.40460205078125,109.11820220947266,52.9557991027832
743.4957275390625,284.2998046875,107.91120147705078,51.89899826049805
741.2382202148438,284.4710998535156,111.66590118408203,51.3583984375
743.384521484375,283.67620849609375,108.58219909667969,54.47370147705078
743.27978515625,284.37579345703125,107.66439819335938,53.48619842529297
745.5817260742188,284.3435974121094,106.06060028076172,54.30619812011719
742.3936767578125,283.7102966308594,109.97219848632812,54.974998474121094
743.8192138671875,284.0848083496094,108.68260192871094,53.858001708984375
744.5944213867188,284.0050048828125,107.57119750976562,50.7411003112793
742.0725708007812,283.94378662109375,110.0459976196289,51.2056999206543
742.6013793945312,284.7052917480469,110.11160278320312,49.695899963378906
744.046875,283.28118896484375,109.49700164794922,49.990299224853516
741.3447875976562,283.4501953125,111.67400360107422,51.925498962402344
746.2817993164062,283.3210144042969,105.99430084228516,51.35319900512695
744.0797729492188,283.84820556640625,110.20780181884766,50.74300003051758
742.9014282226562,283.82958984375,110.57109832763672,52.0182991027832
743.1235961914062,283.466796875,110.33470153808594,53.87200164794922
746.2592163085938,283.2983093261719,104.47940063476562,54.689701080322266
741.2705078125,282.1494140625,113.36820220947266,53.78010177612305
746.4970092773438,282.2500915527344,105.00129699707031,54.437198638916016
746.0067749023438,281.8146057128906,105.95259857177734,53.723899841308594
743.1024780273438,282.9648132324219,110.87329864501953,54.247398376464844
742.4227905273438,281.4442138671875,108.65910339355469,58.32929992675781
744.3552856445312,283.0798034667969,110.27660369873047,56.76210021972656
741.5460815429688,282.1499938964844,111.55380249023438,57.34619903564453
743.413330078125,283.1171875,110.07330322265625,53.62860107421875
741.9520874023438,282.6711120605469,111.65689849853516,55.084999084472656
742.7388916015625,283.168212890625,110.41230010986328,54.5093994140625
743.5062866210938,284.5339050292969,110.90119934082031,54.18370056152344
743.415283203125,283.1178894042969,110.77980041503906,54.839500427246094
742.1168823242188,282.9818115234375,110.09269714355469,57.15340042114258
744.2802124023438,282.93450927734375,108.1968994140625,58.192298889160156
743.6143798828125,282.6686096191406,109.64250183105469,58.26959991455078
743.9910278320312,283.5899963378906,107.14779663085938,53.212100982666016
740.3681030273438,283.593505859375,111.6978988647461,53.01020050048828
740.8928833007812,283.75299072265625,112.3104019165039,51.89189910888672
743.021728515625,283.77288818359375,110.52339935302734,54.85749816894531
742.92822265625,283.4254150390625,105.0907974243164,55.12200164794922
744.417724609375,283.3580017089844,106.42739868164062,54.18280029296875
743.1547241210938,282.47100830078125,110.02510070800781,56.698001861572266
742.1649169921875,283.67041015625,108.52870178222656,57.236000061035156
747.0422973632812,282.1000061035156,103.46900177001953,59.37670135498047
744.5538940429688,282.40960693359375,106.32009887695312,55.11690139770508
749.8652954101562,283.55120849609375,99.95240020751953,52.62480163574219
745.0540161132812,282.93231201171875,106.35009765625,54.21739959716797
741.2877807617188,283.3215026855469,113.27880096435547,55.114498138427734
744.4641723632812,283.1402893066406,105.9574966430664,55.97959899902344
744.1395874023438,282.77569580078125,107.5166015625,55.36410140991211
743.4456787109375,283.3608093261719,106.24130249023438,55.457298278808594
744.3685913085938,282.50421142578125,106.65609741210938,55.524898529052734
745.3660888671875,283.25048828125,105.99140167236328,52.289100646972656
741.5421752929688,282.4342956542969,110.56289672851562,53.9193000793457
742.9439086914062,282.9335021972656,109.14969635009766,54.85749816894531
743.7587280273438,282.46148681640625,109.75289916992188,54.8385009765625
742.6934814453125,282.71160888671875,108.39630126953125,55.63180160522461
745.6519165039062,283.8623046875,105.76329803466797,52.81779861450195
740.5225219726562,282.9088134765625,113.19609832763672,54.75080108642578
744.6641235351562,283.4742126464844,106.67060089111328,53.24980163574219
745.40087890625,282.5174865722656,106.6449966430664,53.960201263427734
739.64501953125,283.48309326171875,115.30570220947266,52.582298278808594
742.1008911132812,282.4619140625,110.0614013671875,56.157100677490234
744.1990966796875,282.4930114746094,107.53070068359375,56.430198669433594
745.3344116210938,282.9659118652344,105.7426986694336,53.73740005493164
746.8004760742188,280.2379150390625,103.3031005859375,54.85609817504883
741.4849853515625,281.5154113769531,110.61150360107422,56.54309844970703
744.4697875976562,284.2969970703125,107.16719818115234,51.2041015625
742.8922729492188,284.25640869140625,108.1583023071289,48.86180114746094
739.9547729492188,282.377197265625,110.77790069580078,51.839599609375
744.9852294921875,282.2820129394531,103.59329986572266,53.22249984741211
747.6439819335938,282.0409851074219,101.2406997680664,51.09450149536133
747.3660888671875,281.83331298828125,102.95279693603516,52.387699127197266
743.6052856445312,280.4230041503906,106.3208999633789,56.37269973754883
745.6312255859375,278.0314025878906,103.87220001220703,59.98419952392578
747.9990844726562,281.1286926269531,101.97139739990234,56.48630142211914
746.9561767578125,280.7037048339844,104.12079620361328,56.448699951171875
743.7155151367188,283.1330871582031,107.8469009399414,53.37300109863281
745.8593139648438,282.7532043457031,106.0531997680664,55.29859924316406
746.5723876953125,280.8641052246094,104.06680297851562,57.374698638916016
744.7376098632812,283.9930114746094,103.02100372314453,51.80509948730469
748.5219116210938,284.5111999511719,100.7427978515625,50.2947998046875
746.9318237304688,281.76031494140625,100.84629821777344,54.76060104370117
750.2645263671875,282.1492004394531,93.07939910888672,54.49549865722656
750.234375,282.29791259765625,99.45780181884766,56.83729934692383
746.7061157226562,282.5325927734375,102.78150177001953,53.687198638916016
748.95361328125,283.67529296875,101.53250122070312,53.151798248291016
747.5197143554688,284.3539123535156,102.54859924316406,50.5989990234375
744.947021484375,284.24420166015625,104.9845962524414,51.27479934692383
748.5216064453125,283.9112854003906,101.44270324707031,52.12089920043945
750.17919921875,283.7236022949219,99.66590118408203,53.334598541259766
748.3024291992188,283.0325927734375,104.09249877929688,54.3296012878418
748.4024047851562,284.7672119140625,99.3198013305664,51.86050033569336
749.2664184570312,282.82049560546875,100.58460235595703,54.50080108642578
744.9743041992188,283.63189697265625,102.69239807128906,53.456199645996094
749.6571044921875,283.4303894042969,101.50150299072266,51.750301361083984
748.1956176757812,284.6202087402344,99.9552993774414,49.957298278808594
746.4555053710938,283.2384948730469,103.3125,51.397098541259766
750.3358764648438,286.4263000488281,96.50849914550781,46.93769836425781
748.0574951171875,284.6653137207031,100.38459777832031,48.716800689697266
745.7722778320312,284.7027893066406,105.19529724121094,50.661800384521484
747.9741821289062,281.5328063964844,102.78019714355469,51.68560028076172
746.0736083984375,283.28240966796875,104.53759765625,51.96580123901367
744.9664916992188,282.79791259765625,107.49009704589844,50.31779861450195
744.6339111328125,283.4661865234375,104.86979675292969,50.59270095825195
744.2572021484375,283.9472961425781,107.89129638671875,50.43730163574219
745.0316162109375,283.9342956542969,105.75289916992188,51.381900787353516
747.16552734375,283.62701416015625,102.46209716796875,50.065101623535156
746.646728515625,282.8057861328125,99.82929992675781,51.448001861572266
744.0120239257812,284.2438049316406,106.59880065917969,48.66550064086914
744.4019775390625,284.7828063964844,106.35440063476562,45.68050003051758
746.8579711914062,282.3439025878906,101.46150207519531,52.057701110839844
749.9315185546875,282.22711181640625,97.143798828125,51.72909927368164
747.27197265625,283.77508544921875,97.41950225830078,49.88610076904297
748.0709228515625,282.1308898925781,97.65889739990234,51.951900482177734
746.9561157226562,282.73309326171875,96.83560180664062,52.6255989074707
747.5206298828125,283.06439208984375,100.0833969116211,52.09260177612305
745.5817260742188,283.1925964355469,100.12950134277344,49.27669906616211
744.7783813476562,282.6247863769531,101.7030029296875,50.457401275634766
747.60888671875,282.9855041503906,94.35399627685547,51.44810104370117
746.4561157226562,279.6160888671875,99.2886962890625,56.42300033569336
749.7105712890625,285.3616027832031,92.84040069580078,48.969200134277344
747.0263061523438,284.8420104980469,97.90339660644531,47.851898193359375
745.0607299804688,285.284912109375,101.73280334472656,47.24470138549805
744.6431884765625,284.4486083984375,103.12799835205078,48.924400329589844
746.7556762695312,283.0061950683594,99.60150146484375,51.30099868774414
745.381103515625,283.01971435546875,102.86100006103516,51.2244987487793
747.7797241210938,283.797607421875,102.0248031616211,50.045101165771484
745.2866821289062,283.4169006347656,102.97669982910156,50.69179916381836
749.0482788085938,282.0743103027344,99.46109771728516,50.79750061035156
746.1190795898438,285.0602111816406,95.81109619140625,49.373600006103516
749.0739135742188,283.92230224609375,89.45050048828125,51.09120178222656
744.203125,285.3794860839844,103.14649963378906,48.08259963989258
746.884521484375,284.0809020996094,100.5645980834961,49.518699645996094
746.8775024414062,281.2644958496094,100.94180297851562,52.94599914550781
746.6171875,282.00689697265625,99.01260375976562,53.97700119018555
750.001708984375,283.19891357421875,97.53019714355469,52.464900970458984
747.6890869140625,285.0127868652344,92.2759017944336,50.0880012512207
747.8973999023438,283.6505126953125,90.29499816894531,49.79750061035156
746.6519775390625,283.8432922363281,97.28309631347656,50.404598236083984
747.1046142578125,284.4010925292969,98.5188980102539,49.05139923095703
746.0477905273438,282.3822937011719,100.49369812011719,51.83869934082031
747.5244140625,285.4070129394531,101.30660247802734,47.941200256347656
745.5330810546875,282.80511474609375,102.67440032958984,51.38800048828125
747.1491088867188,281.7327880859375,100.27069854736328,54.29180145263672
748.1267700195312,282.11138916015625,100.34300231933594,53.10340118408203
746.2252197265625,282.90411376953125,97.7030029296875,50.47719955444336
748.4661254882812,286.58209228515625,96.4634017944336,45.4556999206543
747.6749267578125,285.4547119140625,92.68399810791016,47.84450149536133
749.0081176757812,285.0867919921875,89.31600189208984,46.92940139770508
747.6920776367188,285.38739013671875,91.75399780273438,46.944400787353516
749.027099609375,283.2528991699219,89.08560180664062,49.349300384521484
747.2755126953125,284.1465148925781,90.90550231933594,47.42839813232422
745.8422241210938,284.11260986328125,96.68399810791016,49.230899810791016
747.4105224609375,285.3714904785156,92.67549896240234,47.31990051269531
744.4478759765625,284.9254150390625,91.74410247802734,46.5796012878418
747.4603271484375,284.8616027832031,88.44339752197266,47.816200256347656
745.7197265625,284.1932067871094,93.63420104980469,48.123199462890625
747.3583984375,283.39898681640625,88.76300048828125,50.080101013183594
747.719482421875,284.473388671875,90.818603515625,48.52109909057617
745.2880249023438,282.48089599609375,94.66169738769531,51.809200286865234
746.9160766601562,282.8544921875,96.3573989868164,52.6879997253418
750.127197265625,282.6716003417969,92.4269027709961,51.32040023803711
748.2661743164062,283.8905029296875,91.92919921875,47.45209884643555
744.6765747070312,284.1133117675781,98.45780181884766,49.05160140991211
749.6270751953125,284.47900390625,89.2385025024414,48.589599609375
748.3560180664062,285.6882019042969,86.39530181884766,45.851898193359375
749.8939208984375,286.8302001953125,88.93589782714844,46.35490036010742
747.7274780273438,283.62200927734375,89.09639739990234,48.3031005859375
746.9332885742188,282.5202941894531,94.24669647216797,52.02040100097656
750.1245727539062,284.8393859863281,86.4708023071289,47.635101318359375
747.0551147460938,284.0492858886719,91.41120147705078,50.425498962402344
747.902099609375,285.7966003417969,89.22109985351562,48.20539855957031
747.0236206054688,286.4927062988281,89.15959930419922,46.738399505615234
747.8934936523438,286.1748962402344,89.07620239257812,47.123600006103516
747.58642578125,284.6243896484375,89.67040252685547,48.21189880371094
748.2943115234375,285.681884765625,84.74530029296875,47.779998779296875
748.2213134765625,286.3870849609375,85.7760009765625,46.7942008972168
745.092529296875,283.6745910644531,89.40409851074219,49.73529815673828
745.4517822265625,285.3504943847656,91.08619689941406,49.334800720214844
747.642578125,283.0325012207031,90.90409851074219,51.19169998168945
746.4437866210938,282.8902893066406,97.89649963378906,53.25210189819336
747.9437255859375,283.539794921875,90.61129760742188,52.709598541259766
748.16357421875,285.0816955566406,84.86830139160156,50.735198974609375
748.2888793945312,285.3599853515625,88.15470123291016,49.22019958496094
749.1088256835938,285.9668884277344,87.02330017089844,47.99589920043945
747.4622802734375,284.60400390625,90.46330261230469,49.25740051269531
746.6533203125,286.5722961425781,98.8948974609375,47.25
746.326171875,285.0246887207031,98.58429718017578,49.032798767089844
746.1365966796875,284.6654052734375,98.52320098876953,48.597198486328125
747.85107421875,286.08880615234375,96.95259857177734,48.529701232910156
745.2645263671875,286.4906005859375,99.2677993774414,50.49720001220703
746.2697143554688,284.4657897949219,98.97370147705078,51.095699310302734
746.0598754882812,285.3837890625,94.64949798583984,51.795501708984375
749.2960205078125,285.04150390625,89.89630126953125,53.63399887084961
750.8646850585938,285.0411071777344,86.13829803466797,52.784000396728516
749.2506713867188,285.01251220703125,89.56549835205078,47.6776008605957
748.1002197265625,284.47369384765625,89.82430267333984,49.0890007019043
750.0662231445312,282.7372131347656,94.14399719238281,53.86589813232422
747.0177001953125,283.86419677734375,101.7406997680664,51.8651008605957
743.8917846679688,284.32879638671875,98.64469909667969,51.532901763916016
746.3369750976562,285.88250732421875,97.24700164794922,51.541900634765625
748.32421875,284.33160400390625,90.9551010131836,52.90480041503906
749.94677734375,284.6697082519531,88.23529815673828,51.842201232910156
749.8259887695312,285.22430419921875,86.0248031616211,50.36140060424805
749.6077880859375,283.13299560546875,84.75520324707031,52.42539978027344
747.4979248046875,282.6050109863281,89.29609680175781,50.29209899902344
747.4337768554688,286.0325927734375,99.32060241699219,45.40129852294922
746.782470703125,282.9396057128906,101.49970245361328,50.27870178222656
748.3895874023438,281.5018005371094,98.89340209960938,54.35639953613281
750.3472290039062,282.1507873535156,88.00199890136719,51.43080139160156
747.0103149414062,283.3041076660156,97.2959976196289,53.27450180053711
749.221923828125,282.7867126464844,93.61849975585938,53.41680145263672
748.1683959960938,285.0862121582031,87.1365966796875,55.142601013183594
751.2659301757812,283.3091125488281,87.89669799804688,52.314998626708984
750.0698852539062,285.3169860839844,87.98359680175781,49.41510009765625
748.4639282226562,283.531005859375,90.58399963378906,49.400901794433594
746.9108276367188,283.1795959472656,93.66600036621094,49.09510040283203
747.517822265625,281.5826110839844,93.3311996459961,51.7666015625
749.6242065429688,283.902099609375,92.82479858398438,49.976600646972656
746.7310180664062,272.7355041503906,101.14230346679688,62.61180114746094
747.9608154296875,280.00909423828125,97.29550170898438,60.534698486328125
753.4030151367188,271.9005126953125,89.32119750976562,66.18589782714844
751.1893920898438,284.4059143066406,87.78569793701172,56.819400787353516
750.2756958007812,283.11920166015625,92.94439697265625,52.667999267578125
749.7777099609375,283.7267150878906,88.8230972290039,52.66109848022461
750.7858276367188,282.52978515625,86.87789916992188,52.123600006103516
749.9375,283.3158874511719,90.08049774169922,49.90480041503906
747.1889038085938,281.3008117675781,86.22530364990234,54.17150115966797
747.035400390625,283.4783020019531,88.23410034179688,48.13240051269531
748.82470703125,281.80010986328125,83.70210266113281,54.57419967651367
749.056396484375,285.3825988769531,89.24590301513672,48.55440139770508
746.713623046875,281.7810974121094,97.31680297851562,51.45989990234375
748.2921752929688,283.4584045410156,98.63939666748047,51.84000015258789
746.5612182617188,280.9172058105469,100.9301986694336,51.947601318359375
747.9788208007812,281.93939208984375,95.13140106201172,53.321998596191406
751.7562866210938,282.6512145996094,92.76249694824219,53.55759811401367
747.6483764648438,284.2477111816406,100.70099639892578,53.744998931884766
751.0211181640625,283.3721008300781,92.63179779052734,54.455299377441406
749.0994873046875,283.14678955078125,96.12460327148438,50.69839859008789
747.6121826171875,283.24810791015625,97.80940246582031,49.231201171875
748.326171875,281.2663879394531,98.05269622802734,53.45970153808594
748.9088134765625,280.26129150390625,93.99569702148438,54.86600112915039
747.5338745117188,279.0356140136719,95.03350067138672,57.27479934692383
748.748291015625,280.2370910644531,93.25579833984375,55.749900817871094
750.142578125,280.756591796875,87.08419799804688,54.28030014038086
748.435302734375,283.04150390625,93.90360260009766,51.75210189819336
747.5239868164062,282.7950134277344,101.14790344238281,53.874698638916016
745.8287963867188,282.85791015625,97.47219848632812,54.66510009765625
749.1185913085938,282.81610107421875,97.30380249023438,56.57820129394531
747.7590942382812,281.5181884765625,95.64910125732422,57.62860107421875
747.2423706054688,280.45660400390625,96.76789855957031,56.69329833984375
747.9918212890625,279.4927978515625,97.55619812011719,58.13249969482422
750.1785278320312,278.197509765625,92.72650146484375,58.70800018310547
748.64990234375,280.02349853515625,95.39459991455078,57.91809844970703
750.6309814453125,276.9656982421875,95.66419982910156,61.68659973144531
753.7910766601562,268.0802917480469,95.79329681396484,73.85649871826172
741.4797973632812,251.67269897460938,110.37870025634766,87.31539916992188
735.3607177734375,244.9799041748047,100.22010040283203,84.1957015991211
737.77392578125,242.2053985595703,106.88600158691406,94.90339660644531
733.1475830078125,236.98599243164062,119.13600158691406,78.9220962524414
739.8505859375,237.860595703125,113.23200225830078,91.5718994140625
726.8878173828125,230.5782928466797,130.59190368652344,77.68219757080078
725.2061157226562,236.38429260253906,137.63890075683594,85.13069915771484
719.4512939453125,233.2819061279297,160.70199584960938,69.03759765625
715.690673828125,225.3459014892578,180.26820373535156,83.46420288085938
717.0543823242188,227.5446014404297,180.97940063476562,85.00559997558594
721.7786254882812,222.27149963378906,193.77420043945312,94.22760009765625
724.6063842773438,228.24879455566406,202.8278045654297,91.80970001220703
726.540283203125,228.74209594726562,218.3717041015625,96.5062026977539
731.7241821289062,227.00180053710938,229.0800018310547,100.85769653320312
729.972412109375,219.64950561523438,228.8842010498047,108.87570190429688
732.3394775390625,222.4615936279297,228.27499389648438,109.14800262451172
729.0886840820312,227.89430236816406,232.84030151367188,106.44599914550781
734.719482421875,224.4434051513672,229.05239868164062,111.8594970703125
730.2459716796875,224.42030334472656,237.41110229492188,109.36260223388672
733.159423828125,227.18370056152344,232.0408935546875,111.5427017211914
740.748779296875,230.0590057373047,225.75050354003906,108.46990203857422
738.7302856445312,233.18930053710938,227.51280212402344,99.7615966796875
735.3333740234375,235.06039428710938,228.852294921875,95.90129852294922
737.4531860351562,235.6282958984375,226.0404052734375,91.4113998413086
738.3306274414062,234.52110290527344,221.2530059814453,93.56919860839844
734.314697265625,229.64089965820312,228.14810180664062,101.08309936523438
730.8657836914062,227.83470153808594,234.2239990234375,100.08110046386719
735.235107421875,227.77239990234375,228.1074981689453,98.3385009765625
731.5651245117188,226.02259826660156,233.38510131835938,101.75460052490234
729.9802856445312,226.40350341796875,235.05230712890625,98.30079650878906
739.1093139648438,222.54139709472656,224.88290405273438,102.51490020751953
740.602294921875,222.34950256347656,224.706298828125,100.95010375976562
740.24462890625,222.76170349121094,227.69630432128906,100.42140197753906
742.9711303710938,223.73289489746094,222.84190368652344,97.44170379638672
742.8724975585938,222.09719848632812,223.3957977294922,101.7854995727539
740.2490844726562,224.45849609375,226.87530517578125,103.13719940185547
744.5430908203125,223.86279296875,223.0998992919922,102.13200378417969
746.1259765625,223.72520446777344,219.481201171875,103.50450134277344
748.6981811523438,222.80360412597656,218.56900024414062,108.4374008178711
741.849609375,224.43099975585938,229.57620239257812,106.22460174560547
739.6414794921875,220.0836944580078,233.06430053710938,111.8228988647461
741.634521484375,222.3238983154297,228.54440307617188,112.12960052490234
735.4168090820312,222.0032958984375,237.7178955078125,116.31449890136719
733.6049194335938,221.21620178222656,241.7093048095703,121.68219757080078
737.2960815429688,221.1990966796875,236.49830627441406,122.20559692382812
736.0191040039062,223.12049865722656,239.60240173339844,109.78230285644531
738.5385131835938,221.5948028564453,230.49070739746094,114.82839965820312
734.9891967773438,223.7490997314453,233.92210388183594,115.21859741210938
737.2929077148438,222.81869506835938,235.63250732421875,126.10240173339844
743.35498046875,221.80299377441406,225.45779418945312,114.15380096435547
736.7723999023438,225.57290649414062,233.9029998779297,108.31670379638672
738.28759765625,226.2415008544922,233.93649291992188,105.17769622802734
740.529296875,226.38099670410156,231.89830017089844,106.19609832763672
740.4652099609375,226.702392578125,230.5225067138672,113.90019989013672
747.8287963867188,223.62240600585938,226.3408966064453,120.50759887695312
763.7537841796875,225.8061981201172,205.99110412597656,106.85160064697266
771.4201049804688,227.24029541015625,195.24989318847656,101.677001953125
756.166015625,225.5207977294922,212.27459716796875,101.1227035522461
764.5385131835938,224.95489501953125,200.82850646972656,106.75700378417969
754.4381713867188,224.54620361328125,210.78799438476562,107.71600341796875
761.9354248046875,222.63340759277344,203.80810546875,103.94920349121094
755.294189453125,222.20550537109375,210.70469665527344,108.24259948730469
776.8472900390625,221.9716033935547,187.71670532226562,102.39769744873047
788.68212890625,223.47219848632812,175.18679809570312,103.24359893798828
760.9298706054688,224.37759399414062,204.45750427246094,94.91349792480469
762.2548217773438,222.53419494628906,209.00289916992188,115.85590362548828
747.99267578125,224.53480529785156,222.66650390625,107.89749908447266
748.2706298828125,223.30520629882812,221.52169799804688,106.46710205078125
754.8927001953125,225.4738006591797,220.4868927001953,96.12429809570312
749.37158203125,224.0970001220703,223.1757049560547,95.22709655761719
751.4459838867188,224.69729614257812,221.83340454101562,96.25330352783203
750.5883178710938,223.9427032470703,222.01339721679688,97.50540161132812
742.1801147460938,225.48829650878906,232.75790405273438,100.1874008178711
746.072021484375,222.88609313964844,227.08599853515625,110.21279907226562
748.343505859375,223.22219848632812,221.8542938232422,109.25189971923828
743.7653198242188,216.8365936279297,232.87559509277344,115.65799713134766
742.3604125976562,214.09190368652344,228.29409790039062,125.63590240478516
746.850830078125,204.95889282226562,225.5010986328125,147.69419860839844
743.5357055664062,195.89439392089844,232.58599853515625,149.48080444335938
740.0576782226562,193.84759521484375,236.83599853515625,166.2812042236328
737.5626220703125,190.91070556640625,239.33140563964844,161.3948974609375
742.4730224609375,189.4571075439453,230.79220581054688,162.2465057373047
739.8436279296875,190.3428955078125,231.15609741210938,168.4322052001953
738.4376220703125,188.47970581054688,231.8820037841797,162.91140747070312
740.1998901367188,187.1855926513672,230.83810424804688,160.3665008544922
740.2719116210938,191.67860412597656,232.76600646972656,149.05760192871094
741.1826171875,191.59140014648438,230.6898956298828,153.14779663085938
740.4429931640625,193.78160095214844,234.07150268554688,162.601806640625
742.5972290039062,191.1667022705078,231.10020446777344,163.67140197753906
740.95947265625,190.3177947998047,230.9654998779297,157.50689697265625
747.1464233398438,191.1092071533203,226.7259063720703,168.4506072998047
747.2208251953125,188.08009338378906,222.05140686035156,170.6334991455078
762.4146728515625,186.9290008544922,216.0885009765625,158.69329833984375
764.6359252929688,193.09910583496094,208.4188995361328,157.42649841308594
789.940673828125,189.54449462890625,189.63340759277344,158.6237030029297
817.9102172851562,189.59609985351562,159.14390563964844,157.38319396972656
831.23681640625,192.8448944091797,146.59820556640625,143.66639709472656
828.9783935546875,196.4658966064453,144.9351043701172,154.62750244140625
831.4022827148438,200.4813995361328,146.7581024169922,121.9989013671875
833.3104858398438,204.9156036376953,142.3695068359375,118.45590209960938
830.9501953125,204.21339416503906,138.4167022705078,118.62470245361328
820.3779296875,204.56069946289062,155.55340576171875,111.0363998413086
821.9633178710938,203.39999389648438,156.906005859375,130.01510620117188
818.0001220703125,204.74729919433594,157.0041046142578,129.95339965820312
807.1610717773438,205.777099609375,169.54640197753906,113.4220962524414
824.4822998046875,205.5092010498047,154.3614044189453,113.53250122070312
820.1636962890625,206.3074951171875,157.1239013671875,110.90249633789062
829.5582885742188,205.12339782714844,145.4564971923828,108.22940063476562
826.538818359375,206.29840087890625,145.70570373535156,102.8290023803711
830.0288696289062,205.0615997314453,141.2812042236328,111.48040008544922
833.7628784179688,206.968994140625,138.17750549316406,105.01180267333984
829.707275390625,204.54249572753906,139.9541015625,117.27870178222656
828.11669921875,204.6864013671875,145.07530212402344,121.56909942626953
831.9910888671875,203.83580017089844,138.9199981689453,136.5718994140625
834.63818359375,202.71690368652344,136.05140686035156,128.78990173339844
832.8878784179688,203.71080017089844,138.9333038330078,121.11090087890625
831.5944213867188,204.1331024169922,139.0511016845703,112.98670196533203
832.2324829101562,205.00489807128906,139.93980407714844,121.21920013427734
829.5958862304688,206.7097930908203,140.19020080566406,111.98200225830078
829.6842041015625,210.16600036621094,141.21240234375,109.23290252685547
829.021484375,220.82020568847656,140.6376953125,109.10099792480469
830.80810546875,222.8488006591797,139.24789428710938,113.3053970336914
823.7974243164062,230.34129333496094,144.18930053710938,94.34410095214844
826.2747192382812,231.7342987060547,142.78970336914062,95.45719909667969
825.6848754882812,229.82940673828125,143.94520568847656,102.16780090332031
826.93798828125,228.6728973388672,143.45840454101562,102.8936996459961
825.609375,227.32650756835938,142.58180236816406,106.56179809570312
830.8258056640625,224.68690490722656,137.86129760742188,114.44319915771484
834.092529296875,224.64219665527344,134.4158935546875,112.6895980834961
839.4008178710938,223.78309631347656,130.2467041015625,116.82389831542969
843.823974609375,222.5688934326172,124.40589904785156,117.98500061035156
841.9221801757812,217.9853057861328,125.9574966430664,131.90469360351562
854.4249267578125,213.82850646972656,116.7886962890625,134.80990600585938
854.0626220703125,208.589599609375,115.00370025634766,142.3592987060547
846.8563232421875,211.41110229492188,122.55490112304688,134.99659729003906
848.3165283203125,211.31199645996094,119.30449676513672,137.55909729003906
841.8433837890625,208.798095703125,127.76830291748047,144.068603515625
844.5067749023438,210.71420288085938,125.7322006225586,150.0872039794922
856.1614990234375,208.0679931640625,109.30370330810547,147.5511016845703
848.7423706054688,209.62570190429688,119.36109924316406,136.08619689941406
846.1889038085938,210.66600036621094,126.00789642333984,134.9304962158203
848.3574829101562,210.53050231933594,123.31179809570312,137.61990356445312
849.2271118164062,210.32650756835938,122.45089721679688,139.693603515625
848.67919921875,207.40240478515625,122.68730163574219,141.62030029296875
854.3411254882812,204.96859741210938,117.00659942626953,147.818603515625
862.9061889648438,205.397705078125,104.61139678955078,140.18930053710938
874.4827880859375,204.74600219726562,98.99960327148438,138.02499389648438
878.402099609375,203.61419677734375,92.1405029296875,142.16580200195312
887.85302734375,204.61940002441406,80.0374984741211,135.1427001953125
890.0568237304688,204.4228057861328,76.54930114746094,133.22959899902344
890.9476928710938,201.38470458984375,77.14620208740234,131.18960571289062
892.1751708984375,203.7239990234375,74.16079711914062,128.07049560546875
893.3389282226562,200.3437957763672,73.00659942626953,128.2283935546875
888.318115234375,199.5081024169922,78.24919891357422,127.4977035522461
887.7056274414062,201.18589782714844,81.19339752197266,131.87930297851562
888.8497924804688,200.7091064453125,79.30449676513672,129.58920288085938
891.4317016601562,201.2321014404297,75.08409881591797,132.64630126953125
878.4832763671875,202.32749938964844,87.13719940185547,132.95590209960938
879.1588745117188,203.46009826660156,87.96910095214844,129.95559692382812
877.3718872070312,203.29519653320312,90.79460144042969,134.34320068359375
885.5322875976562,199.72079467773438,82.71260070800781,141.13720703125
889.2418823242188,199.66029357910156,77.38459777832031,137.914794921875
889.6473999023438,198.67520141601562,77.26959991455078,135.1051025390625
888.6588745117188,199.50369262695312,77.4375991821289,139.54469299316406
888.7183837890625,203.33779907226562,77.40260314941406,131.8173065185547
891.176025390625,206.5426025390625,76.52420043945312,115.98069763183594
899.9088745117188,206.04559326171875,65.0031967163086,132.6374053955078
900.2537231445312,206.2252960205078,64.72149658203125,124.78669738769531
900.6170043945312,204.9208984375,65.877197265625,125.57140350341797
901.736572265625,203.60040283203125,63.792598724365234,133.24789428710938
904.7943115234375,203.21119689941406,58.51530075073242,130.3863067626953
902.9569091796875,206.9604949951172,62.26169967651367,126.845703125
901.444091796875,207.55819702148438,63.5369987487793,127.63279724121094
901.4915161132812,205.658203125,63.39820098876953,125.35479736328125
901.7816162109375,202.37229919433594,63.483299255371094,134.51300048828125
902.156982421875,202.94590759277344,62.015899658203125,127.13200378417969
899.91162109375,202.67120361328125,64.8584976196289,129.1309051513672
900.12548828125,201.11349487304688,63.805599212646484,132.6707000732422
898.5543823242188,201.3778076171875,65.935302734375,126.15969848632812
896.6768798828125,202.34120178222656,69.64810180664062,112.81189727783203
894.9168701171875,200.75250244140625,70.8541030883789,110.54170227050781
895.927978515625,200.5500030517578,71.9845962524414,97.11759948730469
893.538330078125,199.71310424804688,72.73829650878906,98.12960052490234
892.598388671875,198.25100708007812,75.93620300292969,97.5906982421875
894.41552734375,197.52499389648438,72.86289978027344,103.70099639892578
893.0684814453125,197.05169677734375,74.61219787597656,101.75279998779297
892.3145141601562,197.3874053955078,76.55879974365234,111.50379943847656
890.3151245117188,197.74859619140625,77.90740203857422,107.22239685058594
889.0695190429688,199.0146942138672,77.83159637451172,97.36319732666016
887.5474243164062,199.11920166015625,78.97450256347656,99.13909912109375
887.594970703125,198.57440185546875,77.35279846191406,100.92839813232422
883.5828247070312,199.45849609375,82.59040069580078,101.63770294189453
884.8333740234375,199.960693359375,80.29039764404297,94.94120025634766
883.9227294921875,208.7926025390625,79.69760131835938,94.50090026855469
884.018310546875,204.8199005126953,80.7885971069336,89.2781982421875
882.5396728515625,207.56419372558594,79.12079620361328,98.45359802246094
870.9337158203125,207.26939392089844,95.66179656982422,95.36399841308594
871.6002807617188,209.04100036621094,93.18689727783203,105.18070220947266
862.4697875976562,208.79429626464844,101.97660064697266,109.3634033203125
859.3721923828125,211.07150268554688,107.63639831542969,97.48320007324219
852.9022827148438,211.914306640625,113.14360046386719,105.39810180664062
847.7996215820312,213.591796875,120.06649780273438,100.25910186767578
850.2030029296875,214.20480346679688,115.7500991821289,99.5999984741211
848.0855712890625,213.93519592285156,119.8124008178711,107.87419891357422
845.87451171875,213.29989624023438,118.90570068359375,102.46990203857422
843.0963745117188,214.45750427246094,124.33380126953125,108.4437026977539
837.628173828125,213.06460571289062,129.68209838867188,109.35579681396484
836.3668823242188,215.20230102539062,129.9062042236328,104.02330017089844
832.3338012695312,215.38209533691406,136.78529357910156,106.64179992675781
829.2902221679688,216.6717987060547,138.49769592285156,105.25189971923828
832.8549194335938,214.70289611816406,132.39039611816406,118.04329681396484
828.6229858398438,215.285400390625,139.07479858398438,117.58869934082031
824.2393798828125,216.1304931640625,143.1540069580078,125.81590270996094
825.7255859375,216.864501953125,137.7519989013672,121.8905029296875
822.2913208007812,212.97889709472656,140.90589904785156,132.26109313964844
822.0930786132812,215.2906036376953,139.18589782714844,125.22059631347656
811.1796264648438,212.72909545898438,148.75070190429688,129.55360412597656
805.9727783203125,215.98410034179688,154.73699951171875,111.78829956054688
800.9686889648438,218.4344024658203,161.0718994140625,106.02200317382812
798.4028930664062,218.4929962158203,163.11270141601562,104.8655014038086
800.8925170898438,220.6627960205078,157.67449951171875,100.14569854736328
796.0277099609375,222.77020263671875,163.43629455566406,103.697998046875
789.1004028320312,224.8480987548828,170.90499877929688,100.23079681396484
788.3286743164062,224.37249755859375,171.37240600585938,107.25990295410156
789.5421752929688,224.32130432128906,166.9698028564453,104.0708999633789
788.1547241210938,225.4687042236328,170.65550231933594,104.97309875488281
783.569091796875,230.32139587402344,172.25869750976562,103.18830108642578
776.02001953125,231.72250366210938,179.44290161132812,105.17369842529297
769.0427856445312,233.74729919433594,185.2136993408203,102.4291000366211
756.393310546875,238.48379516601562,202.5594940185547,101.56340026855469
745.6849975585938,237.28329467773438,216.64759826660156,105.90969848632812
746.173583984375,238.12060546875,215.15679931640625,111.98609924316406
755.0701293945312,237.12179565429688,202.39450073242188,122.61260223388672
749.3043212890625,241.69020080566406,204.29299926757812,108.82630157470703
745.7083129882812,242.69619750976562,214.11790466308594,99.78309631347656
741.3480834960938,244.4156951904297,219.46279907226562,102.19210052490234
740.5662231445312,245.41050720214844,220.3343963623047,103.78849792480469
741.9365844726562,245.5919952392578,218.7436065673828,103.5884017944336
743.2365112304688,246.0009002685547,215.6511993408203,101.5624008178711
742.7504272460938,248.0290069580078,215.11819458007812,108.65579986572266
740.6436767578125,244.58799743652344,218.4481964111328,111.75469970703125
736.969970703125,247.64169311523438,226.26229858398438,103.97380065917969
738.0772705078125,246.5865936279297,220.22140502929688,103.43460083007812
733.4127197265625,245.30419921875,226.8636932373047,103.12779998779297
739.010986328125,244.44659423828125,219.8105926513672,104.19539642333984
733.3521118164062,238.9488067626953,227.3090057373047,113.30560302734375
736.2025146484375,236.83189392089844,224.21749877929688,112.29910278320312
