1
m687,239,11,25,10,1,9,2,8,3,7,4,7,4,6,5,5,6,5,5,5,6,5,6,5,6,5,6,1,11,3,2,1,5,2,2,3,3,8,3,9,2,16,1,8,5,6,4,7,3,7,4,7,3,8,3,7
m690,243,13,22,10,2,10,3,10,2,10,3,10,2,10,3,9,6,6,6,8,6,10,3,10,4,7,6,5,7,6,2,1,1,1,1,5,6,8,5,8,4,8,5,7,5,8,4,8,4,8,4,9
m696,242,11,23,10,1,9,2,9,2,8,3,8,3,7,4,7,4,7,4,7,4,7,4,7,4,8,3,4,1,3,3,5,1,2,3,4,2,2,2,5,2,2,1,5,6,5,4,6,5,6,4,7,4,6,4,6,4,7
m703,242,12,23,22,2,10,2,10,2,9,3,9,3,8,3,8,4,8,4,7,5,6,6,5,3,1,3,4,3,2,2,4,4,2,3,5,2,10,1,11,4,6,6,6,5,6,6,6,5,6,5,7,5,7
m709,243,10,22,9,1,8,2,8,2,7,3,7,3,6,4,5,4,6,5,4,6,5,4,6,1,1,2,44,1,8,4,5,4,5,5,5,4,6,4,6,3,7
m713,243,14,23,13,1,12,2,10,4,10,4,10,3,9,4,10,4,9,4,10,5,8,6,7,6,8,7,6,8,7,2,1,2,8,3,11,2,12,3,9,5,9,5,9,5,8,5,8,5,9,4,10
m719,244,10,22,18,2,8,2,7,3,6,4,5,5,5,3,7,4,6,4,5,5,5,5,8,2,5,2,1,1,24,3,6,4,6,4,6,3,6,4,6,3,7,3,7
m721,245,13,21,11,2,10,3,10,3,9,4,8,5,7,5,8,5,7,5,8,5,8,5,9,3,6,1,3,1,8,1,25,3,10,3,9,4,9,4,8,4,9,3,9,4,9
m725,246,12,20,11,1,10,2,10,2,9,3,8,4,8,3,8,4,8,4,9,1,1,1,77,3,7,5,7,5,7,4,6,5,7
m728,246,13,21,11,2,10,3,9,4,8,5,8,5,7,6,7,5,7,6,6,7,7,5,10,3,8,1,1,2,7,1,24,4,9,4,8,5,8,5,7,5,7,5,8,5,8
m731,246,14,21,27,1,12,2,11,3,10,4,9,5,9,5,8,5,9,5,9,4,77,4,9,5,8,5,9,4,8,5,8,4,10
m737,247,11,18,10,1,8,3,8,3,7,4,7,4,6,5,5,5,6,5,8,2,59,3,7,4,7,4,6,4,7
m739,249,11,17,9,2,8,3,7,3,7,4,6,5,6,5,7,3,49,2,8,4,6,5,6,4,6,4,7,3,8
m742,249,19,16,9,3,15,4,14,4,14,5,14,4,14,4,16,3,107,4,14,5,14,5,13,5,13,1
m744,249,17,16,10,1,14,3,13,4,12,4,12,4,13,4,14,3,95,3,13,6,11,5,7,8,10,3
m746,249,17,16,10,2,14,3,13,3,13,4,12,4,13,3,14,4,111,5,11,3,8,4,2,2,10,4
m748,249,18,16,10,1,16,2,15,2,15,3,14,3,14,5,12,6,13,5,14,4,14,4,15,5,11,7,8,11,6,13,5,4,5,6,2,4,7,7
m749,249,17,15,9,3,13,4,12,5,11,5,10,5,9,9,7,10,12,6,13,5,11,7,11,6,10,8,6,1,2,8,4,4,1,9,3,3,5,8
m750,249,14,16,10,2,10,4,10,3,10,3,9,4,8,6,5,10,12,1,68,5,4,11,3,2,5,5,1,2,7,3,1
m751,250,13,15,8,3,9,3,9,3,10,3,9,3,9,5,8,5,59,1,1,4,5,15,4,8,7,3,1
m749,251,21,14,10,2,18,2,19,2,17,3,11,10,11,11,11,2,1,7,11,2,1,1,1,7,11,11,7,16,7,15,6,16,5,4,2,13,1,4,5,11
m750,250,13,15,9,4,8,5,7,6,6,6,6,6,3,10,6,6,59,4,8,1,10,8,5,2,6,3,1
m749,250,15,16,10,2,12,3,11,4,10,5,9,5,9,6,5,9,6,1,2,6,5,4,1,8,3,12,2,14,2,14,2,13,2,13,1,3,5,9,7,5
m748,251,18,15,9,3,14,5,12,5,12,6,11,6,8,1,1,8,7,2,1,8,14,6,12,5,13,6,12,6,11,6,8,2,3,7,5,3,6,7,1,3,9,6
m746,251,17,15,10,2,13,4,12,4,13,3,12,4,13,6,11,5,15,1,15,2,15,4,14,1,2,1,10,6,8,4,4,2,6,3,8,4,1,4,9,4
m743,250,19,16,11,2,15,4,14,5,13,6,12,6,12,7,8,10,8,11,8,12,7,13,6,13,7,12,7,12,7,9,3,1,6,5,8,9,11,4
m740,250,21,17,12,2,17,4,16,5,15,6,15,5,15,6,10,10,11,10,11,11,10,11,10,10,12,9,12,6,14,5,15,5,16,4,15,5,16,1
m738,249,14,18,12,2,11,3,10,4,9,5,8,6,7,6,7,6,8,6,8,5,49,2,11,4,9,4,9,4,10,3,10,3,11
m735,249,13,17,11,2,10,3,9,4,8,5,7,6,6,6,5,8,3,10,3,10,2,11,3,10,3,9,4,8,5,6,6,5,8,4,9,3,9
m733,248,13,18,11,2,10,3,9,4,8,5,7,6,6,6,6,7,2,10,3,11,2,11,2,10,3,10,3,9,4,6,7,5,7,5,8,4,9,3,10
m723,254,16,14,6,2,2,2,1,1,8,9,7,4,2,1,9,3,6,1,6,3,13,3,12,5,8,8,7,9,7,9,6,9,7,8,9,5,10,5,11
m724,247,14,18,12,2,10,4,9,5,8,6,7,7,6,7,4,9,2,12,2,12,2,55,1,12,3,8,6,6,8,4,9,4,10
m720,246,14,19,13,1,12,2,10,4,9,5,8,6,8,5,7,6,7,7,3,10,4,10,3,11,3,11,4,9,5,7,7,6,9,5,8,5,9,3,10,3,11
m711,246,16,20,15,1,14,2,12,4,11,4,12,4,11,4,11,5,10,6,10,6,12,1,74,4,11,5,10,4,11,5,10,5,10,4,12
m706,246,16,22,15,1,13,3,13,3,12,3,12,3,12,4,12,3,13,4,12,2,11,1,15,2,14,2,14,2,13,4,11,5,10,5,10,5,10,6,9,6,9,6,10,5,11,3,13
m699,243,17,23,32,2,15,2,14,3,13,2,1,1,11,4,1,1,11,3,1,1,12,3,13,5,11,6,11,6,7,10,6,11,6,11,7,7,10,6,11,5,11,5,12,5,11,5,12,4,11,5,11,5,12
m695,243,18,22,16,1,16,3,14,4,13,4,13,5,12,5,12,5,12,6,12,5,12,6,10,8,9,10,7,9,8,9,10,7,10,7,12,5,12,6,12,5,13,4,11,6,12,5,13
m689,244,16,21,15,1,14,2,12,3,12,4,12,3,12,4,11,5,11,6,9,7,9,6,72,3,12,4,11,5,11,4,11,4,11,4,10,6,10
m681,244,17,20,15,2,14,3,13,4,11,5,11,6,11,5,11,6,9,8,6,11,6,12,4,14,3,14,2,14,4,12,5,8,9,7,10,6,11,5,10,7,9,7,10
m675,243,15,22,14,1,13,2,12,3,11,4,9,5,3,2,4,5,2,4,4,5,4,1,4,5,8,9,6,7,1,1,5,8,1,1,5,8,7,7,8,7,8,7,9,6,9,5,9,5,10,4,11,4,10,4,11,3,9
m667,235,19,30,18,1,16,3,15,4,14,5,13,5,13,6,13,5,14,5,5,14,5,14,7,12,8,11,10,9,12,9,10,8,10,9,7,13,6,11,7,11,8,10,8,7,12,6,13,5,14,4,15,4,14,4,15,4,15,3,15,3,15,4,14
m661,240,15,24,13,2,12,3,10,5,9,6,8,7,8,7,7,8,7,7,8,7,7,7,8,7,6,11,3,12,2,13,1,11,1,2,2,9,6,8,7,7,9,5,10,4,10,5,10,4,11,3,11,4,10
m650,242,18,24,9,1,16,3,15,3,15,3,14,5,12,9,9,10,7,11,5,14,2,88,1,16,4,12,9,8,11,6,11,7,12,6,11,7,10,7,11,7,11,5,9
m645,239,13,27,12,1,11,2,10,3,10,3,11,2,9,4,8,5,7,6,6,6,5,8,4,9,3,10,3,50,1,12,2,8,6,5,9,4,9,3,9,4,9,4,9,4,9,3,10,3,10,2,8
m652,240,11,24,8,3,7,4,7,4,6,5,6,5,5,6,5,5,5,6,5,6,4,8,2,9,2,9,2,9,3,2,2,1,7,1,9,2,8,6,4,6,5,6,4,7,4,6,5,6,6,5,6,4,6
m662,240,11,25,9,2,8,3,7,4,7,4,6,5,5,6,5,6,5,6,5,6,5,6,5,6,4,7,4,7,4,7,3,8,3,6,5,6,4,6,4,7,3,7,4,7,4,6,5,5,6,5,6,5,6
m668,240,12,24,10,2,9,3,8,4,7,5,7,5,6,6,5,7,2,21,2,11,1,11,2,10,2,10,1,11,3,8,3,8,5,7,5,7,5,5,7,5,7,5,6,6,6,4,8,3,7
m676,241,10,24,7,3,6,4,6,4,5,5,4,6,4,5,4,6,4,6,4,6,4,6,5,5,43,4,6,5,5,4,5,5,5,4,6,4,6,4,5,4,6,3,7
m685,240,11,25,8,2,8,3,7,4,7,3,7,5,5,6,5,5,6,5,5,6,5,6,4,8,3,9,2,9,1,10,1,10,1,10,1,8,3,7,5,5,5,5,6,4,7,4,7,3,7,4,7,3,8
m687,241,15,26,13,1,13,2,12,4,10,4,11,4,10,4,11,3,11,5,10,5,10,5,9,6,9,6,8,9,6,9,6,9,6,8,7,7,7,6,9,4,10,5,8,7,8,7,8,7,7,7,8,4,11,3,11
m697,242,12,25,11,1,10,2,9,3,8,4,8,4,7,5,6,6,5,6,6,6,7,5,8,4,8,3,54,3,8,6,6,6,6,6,5,6,6,6,5,7,4,5,7,3,9
m702,243,14,24,11,2,10,5,8,6,8,5,7,7,7,6,7,7,7,7,6,8,6,8,4,11,3,12,2,11,3,11,3,11,3,10,4,7,7,7,6,7,8,6,8,6,6,8,6,6,8,3,2,1,8
m708,244,14,24,13,1,12,2,11,3,10,4,9,5,8,6,8,5,8,6,7,7,7,7,6,8,7,1,1,4,8,1,1,4,8,1,41,2,11,4,10,3,10,4,10,4,7,6,7,6,8,4,10
m713,245,13,23,25,1,11,2,10,3,9,4,9,4,8,4,9,4,9,4,8,5,9,4,71,2,10,4,8,4,9,4,8,4,8,4,8,4,9
m718,246,13,22,11,2,10,3,9,4,9,4,8,5,8,5,7,5,8,5,8,5,8,4,10,3,59,2,10,3,9,4,9,3,9,4,8,4,8,5,8
m722,250,14,19,7,1,13,2,12,2,11,4,10,5,9,5,9,6,10,6,77,1,12,3,9,4,9,5,7,6,7,6,8
m729,248,12,21,11,1,10,2,8,4,8,4,7,5,7,4,7,5,7,5,7,5,8,3,9,2,10,1,8,1,22,4,8,3,8,4,8,3,8,4,7,4,8,3,9
m733,249,14,21,12,2,10,4,9,5,8,6,8,6,7,6,8,6,7,6,9,5,9,5,8,5,8,6,8,2,25,4,10,3,10,4,10,3,10,3,11,2,10,1,13
m738,251,12,18,10,2,9,3,8,4,8,4,7,5,6,5,7,5,7,4,11,1,41,3,8,5,7,4,7,4,8,4,7,4,8
m742,251,12,17,10,2,8,4,7,5,6,6,6,6,6,5,5,6,4,8,6,5,8,4,6,6,6,1,1,1,2,1,5,7,4,7,5,6,5,5,7,4,8
m745,250,17,19,12,2,14,3,13,4,12,6,11,5,11,5,11,6,10,6,10,6,11,6,65,2,10,10,6,6,3,4,3,5,7,4,1,4,9,7,11,2
m747,253,17,17,11,2,14,4,13,4,12,4,11,6,9,7,6,11,5,14,3,15,3,15,2,16,3,13,4,14,3,4,3,7,2,4,6,5,1,4,8,4,1,3,9,2,2
m750,253,19,16,11,3,15,5,13,5,13,6,12,6,8,10,8,11,8,12,7,13,6,14,5,14,6,14,6,14,4,15,1,1,1,5,3,15,5,8,1
m753,254,17,15,10,2,14,4,12,5,11,5,11,5,7,10,6,12,5,13,4,14,3,16,2,16,2,15,2,15,1,16,1,3,3,9,1
m753,254,18,15,12,2,16,2,14,4,13,5,12,5,7,10,6,12,6,13,5,14,5,13,6,14,5,15,3,15,2,16,2,7,4,5
m754,256,20,14,12,1,36,2,11,11,8,12,7,15,5,17,4,19,2,18,3,17,4,16,4,4,2,10,3,4,5,6,5,3,8,1,5
m755,259,21,15,9,1,12,12,8,14,7,16,5,17,5,18,4,19,3,18,4,17,4,2,5,10,4,1,6,6,17,3,19,2,19,3,18,3,4
m755,261,23,13,0,11,13,15,8,17,6,17,7,17,7,17,7,15,1,1,7,2,4,12,4,2,6,5,3,3,13,4,4,1,15,3,20,3,21,2,6
m755,256,24,20,13,1,68,1,15,3,2,4,13,14,10,16,8,18,6,21,5,20,5,21,3,21,4,4,2,14,3,3,5,13,4,1,7,5,3,4,14,3,4,3,14,3,4,2,15,3,5,1,16,2,22,2,7
m755,260,23,15,8,5,11,12,10,15,8,17,7,17,7,19,5,19,5,19,4,4,2,13,3,3,5,12,3,2,7,5,4,2,14,3,20,3,21,2,21,2,6
m756,258,20,17,8,1,18,3,16,4,11,10,9,13,7,13,7,17,4,16,4,19,1,19,1,6,1,12,1,4,5,9,1,4,7,5,17,3,17,3,17,3,18,2,4
m754,256,21,14,10,3,17,5,16,3,17,5,14,6,10,11,9,14,8,17,4,18,4,18,3,19,2,19,2,19,1,20
m751,256,20,13,11,3,16,5,13,6,8,11,7,13,8,11,9,12,9,10,9,13,8,12,9,13,7,13,7,16,1
m748,255,21,16,13,1,19,2,18,3,16,5,16,4,14,7,10,11,8,14,7,16,6,16,6,18,4,18,3,18,3,4,4,10,3,3,6,9,2,3,7,3,4,1,1
m746,254,20,16,14,1,17,3,16,4,15,5,14,6,13,6,9,10,8,13,6,15,5,16,5,16,5,15,6,17,3,17,3,4,5,8,3,3,8,3,3
m743,255,19,15,12,2,16,3,15,4,14,5,14,4,9,10,7,12,6,14,5,15,5,14,6,13,1,1,4,13,6,7,4,4,4,4,9,4,1,4,14
m739,253,16,19,30,2,13,3,12,4,11,5,10,5,11,5,8,7,7,9,6,10,6,10,6,10,6,10,6,8,6,7,8,7,9,5,10,4,12,3,13
m735,254,16,18,14,2,12,4,11,5,10,6,10,5,10,5,7,9,7,9,6,9,7,9,6,9,8,8,8,6,9,5,10,6,9,6,10,5,10,4,12
m729,253,18,20,16,2,15,3,14,4,13,5,13,5,12,5,7,3,2,6,2,9,1,5,3,15,3,15,3,12,1,2,3,12,6,11,7,10,7,11,7,10,8,9,10,6,12,5,13,5,12
m730,252,15,18,14,1,12,3,10,5,9,6,7,7,8,6,7,8,4,10,4,11,4,12,2,14,2,13,2,12,4,9,6,6,9,4,10,4,11,3,11
m722,251,17,19,15,2,14,3,13,4,11,6,10,7,9,7,7,10,5,11,6,10,3,14,3,14,3,14,3,13,7,9,9,6,11,4,13,4,12,4,12,3,12
m718,251,17,20,15,2,13,4,12,5,11,6,10,6,10,6,10,7,7,10,7,10,7,10,7,9,8,5,1,2,8,6,2,1,8,8,9,6,10,5,11,6,10,6,11,5,11,4,13
m711,249,17,22,32,2,13,4,12,5,11,6,10,6,10,7,10,6,8,9,6,11,5,12,5,13,4,13,4,13,4,12,5,9,8,6,10,7,9,7,10,6,10,5,12,4,13
m704,250,18,21,17,1,15,3,14,4,13,5,12,6,12,5,12,5,11,8,8,10,6,12,6,12,6,11,7,10,8,8,11,5,12,6,10,7,10,7,11,6,11,6,12,4,13
m699,249,18,22,35,1,15,3,14,4,13,5,13,4,13,5,12,6,11,6,12,5,100,4,12,6,11,6,11,6,11,6,11,7,10,6,12
m692,247,18,24,34,2,14,4,13,5,12,6,11,7,11,6,11,7,11,7,9,9,8,10,6,13,5,13,7,11,7,10,6,7,12,6,11,6,11,7,10,7,10,7,10,7,10,7,12,5,12
m688,247,19,22,17,2,15,4,14,5,13,6,12,6,13,5,12,7,11,7,12,7,8,11,6,13,6,15,4,15,4,15,4,15,4,10,10,7,11,7,11,7,11,7,12,6,12,5,14
m688,235,18,18,16,1,15,3,13,6,12,6,11,7,11,6,11,8,9,7,10,7,8,10,6,11,5,12,6,11,6,11,8,9,11,7,12,5,14,3,10
m675,245,16,23,15,1,13,3,13,3,12,4,10,6,9,7,8,8,7,8,6,9,6,10,7,9,6,11,5,12,4,11,5,11,5,11,5,5,11,5,11,4,10,5,10,6,10,5,10,4,12
m667,244,18,25,17,1,16,2,15,3,14,4,13,5,12,5,13,5,11,6,11,7,11,7,10,8,11,8,10,1,16,2,34,1,16,4,13,5,12,6,11,6,10,7,10,7,11,5,12,5,13,5,13
m658,243,18,25,15,3,14,4,13,4,13,5,12,6,11,6,12,5,12,4,14,5,13,5,13,5,9,3,1,9,3,15,2,14,3,14,4,11,8,8,11,7,11,7,11,6,12,6,10,7,10,7,11,7,11,5,13
m651,242,18,31,16,2,14,4,13,5,12,6,12,6,10,7,10,8,9,8,9,8,10,8,10,8,8,12,5,14,4,14,3,15,2,16,2,15,3,12,5,10,9,8,10,7,9,9,9,8,10,8,10,8,10,7,12,5,13,5,13,4,15,3,15,2,14
m656,242,18,34,14,1,32,6,9,7,9,10,8,8,1,2,6,12,6,12,6,12,6,12,5,13,4,14,3,16,2,51,2,16,3,12,8,9,10,7,12,6,12,6,12,6,12,6,12,6,12,6,12,6,12,5,13,3,14,4,14,3,15,3,15,2,16,2,11
m664,239,16,29,13,1,14,4,11,5,10,6,9,7,8,8,8,8,7,8,8,6,1,1,8,6,10,7,8,8,8,8,5,2,1,9,4,13,3,12,4,12,3,10,1,2,4,9,1,2,4,9,6,8,8,8,8,8,7,9,7,7,9,7,8,7,9,6,10,5,11
m669,241,14,28,13,1,12,2,11,3,10,4,9,5,8,6,7,7,7,7,6,7,7,7,7,7,5,10,5,9,4,10,4,10,4,10,5,9,5,9,5,7,6,7,6,7,6,8,6,8,6,8,5,8,5,9,5,5,9,5,9
m678,242,14,25,12,1,10,5,9,4,9,5,9,5,8,6,7,7,7,6,7,7,7,7,7,7,4,11,3,12,1,13,1,13,1,13,2,11,3,9,6,6,7,6,9,5,9,4,10,4,8,5,8,5,9
m683,243,14,25,11,3,10,4,10,4,9,5,8,5,8,6,8,5,9,5,8,7,7,7,6,9,5,9,3,10,4,10,4,10,4,7,6,7,8,6,8,5,8,5,9,5,8,6,7,6,8,5,9,4,10
m689,246,13,22,10,2,10,3,9,4,8,4,9,4,9,3,8,5,8,7,6,8,5,8,4,9,4,9,4,9,4,7,6,6,7,5,8,5,7,5,7,6,6,6,7,5,7,6,7
m693,245,14,23,13,1,11,3,10,4,9,5,8,5,8,6,8,5,9,5,8,7,7,8,5,9,3,11,2,12,2,12,2,11,3,10,6,7,7,5,9,4,9,5,9,4,8,1,1,3,8,2,1,2,9
m699,245,11,23,21,1,9,2,8,3,7,4,6,5,5,6,5,5,5,6,5,6,4,8,1,42,1,9,2,9,2,8,4,6,5,5,6,4,7,3,8,3,7
m704,246,12,24,10,2,9,3,8,4,7,5,7,4,7,5,6,5,7,5,7,5,7,5,7,6,8,5,52,3,7,5,7,5,7,4,7,5,7,4,7,4,8,4,8
m705,248,13,23,25,1,12,1,11,2,10,3,9,3,10,3,9,4,8,5,10,3,84,4,8,5,7,6,6,6,6,6,6,6,7,4,9
m710,249,13,22,11,2,11,2,10,3,10,3,9,4,8,4,9,4,8,5,6,7,7,7,9,4,44,2,10,4,8,5,8,4,8,5,7,5,8,4,8,4,9
m713,250,13,21,11,2,10,3,10,3,9,4,8,3,8,5,8,5,8,6,7,5,8,2,60,5,8,4,9,4,8,4,9,4,8,4,9,3,9
m713,256,11,17,6,4,8,1,2,1,68,5,5,8,2,9,2,9,2,8,3,7,4,7,4,6,5,5,6
m719,249,13,21,12,1,11,2,10,3,9,4,9,4,8,5,7,5,8,5,7,5,7,6,7,6,8,6,4,9,4,9,5,1,1,3,6,3,1,4,5,8,5,5,8,4,8,4,8,4,9
m720,251,13,20,12,1,10,3,10,2,10,2,11,2,10,2,10,3,9,6,7,7,10,3,55,5,8,4,8,5,8,4,8,4,8,4,9
m722,251,13,20,24,2,11,2,10,3,10,2,10,2,10,3,9,5,7,6,6,7,5,9,4,9,4,3,5,1,4,3,10,6,6,5,8,4,8,4,8,4,8,4,9
m725,252,11,18,21,1,20,2,8,2,8,3,6,5,5,7,6,2,60,2,8,3,8,2,8,2,9
m725,257,11,14,8,2,8,4,7,4,70,2,8,2,8,2,8,3,7,3,8
m727,259,17,12,7,2,114,10,6,4,3,7,2,2,7,6,1,3,7,4,3,2,14
m726,258,16,15,9,2,14,1,95,1,14,7,8,9,1,4,1,14,1,10,1,4,1,2,1,6,2,3,2,1,4,3,3,3,8,1,4
m726,257,13,15,11,1,96,4,8,5,6,1,1,4,7,6,5,1,1,4,1,1,5,1,1,3,9,4,9
m726,258,18,16,11,3,13,9,10,8,7,6,15,2,13,4,13,5,7,11,7,8,10,7,11,6,12,6,12,5,14,4,14,3,15,3,14
m728,257,15,17,10,2,11,1,1,2,4,13,2,29,1,14,2,13,2,12,1,13,3,11,4,10,4,6,2,3,5,4,4,1,5,4,11,4,11,3,12,2,13
m728,264,10,8,3,5,4,8,2,8,1,6,1,1,2,6,4,5,5,4,5,4,6
m726,258,17,17,6,4,97,2,14,9,8,13,3,14,3,14,2,5,1,9,2,4,4,7,2,3,6,5,2,2,9,3,3,1,15,2,15
m727,255,20,18,14,1,18,3,15,6,13,7,14,6,88,3,16,10,9,15,5,17,2,18,1,19,1,3,3,10,3,3,4,7,6,1,8,4,7
m732,257,18,14,2,4,2,2,9,10,7,2,1,10,15,2,60,4,15,13,6,16,3,15,4,14,6,12,8,10
m723,254,25,15,10,1,22,4,17,8,16,10,2,3,8,18,7,22,1,1,1,43,6,18,7,19,9,15,12,14,10,4,8,1,12,4,21,3,18
m722,254,28,15,5,5,19,10,17,11,4,2,12,10,3,4,15,16,24,8,120,10,16,21,7,10,2,13,3,3,14,8,3,2,16,7
m722,254,17,16,7,2,13,4,11,6,8,34,1,16,2,12,5,3,1,5,7,9,7,11,2,1,4,13,4,13,4,6,10,5,12,4,13,3,14
m718,257,15,16,2,8,2,1,3,14,1,14,1,14,1,14,2,13,3,11,4,9,6,7,7,6,9,5,9,5,10,4,10,4,11,3,12,2,13
m717,256,13,15,1,9,3,12,3,11,2,11,2,11,2,7,3,1,1,12,2,9,3,10,4,8,4,7,6,6,7,4,8,4,9,3,10
m715,251,15,18,3,3,10,8,7,8,6,10,5,10,6,9,8,12,3,12,4,11,4,6,9,9,6,9,5,10,5,10,4,10,4,9,5,8,7,5,10
m712,254,15,16,1,4,10,8,8,8,5,1,3,12,3,12,3,11,4,10,3,13,2,13,2,13,3,13,1,10,1,2,2,5,10,4,10,4,11,3,12
m707,250,18,23,7,2,13,7,11,8,9,10,9,9,11,8,10,12,12,3,1,2,96,7,10,8,8,9,8,8,10,6,11,6,12,5,12,5,13,4,14,3,15
m704,253,18,17,5,2,12,9,9,10,7,13,3,1,2,17,3,15,3,14,2,16,2,14,3,14,4,14,4,12,6,10,9,7,12,4,14,4,14,3,13
m701,252,13,17,4,2,11,4,7,7,7,7,76,1,4,26,1,11,2,9,4,7,7,5,8,4,7
m702,249,10,18,4,2,7,4,6,5,6,5,5,6,3,7,3,7,51,6,4,8,2,7,3,6,4,5,4,4,6
m698,249,12,17,1,1,10,3,10,4,6,13,1,23,2,9,63,4,8,4,8,4,7,4,8,4,7
m690,245,19,22,10,3,14,7,2,1,10,10,4,15,4,15,4,13,6,12,1,2,5,13,7,11,9,9,13,5,99,12,7,12,7,12,7,10,9,2,1,6,15,3,11
m685,244,18,23,15,3,15,3,13,5,11,7,9,8,10,7,10,8,10,8,9,10,8,10,8,10,11,5,80,6,11,8,10,7,8,10,7,3,2,6,13,4,14,3,9
m687,247,13,20,8,3,7,7,5,8,5,8,5,9,2,24,1,11,68,2,9,7,7,7,6,7,6,7,6,6,6,6,7
m678,244,23,25,15,3,20,3,20,3,138,1,20,4,18,8,117,6,15,11,13,3,4,3,16,1,3,3,19,3,20,3,19,3,20,2,20,2,16
m675,260,10,15,7,3,6,4,6,4,5,5,4,6,3,6,4,6,3,6,4,6,3,6,4,5,4,5,5,4,6,4,6,3,7
m671,249,20,17,29,4,4,3,7,7,1,5,7,13,8,4,135,2,17,7,13,7,7,2,4,1,3,3,7,6,14,5,15
m667,246,23,20,18,1,60,1,22,1,85,2,20,9,2,1,11,13,10,13,10,13,9,16,7,20,3,6,2,12,2,7,2,13,1,6,3,21,2,13,1,5,4,13
m663,249,28,17,7,4,24,4,4,2,18,3,5,4,16,12,18,9,21,3,1,2,18,1,8,1,26,3,12,1,2,5,5,3,11,9,5,3,11,27,1,27,1,27,1,55,1,27,2,25,1
m653,245,22,19,13,3,17,5,3,2,10,7,6,15,3,1,4,13,11,11,3,1,14,8,18,4,19,2,80,2,1,1,15,10,11,17,5,17,4,18,4,5,1,12,5,1,5,8,3
m648,244,23,22,20,3,18,5,6,2,10,5,5,5,8,5,4,6,7,5,5,7,6,3,8,7,6,2,8,7,42,1,21,4,16,6,17,8,16,8,13,12,8,15,8,12,11,11,13,9,14,8,15,7,17,5,16
m646,242,22,30,9,4,6,1,8,1,1,6,3,5,6,1,1,12,11,9,13,6,13,1,2,3,15,2,1,3,16,2,1,3,16,2,1,1,19,5,14,1,1,6,14,7,15,5,17,6,16,7,15,9,13,13,10,14,8,6,6,1,8,6,15,7,15,6,16,6,15,6,16,6,15,7,15,6,16,6,16,6,16,6,16
m647,245,12,25,67,1,66,7,3,11,1,11,3,7,5,6,6,5,6,6,6,5,7,5,7,5,7,5,7,5,6,5,8,4,7
m649,245,13,20,25,1,4,3,4,2,2,1,1,3,4,2,11,2,95,3,10,3,9,4,9,3,9,4,8,5,7,5,8,4,9
m651,242,15,31,14,1,14,1,14,1,14,1,13,2,12,3,12,3,12,2,80,3,11,7,8,8,8,6,9,5,10,4,11,4,11,3,11,4,11,4,10,4,11,4,11,4,11,3,11,4,11,4,11,3,12,3,11
m655,244,11,21,43,1,3,4,2,2,1,10,1,10,1,42,2,9,2,8,4,6,5,6,5,5,6,5,6,4,7,3,7,3,8,3,7
m658,243,11,21,8,1,1,1,10,1,9,2,9,2,8,3,7,4,1,10,1,31,1,9,3,8,3,8,3,8,3,9,2,9,2,9,2,9,1,6,5,4,7,3,8
m662,240,13,21,12,1,11,2,11,2,10,3,9,3,10,3,7,1,1,3,2,10,3,6,1,2,5,4,2,1,6,3,11,2,11,1,38,4,9,5,8,5,7,6,7,5,9,2,9
m663,248,11,13,4,1,10,1,7,4,1,5,1,37,1,5,1,9,3,5,6,5,6,4,7,3,8,3,6
m666,245,14,16,5,1,1,1,11,2,10,4,9,7,7,8,6,8,6,8,6,7,6,9,4,9,5,9,5,9,6,7,3,2,2,5,6,2,1,4,8,1,1,4,9
m667,242,9,20,7,2,6,3,4,5,1,16,1,8,2,7,3,4,59,7,2,7,2,7,2,7,2,7,2,1,1,4,1
m669,241,10,26,9,1,18,1,8,2,7,2,8,2,8,2,8,1,67,4,4,8,2,8,1,9,1,8,2,6,3,5,5,5,5,4,6,4,6,3,7,3,7
m670,242,13,27,9,2,10,3,8,4,7,6,7,6,7,5,8,5,9,3,87,7,6,9,4,9,3,10,3,10,3,9,3,8,5,6,7,5,7,5,8,4,8,4,9,4,9
m670,246,15,27,9,2,13,2,13,3,12,6,10,5,11,2,55,3,10,6,9,6,8,6,9,5,10,5,9,6,9,6,8,6,9,6,8,6,9,6,9,5,9,6,9,5,10,5,9,5,10,3,12
m673,242,16,26,6,5,9,7,9,7,8,8,7,9,8,8,8,7,6,10,9,7,7,12,3,14,2,15,1,32,1,15,3,10,7,8,8,7,9,6,9,7,9,7,9,6,9,7,9,6,10,5,11,4,10
m678,245,12,19,3,2,10,4,6,6,4,1,1,6,4,1,2,5,3,2,2,4,3,3,2,4,2,4,1,10,3,9,1,1,1,9,2,10,2,11,1,11,1,11,1,11,1,10,1,4,3,2,3,3,9,3,9
m677,244,16,22,9,1,13,4,11,4,4,1,6,5,3,2,4,7,2,3,3,8,1,3,5,6,12,1,93,10,6,13,3,13,2,14,2,5,3,12,10,5,12,3,13,3,12
m680,246,15,18,3,5,8,7,5,2,1,7,4,11,3,4,1,8,1,5,2,7,82,10,5,11,5,11,4,6,2,3,3,5,10,4,10,5,10
m681,243,13,21,5,1,12,2,1,1,7,6,6,7,6,6,7,6,6,7,4,1,1,7,8,5,72,8,4,9,5,9,4,4,8,5,8,4,8,4,9
m684,246,13,18,5,2,9,4,7,6,8,5,7,6,8,6,7,7,5,10,3,10,2,11,2,11,2,12,2,12,1,12,1,24,1,11,2,9,4
m684,246,12,17,3,5,7,5,7,5,6,6,5,8,2,1,1,83,1,11,1,11,2,10,2,10,1,9,2
m685,247,12,19,6,2,9,3,8,4,8,5,6,9,3,9,2,10,2,10,2,10,1,11,2,10,2,10,2,10,2,6,6,5,7,4,7,5,7,3,8,4,8
m686,246,14,18,7,2,11,3,10,4,9,5,8,6,8,11,2,12,1,13,1,12,1,42,1,13,1,13,2,11,3,11,3,9,4,5,8
m687,247,14,17,7,1,11,4,9,5,8,6,4,1,3,11,2,12,1,13,1,13,1,41,1,13,1,13,2,12,2,12,2,4,3,4,3,3,9
m689,247,15,18,6,1,6,2,4,4,4,3,2,6,3,4,2,7,2,4,1,14,1,43,1,14,1,14,1,13,2,10,5,7,8,6,9,5,10,5,10,5,10,4,11
m688,244,16,21,7,1,1,1,12,4,10,7,8,8,4,1,2,9,3,2,1,10,3,2,1,78,1,15,2,13,3,13,4,9,7,7,9,6,10,6,10,5,10,5,11,4,11
m688,245,17,21,7,4,13,4,12,5,4,2,4,7,2,4,3,8,2,4,2,9,1,5,1,32,1,9,1,5,2,12,6,8,2,1,5,12,6,10,7,8,9,7,11,6,10,7,10,6,11,5,12,4,13,2,14
m689,245,15,21,7,4,11,4,10,5,7,9,5,13,2,13,1,14,1,28,1,13,2,13,2,13,3,11,4,11,4,9,6,8,7,7,7,7,8,6,9,5,10,4,11
m689,244,16,23,9,1,13,6,9,8,7,9,4,13,3,14,4,12,4,11,51,4,12,7,8,10,6,9,8,8,8,7,8,8,8,7,9,6,10,5,10,5,12,3,12
m690,247,16,16,15,1,9,2,2,3,3,13,2,20,11,1,15,1,15,1,14,8,12,5,12,4,12,4,12,3,12,4,12,3,13,3,9
m690,245,19,16,16,2,16,4,8,4,2,5,6,13,3,51,3,14,6,13,7,8,11,10,12,6,13,6,13,5,14,4,15,3,11
m692,246,18,18,14,2,10,8,7,13,2,16,1,70,1,17,2,16,4,13,6,10,8,5,12,5,13,4,13,4,14,4,13,4,13
m691,243,15,20,28,2,12,3,9,6,7,8,4,11,1,14,1,14,1,29,1,14,1,14,1,14,3,11,5,7,8,6,9,5,10,4,10,4,11,4,8
m691,241,20,23,15,2,17,4,15,5,14,5,13,8,11,9,8,12,5,16,2,79,1,19,1,19,2,17,5,14,6,11,9,7,13,6,14,5,14,5,15,4,16,4,13
m692,240,20,23,14,2,17,5,14,6,13,6,12,8,10,10,9,11,8,12,5,17,2,57,2,18,2,18,2,18,4,15,6,10,11,7,13,5,15,4,15,5,15,4,16,3,14
m694,244,16,20,11,1,13,4,10,7,7,9,6,11,2,15,1,79,1,14,3,12,4,10,6,7,8,6,10,5,11,5,10,5,11,4,12
m694,246,16,18,10,2,11,5,9,9,5,13,1,30,1,15,1,15,2,13,4,12,5,9,7,8,8,6,10,5,10,5,11,4,11,4,12,3,12
m695,244,14,20,10,3,8,5,7,7,5,9,4,11,2,13,1,69,1,12,3,10,4,7,7,6,8,5,8,5,9,4,10,4,10,3,10
m695,244,16,20,12,1,13,3,11,4,10,6,7,11,3,94,2,13,4,11,5,8,8,6,10,5,10,5,11,5,10,5,11,4,12
m696,245,13,17,9,3,9,3,7,7,4,10,2,11,2,63,1,12,2,10,3,7,6,5,8,4,8,4,9,3,9
m694,244,17,17,12,4,12,5,11,6,9,7,9,9,6,12,1,16,1,67,1,16,3,14,3,14,3,11,7,5,11,4,10
m698,243,13,17,11,2,10,3,9,4,8,5,6,6,6,8,4,9,2,11,2,11,2,11,1,12,1,48,4,5,7,4,9
m696,243,15,17,9,1,4,1,9,3,1,2,4,7,2,2,2,10,1,2,1,88,1,14,1,13,2,13,2,13,3,9,7,4,11,3,10
m693,243,19,16,11,2,12,7,9,10,4,2,1,12,3,22,1,18,2,17,3,16,3,16,3,15,4,15,5,13,7,10,9,9,10,9,10,4,10
m693,242,18,18,7,2,1,2,1,1,9,9,7,1,1,8,5,13,4,37,1,17,4,13,6,12,7,8,11,6,10,8,10,8,10,8,10,6,12,5,13,4,13,4,10
m693,243,22,19,18,2,12,3,5,2,6,1,1,7,4,3,2,14,1,73,1,20,2,20,2,20,3,17,6,15,8,11,11,8,15,6,16,6,16,5,17,4,18,3,14
m694,246,21,16,8,9,6,1,3,15,2,19,1,20,1,20,1,19,2,19,1,19,2,18,3,17,6,8,14,6,15,5,15,6,15,5,17,3,15
m692,240,18,20,8,4,14,4,13,5,10,9,9,10,6,13,3,15,5,13,16,2,95,13,7,14,8,10,8,9,9,3,2,4,8,3,3,4,1
m692,242,23,18,13,3,19,4,13,1,3,6,11,14,5,19,4,19,5,11,1,2,13,5,86,8,15,12,12,18,7,9,3,4,7,5,1,1,16,4,19,4,12
m691,237,37,32,24,1,30,7,28,9,28,9,27,9,26,10,22,1,2,13,18,19,17,20,14,23,13,24,13,22,16,16,22,11,26,10,26,12,10,1,14,12,9,2,14,16,3,5,14,25,14,27,1,1,9,26,1,3,7,32,5,32,4,32,6,26,10,28,3,1,6,28,2,1,6,11,4,12,11,9,7,4,18,6,10,2,19,6,30,8,23
m694,241,23,19,17,6,17,6,16,7,16,7,15,8,14,9,13,10,13,9,15,4,98,9,13,13,10,12,11,13,10,12,11,12,11
m696,238,22,25,20,1,20,2,18,5,16,6,12,2,2,6,10,11,9,6,1,7,8,14,6,16,4,18,6,16,8,14,10,11,18,1,21,1,7,3,11,1,5,18,3,22,1,21,1,21,3,3,3,12,12,8,15,7,16,4,18,3,6
m694,241,31,19,20,1,23,9,21,11,16,15,15,17,9,22,8,24,7,25,6,27,4,27,4,27,3,28,3,27,5,27,4,30,2,29,3,28,5,7,3,4,1,11,25,6
m692,245,33,16,13,3,1,4,1,2,14,1,1,19,14,22,11,24,10,23,9,25,6,28,4,29,3,29,3,30,2,31,1,33,1,32,2,29,4,27,9,15,2,5,6
m696,240,23,21,14,3,18,6,16,9,13,11,10,13,9,15,4,20,3,20,2,21,2,20,3,19,3,20,4,19,3,15,1,3,3,20,3,21,2,12,6,3,2,10,13,7,16,6,17,5,18
m693,239,22,30,17,4,18,5,16,5,15,7,14,8,14,8,14,8,13,9,13,10,12,10,11,11,10,12,10,12,9,13,8,14,7,15,6,16,5,17,4,18,3,19,2,20,1,42,1,43,1,19,4,16,6,15,7,13,9,13,8
m696,242,18,25,13,3,13,6,11,7,10,8,9,10,7,11,5,13,3,15,1,17,1,17,1,88,1,16,2,15,3,15,3,14,4,14,5,12,6,10,9,8,11,6,13,4,10
m694,243,24,16,11,6,17,7,16,10,7,17,6,19,4,21,3,23,1,24,1,23,1,23,1,23,2,22,3,21,3,21,3,20,5,12,2,1,5
m698,240,17,23,11,3,11,6,10,7,9,8,8,10,6,11,5,13,3,14,2,33,1,16,1,15,2,15,2,15,2,16,1,99,2,12,6,9,7
m694,237,22,24,16,1,19,5,16,7,14,8,13,10,11,12,9,13,8,14,7,15,5,17,3,19,1,87,1,21,2,20,2,20,3,19,4,18,5,16,7,14,9,12,12,10,3
m694,236,30,29,23,4,19,12,16,16,12,18,10,20,7,23,7,22,8,21,7,23,6,24,8,21,9,21,9,20,9,19,11,17,12,17,12,18,12,18,12,19,10,22,8,23,6,25,5,26,3,27,3,27,3,25,5,21,10,16,15,11,1,2,14
m690,240,27,24,18,2,23,7,19,9,18,10,16,12,14,13,13,15,11,16,8,19,6,21,5,22,3,24,3,24,2,25,1,26,1,26,1,79,1,25,3,23,6,19,9,14,14,9,13
m692,241,24,21,6,7,2,1,3,4,6,19,5,19,4,20,3,21,2,22,1,23,1,70,2,22,2,22,3,22,2,22,3,20,4,20,4,19,5,17,7,16,9,14,11,11,8
m693,245,26,14,8,6,17,13,10,18,6,22,4,24,2,25,2,25,1,25,2,24,2,24,3,23,3,9,2,1,14,7,19,6,17
m699,243,26,16,4,6,4,1,14,14,10,18,7,19,7,22,4,22,5,22,4,23,4,22,4,23,3,24,2,24,2,24,2,23,3,22,5,18,5
m697,242,18,16,13,5,10,8,10,8,8,10,6,12,3,15,1,17,1,35,1,17,1,17,1,17,1,17,1,17,1,17,1,17
m695,242,27,17,14,2,19,1,4,5,16,12,13,15,11,16,11,17,6,22,5,23,4,24,3,25,2,27,1,26,2,25,2,25,2,25,3,23,5,21,2
m697,239,20,19,12,6,12,10,9,11,6,14,4,16,3,17,2,18,2,18,1,19,1,19,1,19,1,19,1,19,1,19,1,19,1,19,1,36,4,10,9
m700,244,20,17,6,5,13,10,8,13,6,15,4,17,3,18,2,19,1,20,1,39,1,19,3,17,6,14,7,13,8,11,10,9,12,7,3
m696,240,18,22,9,3,15,4,13,6,11,7,11,8,8,10,7,11,7,12,5,13,4,15,3,16,2,16,2,16,2,16,2,16,2,16,2,15,2,15,3,14,4,12,5,12,6,10,8
m702,240,12,19,3,4,7,6,5,8,4,8,4,8,3,10,2,10,2,10,2,11,1,11,1,11,2,10,1,11,1,12,1,11,2,10,4,8,5,7,6,6
m695,239,18,25,14,2,9,10,7,12,4,14,3,15,3,51,1,17,2,16,2,16,3,15,3,14,4,14,4,14,5,13,5,13,5,13,4,14,4,14,5,12,6,10,8,10,8,8,10,6,8
m701,242,13,19,8,2,8,6,4,1,1,8,3,10,3,10,3,10,3,10,2,11,1,12,1,39,1,12,1,12,1,12,1,12,1,9,1,2,1,7,7,4,7
m702,242,11,14,7,2,6,7,2,9,1,10,1,65,1,10,1,9,2,8,5,5,3
m696,241,18,23,15,3,13,5,12,6,11,7,10,8,8,10,7,11,5,12,4,14,3,14,2,15,3,14,4,13,5,12,6,11,8,9,8,9,10,7,10,8,10,8,10,7,12,6,12,5,12
m699,245,14,17,9,5,7,7,5,9,4,10,3,11,1,83,1,13,1,12,1,13,2,10,4,10,5,8,4
m701,244,14,14,7,4,7,8,4,11,1,13,1,42,1,13,1,13,1,13,3,11,4,10,5,9,7,6,1
m691,261,19,14,3,1,16,5,13,8,12,8,11,10,10,9,10,11,2,2,4,15,4,16,3,17,1,18,1,18,2,17,3,16
m697,261,17,13,2,6,10,9,8,14,3,15,1,102,1,15,3,13,6,8,5
m695,253,21,15,9,8,8,14,7,16,1,2,1,18,3,18,4,17,4,16,6,12,9,9,12,9,11,10,10,11,9,10,11,9,13,3,1,1,13
m693,255,14,18,7,4,10,5,9,6,8,6,7,8,4,10,4,10,3,11,3,11,4,10,4,10,3,11,3,11,3,11,2,12,1,12,2,10,3,8,6
m696,256,18,12,6,10,8,12,5,13,5,13,5,13,4,14,4,8,9,6,11,6,11,6,11,6,12,5,13
m708,255,15,8,5,7,4,12,2,13,2,13,2,13,2,13,3,14,2,2,6,5
m705,264,15,10,8,3,12,4,10,5,8,8,5,12,3,12,2,13,1,14,1,29
m714,253,16,15,8,4,9,10,4,13,2,14,2,14,2,14,2,14,2,14,1,63,2,14,4,11,7,9,1
m696,254,16,18,12,4,9,7,8,8,6,10,5,11,3,13,2,14,1,15,2,14,2,14,2,13,3,14,2,13,3,13,2,14,2,14,1,31,1
m701,240,15,18,11,1,13,5,10,5,8,6,9,6,7,7,7,8,4,12,2,44,1,14,2,12,4,12,3,12,2,6,2,5,2,5,5,3,1,4,9,1
m699,241,14,17,11,3,10,4,9,5,7,7,6,8,4,9,4,11,2,54,1,12,3,6,9,4,10,3,10,3,11,2,10
m698,238,13,21,25,1,11,2,10,3,9,4,7,6,6,6,7,6,5,8,4,9,2,11,1,12,2,11,2,10,3,9,4,7,7,5,8,4,9,3,9,3,10,3,9
m696,239,13,20,11,2,10,3,10,3,9,4,7,5,8,5,8,4,7,6,5,8,4,10,3,11,1,37,1,11,3,6,7,5,8,4,8,4,9,3,10
m694,239,14,20,11,3,10,4,10,4,8,6,7,6,7,6,7,7,5,8,6,9,4,10,4,10,4,10,3,11,3,11,3,9,5,7,7,5,9,4,9,4,10,4,10
m689,240,16,20,13,3,12,4,11,5,10,6,8,7,8,8,8,7,8,8,5,12,3,14,2,14,2,14,2,13,3,12,4,10,6,7,9,6,10,5,10,6,9,6,10
m689,240,14,20,13,1,12,2,10,4,10,4,9,5,8,5,8,5,7,7,6,9,5,9,4,9,5,9,5,8,6,8,5,7,8,4,9,4,10,4,9,4,9,4,10
m688,239,13,22,24,2,10,3,8,5,7,6,6,7,5,7,6,6,6,7,4,9,4,10,3,10,3,9,4,9,4,9,4,6,6,6,7,6,6,6,7,5,8,4,9,3,10
m685,240,13,21,12,1,11,2,9,4,8,5,7,6,6,7,6,6,6,7,5,8,4,10,2,11,2,10,3,11,1,12,2,7,1,2,2,10,4,6,7,4,8,4,9,3,9,4,9
m681,240,16,22,15,1,13,3,11,5,10,5,9,7,8,7,9,7,8,7,9,7,8,8,8,9,6,10,6,10,6,10,6,9,7,7,8,7,8,6,10,5,10,6,9,6,10,5,11
m679,240,14,23,13,1,11,3,9,5,8,6,6,8,5,9,5,8,6,8,5,9,5,9,4,11,4,10,3,11,3,10,4,10,4,7,7,7,7,5,9,4,9,5,8,5,9,4,9,5,9
m678,241,14,21,11,3,10,4,9,5,8,6,6,7,7,7,6,7,7,7,4,10,3,12,2,13,2,12,1,13,1,11,4,10,4,7,7,5,9,5,9,4,9,4,10,3,10
m676,242,14,21,13,1,12,2,10,4,8,5,8,6,7,7,7,6,8,7,4,10,3,11,3,11,3,11,3,10,4,7,7,7,7,6,8,5,9,4,9,5,9,4,9,4,10
m672,241,17,22,15,2,13,4,12,5,10,6,9,8,9,7,9,8,8,8,9,8,8,10,6,12,4,13,4,13,4,12,5,10,7,8,9,6,11,5,11,6,10,7,10,6,10,6,11
m671,242,17,22,13,4,12,5,11,5,10,7,9,8,8,7,9,8,8,9,8,10,6,11,5,13,4,13,4,12,5,11,6,9,8,7,9,6,12,5,10,6,10,7,10,6,11,4,13
m669,243,13,21,12,1,11,2,10,3,8,5,7,6,7,5,7,7,4,8,5,8,5,9,4,9,4,9,4,9,4,6,7,6,6,6,6,5,7,6,6,6,7,5,8,4,9
m666,241,16,23,14,2,11,5,10,6,8,8,7,8,7,9,6,9,4,1,2,11,2,14,2,14,2,14,2,14,2,14,2,14,2,14,3,13,3,10,6,9,7,8,7,7,8,7,9,6,9,6,10
m665,242,16,23,14,2,11,4,11,5,10,5,11,5,10,5,10,7,8,8,8,8,11,4,89,3,12,5,10,6,9,6,8,7,9,6,9,6,10,5,11
