1
264.08770751953125,117.7145004272461,136.98280334472656,154.28680419921875
265.95941162109375,109.87300109863281,138.99099731445312,164.4438018798828
247.73390197753906,112.6603012084961,156.82809448242188,162.8876953125
233.73269653320312,114.40190124511719,171.42999267578125,159.11849975585938
240.73959350585938,115.80570220947266,158.96099853515625,156.1345977783203
239.4792022705078,114.52989959716797,159.381103515625,158.9174041748047
236.1623992919922,119.285400390625,165.27040100097656,152.24099731445312
235.48570251464844,112.71790313720703,173.1820068359375,158.8173065185547
239.6387939453125,115.42060089111328,159.7595977783203,154.30459594726562
249.31570434570312,122.8687973022461,147.97509765625,148.78390502929688
250.3271026611328,123.93009948730469,148.15609741210938,148.7873992919922
248.93089294433594,118.23979949951172,149.6273956298828,154.08799743652344
262.2524108886719,122.25849914550781,136.0290985107422,154.24549865722656
264.60418701171875,119.8749008178711,126.94490051269531,155.2187957763672
274.0343933105469,121.82099914550781,116.07119750976562,154.1779022216797
274.31170654296875,126.99739837646484,128.26190185546875,146.5028076171875
273.84039306640625,128.5211944580078,139.10389709472656,142.9499969482422
279.4176940917969,121.6323013305664,105.26730346679688,150.82919311523438
286.54730224609375,126.4917984008789,111.03829956054688,144.07330322265625
289.1794128417969,123.80500030517578,119.44270324707031,149.18389892578125
287.0378112792969,122.1852035522461,106.375,144.92550659179688
289.80718994140625,121.28089904785156,84.41670227050781,146.09280395507812
291.0697021484375,113.09950256347656,81.55799865722656,149.47979736328125
292.83758544921875,107.66190338134766,77.15390014648438,157.0395050048828
292.3064880371094,103.31169891357422,81.27169799804688,159.8238983154297
287.01800537109375,98.48539733886719,88.63610076904297,164.2261962890625
284.8356018066406,101.45179748535156,92.99320220947266,160.25669860839844
285.1174011230469,89.5770034790039,91.11990356445312,169.55130004882812
281.7544860839844,89.26280212402344,94.12030029296875,170.22569274902344
280.8594970703125,93.21410369873047,95.52359771728516,164.56289672851562
279.33441162109375,85.25440216064453,93.9384994506836,173.15499877929688
281.151611328125,96.9729995727539,93.89779663085938,159.23989868164062
272.0321960449219,91.56520080566406,102.01959991455078,165.039306640625
273.8973083496094,104.92050170898438,97.74449920654297,152.5052032470703
267.5592041015625,110.08170318603516,106.44120025634766,149.54989624023438
268.6412048339844,110.3147964477539,105.4854965209961,148.68170166015625
268.20489501953125,121.01679992675781,105.22429656982422,142.26710510253906
270.0924072265625,117.29630279541016,104.07250213623047,147.78599548339844
268.4049987792969,117.33570098876953,105.44090270996094,148.7010040283203
266.5299987792969,114.75279998779297,113.04930114746094,149.98049926757812
261.3977966308594,116.19920349121094,118.2573013305664,148.6649932861328
261.0940856933594,116.22979736328125,121.38729858398438,149.10980224609375
244.80409240722656,113.10780334472656,138.4114990234375,156.74400329589844
244.2855987548828,116.38780212402344,136.82310485839844,151.1147003173828
243.9792022705078,120.2969970703125,142.42539978027344,145.9980926513672
246.1269989013672,121.78109741210938,134.06739807128906,148.5059051513672
266.48968505859375,124.4072036743164,127.89659881591797,148.99899291992188
249.2364959716797,122.4032974243164,135.10549926757812,148.80430603027344
258.66180419921875,123.652099609375,143.7917938232422,146.79029846191406
253.23919677734375,128.47549438476562,127.23300170898438,139.9658966064453
269.0647888183594,118.4561996459961,129.6479034423828,149.94580078125
263.6831970214844,110.17939758300781,122.1458969116211,157.02349853515625
258.3258056640625,112.614501953125,129.79359436035156,155.531005859375
294.6047058105469,123.5625,98.59850311279297,140.3668975830078
308.2496032714844,112.13890075683594,80.94599914550781,146.9376983642578
297.927001953125,108.16570281982422,100.58920288085938,153.02139282226562
302.13079833984375,111.32319641113281,95.35140228271484,148.80130004882812
308.4009094238281,114.68199920654297,94.1272964477539,146.31979370117188
306.5722961425781,114.90450286865234,97.04199981689453,145.6875
311.02069091796875,113.30979919433594,91.87200164794922,148.3603973388672
307.9883117675781,115.90959930419922,97.6802978515625,147.3914031982422
316.3085021972656,117.87319946289062,90.34609985351562,143.90870666503906
312.127685546875,120.47760009765625,94.91459655761719,140.13929748535156
319.7091979980469,123.44819641113281,90.26699829101562,135.9167022705078
324.6170959472656,126.36270141601562,83.35880279541016,131.02369689941406
321.0472106933594,123.59130096435547,84.82769775390625,131.89129638671875
328.610595703125,122.85320281982422,80.77449798583984,140.28500366210938
342.5340881347656,121.6052017211914,67.06069946289062,144.66700744628906
342.13580322265625,118.93209838867188,67.65750122070312,146.87339782714844
334.75830078125,116.35870361328125,81.42720031738281,151.21409606933594
333.68341064453125,114.26249694824219,82.56279754638672,152.50210571289062
334.2231140136719,113.6250991821289,82.00859832763672,153.4517059326172
339.585205078125,114.76029968261719,76.01029968261719,150.19000244140625
340.0835876464844,113.99710083007812,76.87989807128906,149.7779998779297
340.5793151855469,112.25789642333984,74.99739837646484,150.37210083007812
337.09539794921875,115.85810089111328,85.30500030517578,149.9210968017578
337.66619873046875,119.41549682617188,85.80239868164062,144.25709533691406
338.9977111816406,114.9760971069336,84.17459869384766,152.21409606933594
331.5783996582031,113.54660034179688,84.27660369873047,156.98219299316406
320.560791015625,114.26319885253906,90.7854995727539,154.95680236816406
315.13720703125,112.52100372314453,99.0551986694336,157.7301025390625
312.47430419921875,110.23639678955078,104.2499008178711,157.02439880371094
319.86639404296875,107.41780090332031,98.36499786376953,160.4290008544922
309.17388916015625,106.81629943847656,115.65499877929688,156.0758056640625
311.2417907714844,111.9021987915039,113.56439971923828,150.49920654296875
308.8103942871094,107.97260284423828,109.89959716796875,155.70599365234375
310.07501220703125,105.6709976196289,97.56909942626953,153.37770080566406
305.20599365234375,99.09410095214844,102.98210144042969,154.06080627441406
308.7432861328125,101.63159942626953,80.75370025634766,154.85960388183594
309.2196960449219,102.93949890136719,77.09929656982422,151.9250030517578
307.86279296875,97.92939758300781,78.48280334472656,159.35360717773438
307.1278076171875,91.63079833984375,79.53410339355469,163.0614013671875
303.8160095214844,91.32450103759766,83.39450073242188,163.83050537109375
295.8398132324219,87.59300231933594,83.5615005493164,168.47630310058594
293.48480224609375,85.44740295410156,87.51679992675781,167.96629333496094
299.2898864746094,90.57430267333984,77.65160369873047,162.58419799804688
300.32110595703125,84.44889831542969,83.48650360107422,161.49229431152344
293.898193359375,101.3676986694336,93.50749969482422,147.98609924316406
298.6162109375,98.5813980102539,86.82460021972656,150.3986053466797
290.0362854003906,93.04170227050781,95.13619995117188,152.66769409179688
291.4827880859375,93.82879638671875,94.11229705810547,151.4822998046875
290.3865966796875,94.07720184326172,95.59919738769531,151.0074005126953
278.7372131347656,91.79319763183594,115.41829681396484,149.72120666503906
270.7727966308594,94.93579864501953,124.12570190429688,148.63150024414062
274.1321105957031,89.82530212402344,123.02970123291016,150.85809326171875
278.2070007324219,90.52100372314453,117.67680358886719,151.4232940673828
279.5972900390625,89.02629852294922,120.99169921875,153.218994140625
270.6158142089844,89.24449920654297,128.99020385742188,152.92959594726562
281.42388916015625,83.4021987915039,133.13690185546875,160.4304962158203
281.2752990722656,78.06099700927734,136.00669860839844,161.1103057861328
284.2322082519531,81.24330139160156,130.83250427246094,159.63780212402344
285.9588928222656,78.59320068359375,136.86399841308594,164.6923065185547
286.1913146972656,80.5344009399414,139.1593017578125,164.39089965820312
284.397705078125,84.43460083007812,140.25149536132812,156.9882049560547
291.96490478515625,81.08419799804688,142.37879943847656,163.73049926757812
295.2401123046875,82.95649719238281,132.8842010498047,158.96730041503906
295.2218017578125,83.74530029296875,127.66349792480469,158.32749938964844
294.7275085449219,78.15560150146484,142.30580139160156,166.27969360351562
286.61981201171875,77.61489868164062,154.52969360351562,171.52169799804688
284.81988525390625,79.62670135498047,159.34930419921875,165.40789794921875
297.30810546875,73.56710052490234,141.14370727539062,168.3701934814453
307.30609130859375,81.59359741210938,123.40270233154297,161.15919494628906
307.99530029296875,79.53340148925781,121.04049682617188,163.09939575195312
311.4895935058594,85.23909759521484,124.85900115966797,155.81700134277344
308.5658874511719,88.00800323486328,128.6988983154297,151.1251983642578
311.9241943359375,84.97100067138672,122.75789642333984,153.08909606933594
313.0909118652344,89.49089813232422,129.7812042236328,155.3061981201172
321.3431091308594,86.02200317382812,123.1958999633789,163.5522003173828
311.7680969238281,85.37020111083984,135.9102020263672,165.42149353027344
299.0921936035156,84.99859619140625,148.8975067138672,167.17869567871094
291.3768005371094,91.31780242919922,161.61070251464844,157.49330139160156
293.0255126953125,93.29679870605469,158.8155059814453,152.3011932373047
282.31219482421875,97.8290023803711,165.9219970703125,149.9799041748047
278.1130065917969,98.41950225830078,168.79600524902344,150.45339965820312
284.88128662109375,94.25569915771484,159.50689697265625,151.66830444335938
277.7867126464844,92.32109832763672,162.24609375,155.37820434570312
276.1966857910156,94.216796875,160.5364990234375,154.82699584960938
280.70709228515625,95.36720275878906,152.06680297851562,155.06289672851562
279.61260986328125,95.66059875488281,151.8614044189453,159.00860595703125
280.96929931640625,92.36029815673828,148.658203125,162.39520263671875
280.0616149902344,93.618896484375,151.14529418945312,160.14059448242188
283.88250732421875,87.48040008544922,146.22689819335938,170.0894012451172
279.7817077636719,93.01270294189453,153.16549682617188,164.94940185546875
281.72088623046875,90.31109619140625,148.6623992919922,168.03619384765625
281.07220458984375,85.37139892578125,150.76170349121094,173.0413055419922
279.9226989746094,84.75050354003906,154.4727020263672,176.0399932861328
282.40069580078125,84.85050201416016,151.4783935546875,177.17250061035156
279.4092102050781,78.30169677734375,156.6049041748047,182.7371063232422
280.78350830078125,77.54389953613281,153.0491943359375,183.3863067626953
284.15478515625,80.92949676513672,148.83580017089844,181.5095977783203
279.1012878417969,69.63529968261719,152.85470581054688,187.1667022705078
277.2923889160156,65.52960205078125,151.99490356445312,191.56100463867188
276.4768981933594,63.804500579833984,151.80670166015625,192.99510192871094
271.5398864746094,64.018798828125,154.80520629882812,186.96200561523438
274.6632080078125,63.04389953613281,156.6094970703125,188.09609985351562
273.722900390625,67.72309875488281,156.16160583496094,183.14599609375
281.2417907714844,61.28099822998047,157.88450622558594,187.33299255371094
277.32501220703125,57.66230010986328,163.07240295410156,191.63900756835938
276.4971008300781,57.01350021362305,165.6219024658203,190.23300170898438
274.776611328125,67.84429931640625,170.0211944580078,181.57090759277344
275.99609375,76.25579833984375,165.4199981689453,170.89190673828125
278.67041015625,71.48670196533203,165.09970092773438,177.2187957763672
273.9118957519531,78.0551986694336,172.63079833984375,173.135498046875
272.252685546875,76.14610290527344,178.03799438476562,172.84429931640625
271.27130126953125,80.91339874267578,176.03990173339844,167.96359252929688
269.23980712890625,82.69290161132812,182.51620483398438,166.5635986328125
274.32769775390625,77.16629791259766,171.65640258789062,170.43930053710938
275.5346984863281,79.96199798583984,170.54429626464844,166.47360229492188
275.43328857421875,77.625,169.4654998779297,172.2303924560547
267.7878112792969,78.55870056152344,173.86920166015625,165.11619567871094
272.9632873535156,75.10289764404297,169.27279663085938,169.22109985351562
275.3633117675781,72.26529693603516,164.20809936523438,171.4156036376953
275.62579345703125,67.00080108642578,163.41720581054688,174.88299560546875
274.9385986328125,72.256103515625,163.0198974609375,169.8227996826172
279.3464050292969,72.49859619140625,163.04139709472656,172.60769653320312
285.2698059082031,72.18340301513672,159.57249450683594,169.27499389648438
283.04901123046875,68.63809967041016,173.53909301757812,175.09320068359375
294.5542907714844,75.77870178222656,149.08859252929688,162.27870178222656
303.98590087890625,76.87359619140625,140.89739990234375,165.9093017578125
301.5054016113281,78.69280242919922,133.33470153808594,160.06919860839844
314.6514892578125,80.1895980834961,118.68000030517578,163.56629943847656
311.84710693359375,79.9854965209961,119.87149810791016,161.67799377441406
318.4079895019531,81.30079650878906,108.48860168457031,162.8592987060547
324.40521240234375,75.90679931640625,103.58059692382812,168.48660278320312
328.17449951171875,79.08290100097656,100.0010986328125,162.18460083007812
323.3548889160156,80.66529846191406,102.49109649658203,158.9969024658203
331.3116149902344,78.4751968383789,97.529296875,161.33999633789062
338.3833923339844,77.1509017944336,90.21659851074219,159.70860290527344
334.9403991699219,83.30460357666016,96.02030181884766,150.10519409179688
341.09271240234375,79.86489868164062,90.82679748535156,157.93589782714844
340.931884765625,78.1447982788086,95.3832015991211,161.7707977294922
338.03289794921875,81.35679626464844,101.13480377197266,157.06399536132812
340.7782897949219,77.48919677734375,109.42369842529297,166.15280151367188
325.88189697265625,80.68489837646484,125.17890167236328,166.51809692382812
321.35101318359375,79.61119842529297,136.658203125,167.2001953125
323.27490234375,80.05269622802734,141.4326934814453,168.51370239257812
327.0714111328125,83.97679901123047,141.45489501953125,163.6356964111328
329.2138977050781,82.9177017211914,141.00830078125,165.30369567871094
332.3384094238281,76.12120056152344,137.02059936523438,175.1728973388672
334.2983093261719,82.61650085449219,130.03439331054688,165.8155975341797
338.5346984863281,75.81279754638672,122.3053970336914,173.0836944580078
333.0231018066406,87.01740264892578,109.69779968261719,164.42799377441406
330.5589904785156,87.80809783935547,107.052001953125,165.6728057861328
331.8682861328125,80.31749725341797,101.67720031738281,175.10400390625
335.123291015625,76.91310119628906,105.76429748535156,177.4320068359375
335.23779296875,67.74569702148438,106.28829956054688,187.12249755859375
333.8586120605469,68.74919891357422,103.98829650878906,187.7200927734375
333.4643859863281,65.42559814453125,107.75330352783203,192.28140258789062
332.9856872558594,83.66519927978516,97.52239990234375,173.22999572753906
331.45330810546875,75.02780151367188,86.17880249023438,182.2227020263672
329.47869873046875,75.51280212402344,84.42150115966797,181.72149658203125
325.6560974121094,73.23650360107422,100.42659759521484,187.1551055908203
327.7325134277344,72.1968994140625,93.73909759521484,184.9521942138672
324.9916076660156,74.92250061035156,101.27449798583984,182.67860412597656
321.6659851074219,71.20269775390625,102.77310180664062,184.0894012451172
324.5212097167969,70.64790344238281,101.09739685058594,188.9882049560547
324.7961120605469,71.00379943847656,101.19830322265625,187.5565948486328
329.81439208984375,67.08940124511719,91.87830352783203,199.05589294433594
329.5035095214844,67.70110321044922,91.95709991455078,197.72720336914062
331.6693115234375,67.79149627685547,90.40229797363281,200.1934051513672
334.12310791015625,64.74690246582031,95.07599639892578,199.22149658203125
330.6119079589844,55.70869827270508,100.256103515625,213.3509063720703
331.00201416015625,59.70650100708008,100.64340209960938,209.8404998779297
326.67340087890625,52.6431999206543,89.75579833984375,211.4304962158203
329.2018127441406,56.699798583984375,84.51360321044922,205.7855987548828
329.80218505859375,56.58039855957031,83.49400329589844,205.2761993408203
313.9773864746094,43.60879898071289,95.12169647216797,225.83740234375
312.5409851074219,59.87229919433594,96.42739868164062,210.00979614257812
311.7690124511719,65.39119720458984,97.17469787597656,203.40530395507812
315.3865966796875,67.056396484375,93.50479888916016,206.1645965576172
311.72601318359375,64.7782974243164,91.76860046386719,211.697998046875
313.989013671875,57.102500915527344,88.59819793701172,218.91819763183594
308.3275146484375,69.34200286865234,89.19889831542969,204.69700622558594
311.5683898925781,77.00789642333984,84.3280029296875,194.95689392089844
309.900390625,75.17500305175781,88.28079986572266,194.6387939453125
301.04998779296875,89.654296875,104.73860168457031,182.4832000732422
303.7112121582031,102.260498046875,103.31120300292969,174.40960693359375
302.4989929199219,96.55829620361328,105.84210205078125,177.52980041503906
294.2554931640625,97.01300048828125,110.63050079345703,180.07569885253906
292.13739013671875,101.34130096435547,105.95700073242188,176.39999389648438
291.3944091796875,98.30500030517578,112.12860107421875,178.13169860839844
290.5445861816406,100.88960266113281,104.04229736328125,177.95480346679688
291.927490234375,90.79170227050781,103.24259948730469,188.05140686035156
290.7521057128906,93.95950317382812,104.43730163574219,185.85569763183594
290.2767028808594,82.13629913330078,102.02020263671875,200.93539428710938
286.90618896484375,92.69190216064453,105.79679870605469,190.93679809570312
286.1160888671875,92.08319854736328,103.28099822998047,188.08880615234375
282.8949890136719,85.7582015991211,99.42269897460938,195.47869873046875
281.3716125488281,77.62100219726562,103.96610260009766,203.6732940673828
280.1046142578125,58.89649963378906,105.94860076904297,224.44529724121094
283.3622131347656,56.0974006652832,105.63529968261719,230.8153076171875
283.2713928222656,49.04570007324219,113.77410125732422,236.54400634765625
283.7491149902344,50.26470184326172,111.38410186767578,236.98480224609375
283.02490234375,49.62220001220703,116.70089721679688,246.16969299316406
281.2703857421875,58.852901458740234,114.89299774169922,238.8448944091797
280.32440185546875,63.8306999206543,120.27279663085938,229.6558074951172
281.3835144042969,58.15629959106445,111.17579650878906,236.47540283203125
282.1108093261719,58.87310028076172,110.97779846191406,235.1938018798828
279.7405090332031,59.03200149536133,115.15689849853516,235.95689392089844
271.9631042480469,74.30069732666016,122.989501953125,224.61920166015625
272.427001953125,64.16220092773438,126.0802993774414,232.70880126953125
267.9014892578125,63.13209915161133,129.27310180664062,232.54739379882812
273.66790771484375,62.07389831542969,122.95590209960938,237.41180419921875
285.1636962890625,65.51840209960938,110.87249755859375,235.52020263671875
286.4009094238281,61.64350128173828,110.43099975585938,241.61920166015625
286.981689453125,63.20479965209961,112.2114028930664,234.02220153808594
296.5679016113281,55.47480010986328,114.74120330810547,242.77529907226562
293.22540283203125,58.28269958496094,116.55670166015625,240.6103057861328
299.1955871582031,56.77899932861328,116.11039733886719,240.30709838867188
296.0874938964844,67.69640350341797,123.11720275878906,232.2158966064453
297.8673095703125,61.122100830078125,121.67449951171875,236.8513946533203
300.20361328125,81.2771987915039,122.6957015991211,221.61720275878906
292.2651062011719,85.13929748535156,129.12530517578125,216.04849243164062
295.9096984863281,87.78189849853516,127.2063980102539,211.56619262695312
289.4540100097656,82.26950073242188,132.6501007080078,217.568603515625
282.8374938964844,102.51480102539062,138.3975067138672,200.0854949951172
288.7742004394531,104.68119812011719,133.44349670410156,196.97970581054688
284.7283935546875,96.46530151367188,136.7631072998047,203.7198028564453
292.4909973144531,79.09739685058594,129.58160400390625,217.05780029296875
292.27911376953125,80.0864028930664,128.65679931640625,218.34840393066406
287.03790283203125,86.9634017944336,136.33999633789062,205.268798828125
294.8858947753906,78.56849670410156,129.62770080566406,214.24110412597656
293.0663146972656,79.63259887695312,131.20030212402344,213.1094970703125
285.7318115234375,64.62950134277344,140.93209838867188,228.63800048828125
292.8143005371094,59.56700134277344,134.7480926513672,233.26759338378906
283.9901123046875,60.87070083618164,143.5460968017578,233.01150512695312
277.9637145996094,59.053001403808594,147.77499389648438,232.3249969482422
271.7410888671875,62.55070114135742,155.69810485839844,228.7917022705078
285.76568603515625,63.19380187988281,135.65859985351562,227.05079650878906
274.54620361328125,70.86250305175781,139.9792022705078,217.32899475097656
266.2025146484375,66.52439880371094,139.31809997558594,223.42970275878906
262.3752136230469,70.31199645996094,159.99349975585938,217.24270629882812
259.8468933105469,87.82129669189453,141.92489624023438,203.68350219726562
259.0498962402344,82.65679931640625,135.08740234375,207.28570556640625
258.88861083984375,76.02320098876953,144.25869750976562,211.25689697265625
260.79541015625,76.05419921875,124.2833023071289,214.17529296875
259.1593933105469,81.16809844970703,113.17939758300781,203.35000610351562
263.8410949707031,73.12010192871094,106.58280181884766,214.7803955078125
259.8573913574219,81.0779037475586,109.8595962524414,206.00320434570312
260.7215881347656,83.79419708251953,105.5999984741211,203.4709930419922
260.85430908203125,88.71990203857422,106.06739807128906,197.2436981201172
257.3143005371094,95.64360046386719,102.11180114746094,189.70269775390625
254.90719604492188,94.8281021118164,102.46489715576172,191.33560180664062
253.94650268554688,79.32450103759766,103.1769027709961,207.02870178222656
257.50140380859375,77.94029998779297,105.69029998779297,212.2751007080078
258.2738952636719,67.59500122070312,108.35449981689453,223.28309631347656
259.5412902832031,65.98560333251953,103.76809692382812,228.560302734375
262.3836975097656,65.89119720458984,107.38770294189453,227.99789428710938
260.2923889160156,67.48989868164062,110.7219009399414,223.19000244140625
259.3616027832031,68.6677017211914,112.84519958496094,225.56680297851562
255.98570251464844,70.47769927978516,125.77519989013672,229.4243927001953
263.4112854003906,71.48699951171875,114.37359619140625,223.48150634765625
259.6243896484375,66.47720336914062,121.04329681396484,230.63119506835938
262.98699951171875,78.90480041503906,122.51519775390625,213.4582061767578
264.3517150878906,72.28140258789062,121.8865966796875,220.48519897460938
264.5549011230469,77.77629852294922,125.24030303955078,219.97520446777344
265.9255065917969,84.20349884033203,135.13929748535156,210.7613983154297
278.5069885253906,79.56099700927734,132.97500610351562,217.62069702148438
272.010498046875,86.16950225830078,139.1103973388672,213.37860107421875
277.75,89.08679962158203,158.52049255371094,213.06520080566406
271.6494140625,96.0602035522461,180.75270080566406,208.93060302734375
272.0098876953125,92.71900177001953,181.93609619140625,205.37950134277344
268.805908203125,103.41079711914062,203.23809814453125,205.11549377441406
273.42340087890625,101.6260986328125,204.5102996826172,207.15530395507812
282.772705078125,107.05829620361328,187.75660705566406,203.29530334472656
281.6036071777344,106.7791976928711,195.4488983154297,201.48590087890625
280.78289794921875,112.6886978149414,198.5198974609375,198.3831024169922
278.79168701171875,103.83619689941406,199.69149780273438,203.00669860839844
282.3746032714844,112.98650360107422,203.2371063232422,192.51060485839844
281.0924987792969,118.00920104980469,203.54359436035156,188.14830017089844
286.1341857910156,114.18170166015625,201.04620361328125,192.36410522460938
285.6868896484375,117.64469909667969,201.23829650878906,186.27149963378906
273.95111083984375,114.12480163574219,214.84759521484375,190.8804931640625
276.5707092285156,111.0863037109375,211.45809936523438,189.226806640625
271.43231201171875,108.75,220.11819458007812,195.84410095214844
286.2239990234375,93.06320190429688,188.93739318847656,209.61459350585938
277.82391357421875,99.39360046386719,199.8166961669922,207.6009063720703
277.4027099609375,85.364501953125,192.4315948486328,218.06350708007812
280.597412109375,83.56780242919922,185.43690490722656,221.29339599609375
280.6182861328125,82.95030212402344,185.73590087890625,221.0789031982422
279.95941162109375,76.904296875,177.96749877929688,224.5124969482422
275.9231872558594,73.78289794921875,174.6531982421875,224.92340087890625
275.9269104003906,73.91210174560547,172.4438018798828,222.60440063476562
295.680908203125,76.15709686279297,146.94479370117188,222.41099548339844
302.3218078613281,65.13269805908203,127.16529846191406,231.55870056152344
303.3497009277344,70.33110046386719,129.02349853515625,223.86329650878906
303.8153076171875,67.03939819335938,107.9115982055664,226.40859985351562
295.727294921875,78.08789825439453,100.5270004272461,218.9176025390625
291.3006896972656,82.77850341796875,106.20950317382812,215.6195068359375
281.66571044921875,85.10310363769531,104.82230377197266,218.53379821777344
275.0307922363281,94.53130340576172,111.41670227050781,206.1446075439453
276.9591064453125,89.8572006225586,110.15409851074219,207.79820251464844
270.627197265625,88.45469665527344,109.3551025390625,212.9654998779297
267.09759521484375,84.26640319824219,111.54329681396484,216.1313018798828
267.69610595703125,83.54750061035156,110.5779037475586,215.75379943847656
272.85528564453125,80.2396011352539,98.14320373535156,220.6553955078125
281.6777038574219,85.10980224609375,92.30500030517578,213.81619262695312
284.04998779296875,88.94889831542969,87.29149627685547,210.2631072998047
292.1629943847656,94.08370208740234,84.18689727783203,201.32119750976562
290.1842956542969,87.07929992675781,88.12149810791016,209.5153045654297
287.68951416015625,95.26339721679688,92.23809814453125,200.05389404296875
273.8883972167969,91.09349822998047,112.5198974609375,206.8885040283203
255.2333984375,94.45819854736328,133.24920654296875,202.97959899902344
233.98399353027344,97.56559753417969,157.86520385742188,200.33740234375
261.67529296875,79.07389831542969,134.97000122070312,222.94070434570312
271.8110046386719,96.8958969116211,123.95989990234375,202.59500122070312
262.9505920410156,96.70999908447266,130.8009033203125,200.3424072265625
276.85791015625,89.60440063476562,121.93710327148438,206.31390380859375
284.0075988769531,89.777099609375,118.76750183105469,206.04269409179688
289.6171875,86.5282974243164,113.62000274658203,208.42129516601562
311.4908142089844,74.57659912109375,95.05750274658203,228.82330322265625
308.760986328125,69.35079956054688,109.34549713134766,229.81700134277344
308.1058044433594,77.89129638671875,109.80339813232422,222.90130615234375
307.3035888671875,78.77960205078125,128.335693359375,218.62399291992188
313.0967102050781,69.9530029296875,131.62159729003906,226.1743927001953
318.6029052734375,87.46029663085938,123.51249694824219,213.00830078125
314.2752990722656,69.71910095214844,149.34759521484375,229.38819885253906
319.4103088378906,80.66210174560547,149.18150329589844,223.63929748535156
323.2394104003906,71.61289978027344,148.5782012939453,231.87120056152344
317.908203125,75.48979949951172,168.24339294433594,226.6154022216797
316.6625061035156,73.10530090332031,174.81280517578125,229.8321075439453
320.5205078125,70.75810241699219,170.80299377441406,234.8549041748047
322.389892578125,80.52310180664062,177.08949279785156,223.4687957763672
319.30828857421875,79.71600341796875,180.9539031982422,223.55999755859375
324.8205871582031,75.35240173339844,171.69500732421875,230.41610717773438
324.81329345703125,75.77539825439453,156.8618927001953,228.91319274902344
320.4267883300781,82.114501953125,153.48219299316406,224.76649475097656
317.1907043457031,83.53109741210938,154.48939514160156,220.49569702148438
314.6108093261719,86.72679901123047,150.3990020751953,213.9207000732422
315.40570068359375,86.8573989868164,141.5955047607422,215.8135986328125
317.6763916015625,87.30979919433594,138.21180725097656,214.92030334472656
319.7759094238281,87.23190307617188,133.04330444335938,216.12399291992188
323.9823913574219,84.16519927978516,124.02439880371094,220.23179626464844
330.5840148925781,79.88860321044922,112.6072998046875,221.9326934814453
328.3128967285156,84.73410034179688,114.6260986328125,225.04559326171875
324.54168701171875,77.82530212402344,120.13009643554688,222.585205078125
325.5148010253906,85.2301025390625,117.56819915771484,222.3343048095703
325.2381896972656,74.91519927978516,109.3917007446289,226.9528045654297
328.1299133300781,80.07820129394531,103.15969848632812,223.49220275878906
329.39459228515625,81.00279998779297,100.46790313720703,224.70770263671875
329.7431945800781,79.1240005493164,104.716796875,225.11070251464844
332.82080078125,79.43260192871094,92.76419830322266,222.7218017578125
330.1787109375,82.68280029296875,101.3363037109375,224.29299926757812
327.1773986816406,97.37830352783203,122.93620300292969,207.2353057861328
284.8146057128906,114.5927963256836,152.3874053955078,184.50779724121094
267.60009765625,107.36180114746094,190.0106964111328,194.5458984375
246.98570251464844,106.27899932861328,217.57479858398438,193.69140625
227.5933074951172,111.90609741210938,228.24769592285156,187.2259979248047
204.00990295410156,117.8749008178711,236.24879455566406,182.55239868164062
233.94520568847656,111.08170318603516,222.4058074951172,194.99099731445312
235.71890258789062,108.65599822998047,211.51710510253906,195.9810028076172
246.89450073242188,109.24030303955078,199.88119506835938,192.99569702148438
255.8804931640625,118.08270263671875,179.1051025390625,187.70570373535156
259.6348876953125,118.3541030883789,176.39300537109375,187.71009826660156
263.22760009765625,109.45020294189453,171.44850158691406,196.3740997314453
267.0069885253906,111.44920349121094,156.9759979248047,197.9705047607422
265.00201416015625,111.36139678955078,152.06719970703125,198.2816925048828
260.9469909667969,103.94650268554688,159.9571990966797,207.37869262695312
269.94488525390625,81.77989959716797,137.101806640625,227.50759887695312
271.8965148925781,77.20659637451172,135.07159423828125,229.35809326171875
272.59759521484375,79.04679870605469,139.4615936279297,228.39059448242188
272.37469482421875,77.95050048828125,148.56649780273438,229.41909790039062
280.845703125,70.9208984375,137.44459533691406,238.20260620117188
276.6282043457031,85.29429626464844,150.94729614257812,221.6092987060547
282.6671142578125,89.7979965209961,155.033203125,219.47369384765625
280.45001220703125,97.55799865722656,164.96189880371094,213.66470336914062
280.1578063964844,102.04209899902344,159.92579650878906,206.0897979736328
289.25531005859375,108.34719848632812,154.48399353027344,203.68710327148438
294.3965148925781,100.14630126953125,145.7711944580078,211.47030639648438
298.9895935058594,106.41699981689453,142.13229370117188,206.6136932373047
296.9952087402344,87.06420135498047,132.02259826660156,226.32110595703125
294.7972106933594,79.64830017089844,135.47369384765625,237.31069946289062
288.9941101074219,69.51339721679688,138.406494140625,248.93060302734375
286.3976135253906,81.45379638671875,132.62789916992188,240.87379455566406
292.72088623046875,79.67379760742188,122.19229888916016,241.94259643554688
296.94329833984375,80.50640106201172,105.56529998779297,240.05099487304688
258.5392150878906,84.98300170898438,129.82859802246094,237.1750030517578
232.30259704589844,92.38240051269531,157.67820739746094,228.64630126953125
223.28880310058594,116.46440124511719,166.3990936279297,205.2602996826172
229.82310485839844,104.1968002319336,153.34890747070312,218.77650451660156
224.81419372558594,102.12120056152344,159.8679962158203,219.4575958251953
230.02200317382812,105.27729797363281,152.6479034423828,214.27239990234375
236.59109497070312,93.3501968383789,139.22189331054688,226.43479919433594
235.4001007080078,88.19380187988281,142.30189514160156,229.7888946533203
229.981201171875,87.39939880371094,151.7740936279297,228.54440307617188
215.0438995361328,96.94740295410156,162.86489868164062,219.26190185546875
209.658203125,93.65039825439453,170.601806640625,220.00250244140625
211.00709533691406,88.23899841308594,172.5511016845703,227.34539794921875
203.39599609375,113.52120208740234,181.38699340820312,203.8621063232422
214.1334991455078,112.56539916992188,166.15089416503906,199.64529418945312
219.81919860839844,111.6041030883789,158.50689697265625,200.9738006591797
241.07310485839844,120.27980041503906,140.0540008544922,184.40480041503906
241.314697265625,121.04620361328125,141.0124969482422,184.6800994873047
242.7841033935547,122.881103515625,135.01499938964844,183.46609497070312
238.35330200195312,105.89969635009766,143.43710327148438,201.6676025390625
241.1092071533203,104.2125015258789,144.31900024414062,203.2978057861328
242.24749755859375,94.52619934082031,154.58920288085938,214.36830139160156
239.9167022705078,92.10389709472656,151.7843017578125,220.11129760742188
250.89500427246094,85.26909637451172,166.30810546875,225.4929962158203
255.85409545898438,87.95439910888672,154.97210693359375,221.79409790039062
256.26129150390625,80.21510314941406,145.87100219726562,232.65939331054688
260.0794982910156,73.54419708251953,162.54710388183594,236.97450256347656
261.0531921386719,76.17359924316406,161.13999938964844,234.58099365234375
258.148193359375,95.27410125732422,157.82029724121094,216.56939697265625
270.0284118652344,71.65380096435547,171.939697265625,238.98570251464844
275.4046936035156,78.13580322265625,157.4611053466797,233.3936004638672
269.5152893066406,76.57260131835938,162.3780975341797,232.5402069091797
277.5293884277344,78.9822006225586,166.63720703125,229.8563995361328
304.9656982421875,65.88939666748047,139.1717071533203,245.61959838867188
298.0003967285156,72.83599853515625,146.95379638671875,235.54879760742188
316.2785949707031,71.8333969116211,130.15060424804688,238.18980407714844
323.8116149902344,74.32350158691406,125.43329620361328,234.1822967529297
334.61199951171875,64.76069641113281,114.8823013305664,248.81689453125
328.5780029296875,69.68240356445312,121.5271987915039,244.9127960205078
