1
297.9407043457031,90.30380249023438,57.80830001831055,147.46209716796875
300.48199462890625,88.4281005859375,53.06060028076172,147.14939880371094
295.0115966796875,91.53299713134766,50.088401794433594,149.289794921875
286.6257019042969,87.6864013671875,56.364898681640625,149.08749389648438
284.9906921386719,87.0885009765625,59.34600067138672,155.58200073242188
285.77410888671875,79.6229019165039,57.93429946899414,155.06039428710938
290.08209228515625,87.39649963378906,53.1880989074707,153.65469360351562
287.5150146484375,80.31690216064453,56.926300048828125,157.02850341796875
283.9010009765625,84.7947006225586,59.87160110473633,157.15269470214844
284.6636047363281,76.59320068359375,58.07849884033203,161.21209716796875
283.8558044433594,80.46179962158203,55.98040008544922,162.00909423828125
282.0791015625,81.97339630126953,60.43450164794922,160.69540405273438
277.77789306640625,85.82350158691406,57.44490051269531,158.5623016357422
277.9009094238281,84.34719848632812,58.002498626708984,159.6645965576172
274.74310302734375,84.60060119628906,57.73649978637695,162.29690551757812
273.6766052246094,93.841796875,60.53919982910156,148.5740966796875
274.8409118652344,95.6176986694336,59.419898986816406,146.2469024658203
268.8233947753906,95.49250030517578,64.6332015991211,146.39199829101562
269.202392578125,87.55339813232422,63.3828010559082,154.8303985595703
266.64349365234375,93.70149993896484,67.4395980834961,150.68240356445312
273.2571105957031,91.6438980102539,58.86709976196289,152.02630615234375
278.64739990234375,90.09380340576172,65.75559997558594,157.3332977294922
278.1426086425781,85.4312973022461,90.63420104980469,154.60450744628906
279.8587951660156,77.52729797363281,100.68009948730469,165.5001983642578
290.7445983886719,96.35430145263672,87.79989624023438,146.3262939453125
288.27520751953125,95.7197036743164,95.20950317382812,153.47230529785156
298.943603515625,91.2947998046875,79.818603515625,146.37339782714844
290.9934997558594,92.70459747314453,81.99230194091797,157.6031036376953
293.16900634765625,84.61129760742188,80.87030029296875,164.28439331054688
290.80609130859375,91.81390380859375,83.04679870605469,161.09970092773438
297.69720458984375,88.10489654541016,82.6063003540039,163.3780975341797
291.32440185546875,101.26110076904297,90.13009643554688,152.3052978515625
299.7825927734375,100.91339874267578,79.52860260009766,154.64230346679688
300.4587097167969,103.22550201416016,78.07779693603516,149.66650390625
301.5989990234375,107.36509704589844,76.27459716796875,147.05679321289062
304.8880920410156,104.98149871826172,71.84729766845703,143.46099853515625
306.1346130371094,100.5291976928711,79.29429626464844,156.8090057373047
304.71258544921875,93.19059753417969,81.18949890136719,162.52420043945312
302.72259521484375,92.04139709472656,89.44270324707031,167.01429748535156
296.360107421875,91.20349884033203,100.02449798583984,167.82249450683594
296.8573913574219,100.35880279541016,99.47129821777344,160.93829345703125
300.310791015625,103.28350067138672,97.56839752197266,161.98500061035156
296.3481140136719,101.6592025756836,108.55950164794922,166.38450622558594
297.6929931640625,109.86060333251953,108.6864013671875,157.90769958496094
289.6769104003906,107.80480194091797,122.72350311279297,157.25770568847656
282.4932861328125,100.49169921875,133.28570556640625,161.2498016357422
282.7054138183594,107.75569915771484,133.61610412597656,154.5529022216797
269.5177001953125,107.60130310058594,147.97569274902344,150.10060119628906
247.26280212402344,110.23269653320312,166.2969970703125,148.08450317382812
232.3195037841797,109.19219970703125,188.69200134277344,148.93150329589844
222.69369506835938,114.54389953613281,195.3433074951172,142.85169982910156
205.78050231933594,115.87840270996094,206.47850036621094,147.6239013671875
203.3582000732422,110.04070281982422,213.86630249023438,147.03089904785156
196.3007049560547,120.54979705810547,219.59979248046875,139.30349731445312
233.81700134277344,105.89720153808594,183.4058074951172,156.2239990234375
197.43600463867188,122.60970306396484,207.57229614257812,140.04840087890625
181.60350036621094,121.75,228.1374053955078,135.2978973388672
181.03880310058594,125.9219970703125,223.93670654296875,131.77890014648438
184.59869384765625,123.90299987792969,215.92100524902344,133.14540100097656
177.5435028076172,122.55470275878906,222.86680603027344,132.68319702148438
180.50250244140625,123.28410339355469,218.98629760742188,138.5989990234375
180.20899963378906,124.52670288085938,214.79330444335938,132.26199340820312
184.697998046875,117.9021987915039,212.6363067626953,145.5740966796875
205.7476043701172,110.25630187988281,198.3126983642578,147.30279541015625
199.279296875,120.38690185546875,209.32460021972656,144.31239318847656
222.69349670410156,111.11000061035156,187.07940673828125,149.1746063232422
236.50439453125,107.24410247802734,167.49549865722656,151.57620239257812
234.85789489746094,108.95490264892578,169.41029357910156,152.99560546875
235.59860229492188,106.09380340576172,154.35679626464844,161.2888946533203
233.68980407714844,114.12529754638672,149.44920349121094,150.91900634765625
235.78660583496094,107.96089935302734,146.6970977783203,156.4810028076172
239.1707000732422,107.58699798583984,138.73179626464844,154.69920349121094
244.1300048828125,110.37860107421875,119.82569885253906,155.59469604492188
247.5458984375,105.6592025756836,114.98719787597656,157.40440368652344
245.95269775390625,115.39360046386719,116.7113037109375,153.4069061279297
239.75379943847656,121.16899871826172,130.67149353027344,147.3404998779297
241.12319946289062,119.83290100097656,128.2760009765625,147.69419860839844
241.3032989501953,115.3595962524414,120.68470001220703,153.1634063720703
241.45359802246094,115.18309783935547,120.8009033203125,150.9272003173828
244.01809692382812,120.49369812011719,111.92169952392578,145.92430114746094
245.67880249023438,120.87359619140625,103.60659790039062,143.07020568847656
259.7620849609375,104.84500122070312,98.93949890136719,153.65570068359375
259.4403991699219,106.97660064697266,102.26519775390625,154.15420532226562
262.8796081542969,112.12969970703125,95.38349914550781,151.33889770507812
266.2869873046875,116.07379913330078,85.48419952392578,141.33599853515625
266.78619384765625,114.91110229492188,82.07640075683594,147.61070251464844
267.5896911621094,109.76899719238281,73.55180358886719,149.64669799804688
263.8327941894531,103.82929992675781,84.99520111083984,154.27349853515625
263.6827087402344,106.79290008544922,87.14309692382812,151.0738067626953
263.3428955078125,106.07170104980469,94.96189880371094,149.8459014892578
268.1036071777344,91.38770294189453,96.4822998046875,160.87269592285156
266.7633056640625,93.29440307617188,90.39949798583984,160.69140625
272.4541931152344,85.43049621582031,95.88839721679688,167.95089721679688
274.0093994140625,89.96179962158203,93.85669708251953,171.42529296875
276.0671081542969,86.58930206298828,92.527099609375,168.39720153808594
277.7558898925781,89.04669952392578,93.3676986694336,167.70620727539062
279.84539794921875,95.10820007324219,90.93779754638672,169.9199981689453
281.9088134765625,94.81849670410156,88.90440368652344,165.93719482421875
281.6528015136719,100.33910369873047,87.96759796142578,157.7550048828125
285.16510009765625,110.29570007324219,82.34339904785156,151.7747039794922
283.8902893066406,103.0385971069336,84.83619689941406,156.66529846191406
284.4390869140625,111.15750122070312,86.63400268554688,154.00030517578125
279.7538146972656,117.94149780273438,92.5354995727539,147.57730102539062
277.05859375,116.85900115966797,97.65070343017578,146.2086944580078
274.3705139160156,116.3218994140625,96.96320343017578,150.69439697265625
265.9617004394531,117.53250122070312,110.98190307617188,152.16720581054688
264.81878662109375,119.1666030883789,112.71800231933594,149.0500030517578
266.5653991699219,119.78910064697266,113.00700378417969,152.47430419921875
259.9465026855469,119.08560180664062,125.80709838867188,152.61669921875
261.48699951171875,120.002197265625,122.9176025390625,154.8114013671875
255.4344940185547,116.36070251464844,130.96820068359375,156.32400512695312
243.5131072998047,113.71410369873047,145.48829650878906,154.22970581054688
242.42140197753906,115.3988037109375,144.16600036621094,154.61380004882812
238.3542938232422,113.56809997558594,151.45449829101562,151.85470581054688
228.4821014404297,112.31819915771484,154.1334991455078,155.65890502929688
229.23910522460938,109.36579895019531,143.4409942626953,152.01780700683594
226.19769287109375,113.64360046386719,162.4010009765625,151.9871063232422
225.77650451660156,113.6980972290039,166.97000122070312,153.28700256347656
229.74510192871094,116.81189727783203,156.9604034423828,155.6573944091797
228.7471923828125,106.80180358886719,156.55470275878906,159.66310119628906
233.59390258789062,111.2042007446289,154.80960083007812,165.88999938964844
232.30149841308594,103.78559875488281,147.66909790039062,161.19090270996094
238.8759002685547,106.19930267333984,129.21279907226562,162.73590087890625
245.918701171875,108.8136978149414,112.49800109863281,159.62730407714844
242.03689575195312,114.1541976928711,114.86139678955078,155.42489624023438
242.49659729003906,112.1270980834961,113.88939666748047,154.14500427246094
232.97959899902344,120.95539855957031,126.69349670410156,157.84120178222656
228.22569274902344,132.21749877929688,128.54209899902344,137.927001953125
226.7825927734375,144.09779357910156,127.75769805908203,128.66879272460938
228.72349548339844,150.0679931640625,126.19609832763672,119.40850067138672
229.85220336914062,131.69119262695312,125.30509948730469,137.0845947265625
231.92979431152344,132.03880310058594,124.33429718017578,140.968505859375
248.92550659179688,130.76609802246094,104.989501953125,140.15060424804688
245.48609924316406,124.82230377197266,104.66809844970703,141.49020385742188
242.60279846191406,120.49929809570312,111.58899688720703,148.35569763183594
255.0229034423828,116.38059997558594,96.6353988647461,152.0561981201172
259.5975036621094,115.26020050048828,87.96440124511719,156.73089599609375
263.7491149902344,110.17739868164062,83.56050109863281,159.48590087890625
272.3359069824219,108.88079833984375,70.78849792480469,165.12460327148438
272.3826904296875,103.60469818115234,73.089599609375,167.30850219726562
275.1944885253906,92.60310363769531,71.28189849853516,177.89410400390625
278.9869079589844,88.17919921875,71.03119659423828,183.5762939453125
276.064208984375,95.33789825439453,74.87840270996094,177.84530639648438
274.4132995605469,80.70670318603516,84.45189666748047,186.19769287109375
276.4877014160156,89.08779907226562,87.56620025634766,183.07009887695312
273.57861328125,98.00920104980469,92.5562973022461,170.29769897460938
272.8346862792969,88.3052978515625,93.28299713134766,181.8345947265625
280.5255126953125,81.05490112304688,94.50260162353516,187.20399475097656
283.70849609375,95.4032974243164,85.65190124511719,176.67669677734375
286.70489501953125,79.52539825439453,81.00360107421875,187.60719299316406
288.16351318359375,87.31929779052734,78.54550170898438,187.04969787597656
287.6543884277344,86.3280029296875,78.84660339355469,187.7454071044922
288.0924987792969,96.82469940185547,81.90899658203125,174.15240478515625
291.6404113769531,100.45649719238281,76.96440124511719,175.46859741210938
291.11370849609375,102.51920318603516,78.97879791259766,169.01620483398438
290.4020080566406,111.43669891357422,81.09940338134766,164.1300048828125
291.31170654296875,115.4197006225586,79.21890258789062,165.82949829101562
292.4435119628906,110.88490295410156,77.27040100097656,167.27040100097656
294.14788818359375,116.88369750976562,72.93289947509766,163.5034942626953
289.5459899902344,111.16729736328125,75.197998046875,169.1269073486328
289.8731994628906,111.32559967041016,74.12049865722656,168.67529296875
286.1192932128906,101.31809997558594,75.9363021850586,179.43919372558594
281.2030029296875,102.85579681396484,79.07029724121094,180.28289794921875
279.5602111816406,104.60379791259766,79.28990173339844,178.1580047607422
278.2029113769531,108.64659881591797,78.53710174560547,175.20010375976562
275.8006896972656,108.81990051269531,77.10970306396484,177.1221923828125
270.84588623046875,104.77449798583984,82.55619812011719,182.75120544433594
270.90240478515625,95.68920135498047,79.89250183105469,190.25030517578125
269.8114929199219,97.86380004882812,77.25409698486328,191.80589294433594
268.63330078125,105.83170318603516,78.13520050048828,188.7653045654297
263.59539794921875,105.14399719238281,84.36509704589844,190.74569702148438
268.57489013671875,104.8948974609375,76.95269775390625,191.39309692382812
232.48699951171875,109.15979766845703,107.76029968261719,189.52430725097656
211.62350463867188,107.42530059814453,136.08450317382812,191.3155059814453
201.13710021972656,126.28589630126953,149.55099487304688,173.77650451660156
197.80909729003906,134.6342010498047,143.8415985107422,165.24169921875
198.15420532226562,130.82760620117188,147.914306640625,164.8072967529297
193.19400024414062,132.13259887695312,156.13780212402344,170.01199340820312
192.3096923828125,125.51080322265625,158.1656036376953,177.9501953125
191.5157012939453,127.3676986694336,168.34730529785156,172.31109619140625
192.06619262695312,132.15480041503906,152.1248016357422,167.72189331054688
192.72869873046875,147.29010009765625,141.7368927001953,155.10679626464844
193.3271026611328,147.82760620117188,140.9683074951172,156.57569885253906
193.23899841308594,147.0552978515625,145.0363006591797,151.37379455566406
193.20779418945312,154.1511993408203,148.48919677734375,142.43080139160156
194.34719848632812,143.92539978027344,148.1988983154297,153.06869506835938
195.74969482421875,127.56759643554688,139.68719482421875,171.23390197753906
207.69259643554688,101.8593978881836,137.30470275878906,196.27780151367188
204.3542022705078,84.64440155029297,142.1761932373047,208.14100646972656
215.0269012451172,89.16780090332031,135.3748016357422,204.1168975830078
223.23330688476562,86.7468032836914,125.61540222167969,213.68589782714844
223.2017059326172,70.11810302734375,120.44029998779297,219.17970275878906
226.21090698242188,80.96810150146484,121.79190063476562,220.1094970703125
231.66610717773438,67.77940368652344,120.45539855957031,228.1636962890625
221.21839904785156,84.04049682617188,134.84840393066406,219.1278076171875
233.36929321289062,80.04219818115234,123.76730346679688,208.04469299316406
237.04100036621094,84.5470962524414,128.3975067138672,213.693603515625
237.86680603027344,98.55570220947266,118.72789764404297,202.0330047607422
238.26060485839844,81.19599914550781,121.5833969116211,216.2761993408203
237.72830200195312,88.69010162353516,129.9272003173828,219.70460510253906
232.147705078125,75.26709747314453,139.50070190429688,221.24710083007812
238.91050720214844,86.09310150146484,123.59390258789062,219.37010192871094
239.5511016845703,77.19920349121094,124.76609802246094,223.35049438476562
238.8489990234375,88.4822006225586,122.73529815673828,215.64990234375
234.5612030029297,80.34010314941406,127.59259796142578,218.95919799804688
239.7595977783203,84.4031982421875,129.13900756835938,222.7238006591797
243.77090454101562,87.9645004272461,130.45689392089844,210.65289306640625
252.2407989501953,95.60199737548828,127.64679718017578,211.15269470214844
267.90478515625,86.23320007324219,114.39689636230469,221.2528076171875
263.2048034667969,87.41449737548828,128.01319885253906,220.03439331054688
269.82000732421875,87.41380310058594,121.4573974609375,221.1416015625
274.3446960449219,78.2666015625,119.05149841308594,222.96189880371094
269.8591003417969,74.09249877929688,123.4188003540039,229.4373016357422
271.88330078125,75.73410034179688,120.11430358886719,230.44180297851562
270.96490478515625,68.65460205078125,116.91729736328125,230.75540161132812
265.9198913574219,76.84819793701172,125.65399932861328,225.77699279785156
270.76239013671875,66.8634033203125,121.8595962524414,234.15029907226562
266.7557067871094,82.46910095214844,129.03709411621094,226.4237060546875
266.3763122558594,66.86499786376953,130.7073974609375,225.8029022216797
267.3573913574219,81.14749908447266,125.76899719238281,218.26589965820312
259.87078857421875,86.97100067138672,137.23899841308594,219.20680236816406
258.5483093261719,79.4739990234375,139.48989868164062,225.2675018310547
254.7281951904297,87.3373031616211,143.12530517578125,215.39230346679688
246.1472930908203,82.84519958496094,153.17660522460938,221.2238006591797
241.1053924560547,93.31279754638672,152.16299438476562,213.83900451660156
219.9506072998047,87.8207015991211,174.9300994873047,211.45030212402344
221.69659423828125,87.71070098876953,176.49429321289062,213.55540466308594
226.72520446777344,78.94149780273438,175.22979736328125,215.32940673828125
241.01510620117188,89.77690124511719,154.99620056152344,212.94410705566406
253.398193359375,82.82019805908203,150.04150390625,207.00860595703125
254.5308074951172,79.18509674072266,150.75050354003906,211.24310302734375
251.4871063232422,81.7311019897461,160.7761993408203,207.4105987548828
271.3233947753906,60.92580032348633,131.85479736328125,230.91409301757812
284.0054016113281,59.70009994506836,112.3313980102539,230.1208038330078
292.01971435546875,70.82479858398438,102.69930267333984,233.44219970703125
287.4136962890625,56.834598541259766,107.7156982421875,230.5897979736328
295.4732971191406,52.62369918823242,97.07009887695312,246.8070068359375
286.3840026855469,55.43619918823242,111.51300048828125,243.12969970703125
276.92279052734375,67.47760009765625,124.86910247802734,228.8061065673828
278.6304931640625,64.67579650878906,125.54900360107422,224.97129821777344
276.3186950683594,69.05899810791016,129.67269897460938,230.03140258789062
266.79779052734375,48.43439865112305,143.57049560546875,243.2613983154297
267.04730224609375,46.98419952392578,142.22230529785156,248.8031005859375
260.21038818359375,43.30619812011719,146.86529541015625,248.84190368652344
255.5030975341797,41.93579864501953,159.31100463867188,247.68890380859375
253.14089965820312,48.320098876953125,157.6461944580078,242.87860107421875
258.4917907714844,47.23619842529297,145.556396484375,243.82859802246094
266.0492858886719,56.49380111694336,99.50749969482422,233.1237030029297
265.53228759765625,42.089500427246094,93.58830261230469,236.21859741210938
271.06549072265625,48.070701599121094,85.22550201416016,243.25579833984375
271.7434997558594,44.735599517822266,85.05970001220703,243.68670654296875
271.62091064453125,41.28770065307617,86.0521011352539,246.58709716796875
272.0105895996094,42.118099212646484,83.685302734375,247.73170471191406
272.47589111328125,40.698001861572266,82.05760192871094,249.29409790039062
265.3648986816406,41.07120132446289,96.37940216064453,245.46690368652344
263.3323059082031,43.250301361083984,95.845703125,241.84109497070312
263.160400390625,41.220401763916016,101.06929779052734,244.50950622558594
260.64599609375,47.504798889160156,101.63610076904297,241.74240112304688
266.6152038574219,56.5713996887207,86.10199737548828,232.94850158691406
267.1405944824219,56.639400482177734,84.71499633789062,228.0135040283203
266.0292053222656,68.82679748535156,79.86489868164062,218.8697052001953
260.385986328125,74.33149719238281,80.05960083007812,213.17349243164062
256.5924987792969,71.1011962890625,88.49510192871094,217.10650634765625
251.5554962158203,77.9363021850586,92.59549713134766,212.42799377441406
247.4470977783203,78.38710021972656,94.26270294189453,205.9626007080078
244.1112060546875,78.19609832763672,102.19139862060547,208.82650756835938
243.7548065185547,75.20970153808594,95.89839935302734,206.21389770507812
237.6248016357422,84.08489990234375,98.77179718017578,199.44979858398438
228.44509887695312,85.47339630126953,103.5781021118164,202.2794952392578
216.91839599609375,86.2979965209961,117.00900268554688,204.94769287109375
191.6522979736328,86.35549926757812,138.92160034179688,204.40069580078125
186.73939514160156,76.96640014648438,151.10800170898438,209.56509399414062
187.33470153808594,65.10579681396484,148.19369506835938,221.9385986328125
199.4929962158203,56.79100036621094,116.11720275878906,235.83929443359375
200.26390075683594,51.26210021972656,115.73919677734375,237.9069061279297
203.7353973388672,46.8302001953125,106.064697265625,241.75369262695312
202.81979370117188,55.444400787353516,96.62979888916016,235.41749572753906
205.01690673828125,62.208499908447266,93.86170196533203,228.06179809570312
204.74139404296875,76.87349700927734,89.67659759521484,212.610595703125
201.2301025390625,73.50170135498047,93.30020141601562,219.4741973876953
201.18479919433594,84.28959655761719,93.38030242919922,207.96510314941406
203.73770141601562,98.37319946289062,85.11399841308594,200.2187957763672
205.10110473632812,102.41339874267578,82.98739624023438,188.34039306640625
204.46490478515625,105.24230194091797,85.44550323486328,187.2281951904297
202.9862060546875,107.97599792480469,85.43090057373047,182.7895050048828
194.76100158691406,89.14559936523438,98.08100128173828,204.73829650878906
192.75270080566406,69.15699768066406,102.96410369873047,226.89920043945312
188.70590209960938,69.61509704589844,109.66210174560547,224.9468994140625
165.44039916992188,70.3021011352539,135.0299072265625,222.00070190429688
175.12989807128906,74.42459869384766,124.03019714355469,217.19700622558594
164.28660583496094,70.00090026855469,129.86720275878906,223.86349487304688
143.57640075683594,84.15440368652344,151.6154022216797,213.4738006591797
134.6320037841797,88.54389953613281,159.8083038330078,211.1136016845703
126.35679626464844,94.54920196533203,161.2548065185547,206.41220092773438
115.01210021972656,109.83650207519531,163.19740295410156,187.31089782714844
156.5906982421875,101.61039733886719,144.0937957763672,194.52999877929688
125.57489776611328,118.29540252685547,157.78990173339844,176.3251953125
161.36830139160156,102.6072006225586,137.00320434570312,190.22360229492188
144.74169921875,100.122802734375,146.45860290527344,194.87100219726562
118.5907974243164,110.5,166.59280395507812,185.11239624023438
144.84120178222656,98.90170288085938,157.05870056152344,194.70660400390625
137.4490966796875,98.77880096435547,150.84429931640625,192.80239868164062
140.72430419921875,97.18419647216797,151.24400329589844,203.39199829101562
154.5583953857422,93.71720123291016,144.285400390625,202.8686981201172
173.41580200195312,91.11389923095703,121.99320220947266,203.4951934814453
188.54429626464844,84.7510986328125,99.3124008178711,212.82879638671875
197.49960327148438,77.77570343017578,87.57659912109375,214.46600341796875
202.11480712890625,79.75869750976562,79.6176986694336,214.6616973876953
207.3524932861328,80.1272964477539,73.38179779052734,213.9846954345703
208.84280395507812,93.58489990234375,79.9529037475586,209.75669860839844
210.49339294433594,89.81600189208984,74.13249969482422,195.35479736328125
216.67779541015625,98.71859741210938,67.08509826660156,203.1392059326172
214.8887939453125,97.55979919433594,85.50679779052734,197.24029541015625
214.50100708007812,110.33499908447266,85.20230102539062,193.3050994873047
214.79010009765625,104.95960235595703,87.95549774169922,188.86239624023438
212.7346954345703,105.02330017089844,92.9542007446289,185.08140563964844
213.51629638671875,106.3749008178711,92.6958999633789,186.87649536132812
212.27830505371094,109.89920043945312,94.7863998413086,185.24549865722656
212.66619873046875,108.00420379638672,86.31649780273438,184.05099487304688
210.97439575195312,104.3947982788086,97.86000061035156,188.83949279785156
209.8625030517578,104.2916030883789,95.55229949951172,191.34010314941406
198.7550048828125,113.87419891357422,100.6718978881836,181.6132049560547
197.58909606933594,109.47000122070312,111.14749908447266,185.68359375
189.73219299316406,117.00540161132812,115.11689758300781,175.39329528808594
174.4915008544922,122.30370330810547,134.85150146484375,171.6920928955078
171.9665069580078,120.65239715576172,138.50540161132812,176.6490936279297
171.00570678710938,122.98860168457031,140.56480407714844,175.4373016357422
164.7769012451172,120.59989929199219,144.935302734375,177.88909912109375
163.7344970703125,116.69869995117188,143.6053924560547,181.6779022216797
162.11590576171875,122.27960205078125,139.61309814453125,177.5823974609375
161.99349975585938,126.34960174560547,140.04379272460938,174.88819885253906
159.46470642089844,129.82200622558594,146.74530029296875,170.2982940673828
198.9449005126953,128.82330322265625,162.79319763183594,178.13619995117188
166.773193359375,120.81759643554688,175.92840576171875,182.6385955810547
184.5718994140625,116.12670135498047,175.25039672851562,188.76409912109375
191.20050048828125,114.63700103759766,165.48739624023438,190.59959411621094
194.7821044921875,118.2948989868164,152.79469299316406,177.30340576171875
180.60299682617188,101.58480072021484,189.45570373535156,199.76939392089844
185.35150146484375,110.80120086669922,186.9429931640625,200.5644989013672
192.1855926513672,96.0082015991211,187.0186004638672,207.15679931640625
202.92120361328125,95.56800079345703,165.96609497070312,206.2324981689453
211.24639892578125,95.68109893798828,151.08079528808594,210.5135955810547
222.0507049560547,93.05159759521484,150.085205078125,207.84030151367188
218.15550231933594,104.6082992553711,159.5778045654297,192.41009521484375
223.8917999267578,87.51899719238281,158.7259979248047,205.9779052734375
230.3665008544922,98.60469818115234,149.33560180664062,210.99960327148438
236.44749450683594,84.39630126953125,141.41439819335938,214.06570434570312
245.81790161132812,88.60209655761719,120.73069763183594,218.75509643554688
250.345703125,99.6072998046875,110.7833023071289,213.2917022705078
248.0467987060547,95.38249969482422,122.63040161132812,216.36489868164062
251.95579528808594,99.69730377197266,112.40769958496094,214.86729431152344
250.46009826660156,98.5718002319336,121.16680145263672,219.72439575195312
255.05889892578125,98.0438003540039,113.18440246582031,216.552001953125
256.9661865234375,97.79570007324219,108.44270324707031,223.69039916992188
258.7974853515625,94.49410247802734,121.3634033203125,223.6259002685547
258.3855895996094,97.15390014648438,128.4199981689453,223.00030517578125
