1
256.3059997558594,71.88749694824219,167.6728057861328,229.37559509277344
263.5101013183594,66.03610229492188,159.7366943359375,239.6927947998047
268.1929931640625,71.41539764404297,138.22450256347656,233.3936004638672
255.19720458984375,70.04019927978516,161.2299041748047,228.081298828125
259.10479736328125,75.76080322265625,144.53880310058594,229.02780151367188
257.2663879394531,87.27549743652344,159.10989379882812,224.40150451660156
261.70001220703125,82.12779998779297,152.40530395507812,223.55340576171875
250.26870727539062,94.13829803466797,172.1925048828125,211.74459838867188
247.4573974609375,104.26529693603516,181.33740234375,197.97169494628906
250.07940673828125,103.26850128173828,178.95730590820312,193.12429809570312
252.29010009765625,99.88690185546875,176.46429443359375,202.0457000732422
238.44610595703125,94.20850372314453,193.17379760742188,205.81689453125
238.6221923828125,98.58329772949219,193.7989959716797,200.94949340820312
226.39230346679688,97.29190063476562,210.83070373535156,203.9261932373047
201.42999267578125,89.58329772949219,225.84359741210938,209.25250244140625
201.38380432128906,92.20220184326172,235.95730590820312,203.7093963623047
205.15109252929688,84.79989624023438,242.2960968017578,208.49659729003906
200.5841064453125,81.37699890136719,259.2857971191406,207.3408966064453
202.47560119628906,82.3740005493164,263.2486877441406,210.35049438476562
198.33799743652344,83.6395034790039,255.6457061767578,208.35330200195312
182.89999389648438,79.3302001953125,269.0263977050781,211.1959991455078
190.6020050048828,83.82749938964844,272.0177001953125,207.26519775390625
184.4127960205078,79.94640350341797,264.7524108886719,212.55880737304688
200.05270385742188,78.67520141601562,247.57569885253906,211.14259338378906
211.66659545898438,78.01020050048828,226.0478057861328,215.53939819335938
203.173095703125,77.04989624023438,239.3867950439453,213.5749969482422
241.41490173339844,74.37629699707031,200.15789794921875,220.66360473632812
237.45779418945312,73.07520294189453,204.7718963623047,225.5760040283203
244.4853057861328,77.20330047607422,200.19529724121094,216.735595703125
265.7705993652344,76.51309967041016,183.72860717773438,223.7003936767578
262.11468505859375,73.90290069580078,184.47259521484375,221.96319580078125
288.4667053222656,74.95459747314453,161.53660583496094,227.77740478515625
302.36029052734375,80.01020050048828,151.5634002685547,219.07150268554688
296.8360900878906,77.5459976196289,155.9040069580078,222.69459533691406
310.6073913574219,79.44149780273438,142.15899658203125,219.85609436035156
300.8883972167969,81.04100036621094,162.710693359375,219.17320251464844
311.914306640625,73.86840057373047,152.0644073486328,226.10299682617188
295.4902038574219,73.2970962524414,180.70030212402344,224.4062042236328
300.5155029296875,79.21959686279297,187.2364044189453,226.95730590820312
307.0564880371094,75.64939880371094,170.1531982421875,223.510498046875
303.0726013183594,69.58830261230469,181.0157012939453,222.04449462890625
304.1856994628906,63.06100082397461,181.1107940673828,225.56280517578125
303.9715881347656,66.65010070800781,177.55130004882812,236.26019287109375
300.3594055175781,71.35459899902344,177.78359985351562,232.9398956298828
305.93701171875,60.55059814453125,157.29519653320312,231.3166961669922
306.0754089355469,74.2970962524414,155.8957977294922,233.7689971923828
307.2096862792969,70.23609924316406,145.98150634765625,224.78089904785156
302.0964050292969,49.988800048828125,138.75450134277344,235.0897979736328
304.5256042480469,59.04990005493164,130.7812042236328,241.16110229492188
295.5556945800781,55.844200134277344,133.9481964111328,233.47320556640625
298.0696105957031,57.91529846191406,115.15840148925781,240.89779663085938
298.98919677734375,58.00619888305664,114.75289916992188,239.3990936279297
296.47039794921875,58.551998138427734,109.98870086669922,241.12269592285156
286.12640380859375,64.03170013427734,117.35130310058594,234.45899963378906
284.8924865722656,51.338199615478516,115.91619873046875,247.67550659179688
276.3898010253906,55.897701263427734,120.40910339355469,241.37879943847656
251.38470458984375,55.54140090942383,143.01370239257812,243.98129272460938
255.90699768066406,49.389400482177734,140.36639404296875,240.28529357910156
249.16119384765625,70.64289855957031,143.49209594726562,229.3719940185547
231.01390075683594,64.24819946289062,157.2790069580078,223.1645050048828
234.9365997314453,66.91629791259766,156.76870727539062,231.6342010498047
237.13070678710938,60.34880065917969,150.3083038330078,225.71629333496094
217.6826934814453,72.30380249023438,166.70660400390625,224.614501953125
224.53489685058594,71.65129852294922,161.76339721679688,226.46640014648438
218.08880615234375,78.18389892578125,165.3970947265625,219.1479034423828
215.6031036376953,75.86009979248047,161.25,222.5897979736328
215.48680114746094,76.38520050048828,162.52450561523438,220.52149963378906
223.5251007080078,81.5718994140625,151.45339965820312,217.55709838867188
238.8050994873047,71.3093032836914,138.997802734375,212.48939514160156
252.42359924316406,79.52729797363281,121.41000366210938,225.33160400390625
253.4423065185547,68.39530181884766,128.51730346679688,233.9207000732422
265.5260925292969,71.30650329589844,120.64790344238281,226.58709716796875
266.31329345703125,66.42489624023438,116.83149719238281,232.06390380859375
268.4465026855469,64.44219970703125,119.1417007446289,237.2091064453125
281.8351135253906,68.4813003540039,110.16320037841797,227.31610107421875
266.143798828125,65.36920166015625,130.77890014648438,229.76400756835938
279.9847106933594,67.8949966430664,121.49859619140625,222.8291015625
271.04150390625,61.13819885253906,150.4647979736328,233.82730102539062
265.8916931152344,59.882598876953125,151.54930114746094,227.03419494628906
273.7796936035156,58.13420104980469,160.0821990966797,234.37489318847656
263.72198486328125,73.93409729003906,181.40939331054688,234.40969848632812
271.4375915527344,74.618896484375,175.6363067626953,216.05020141601562
267.9819030761719,71.1260986328125,179.07260131835938,222.51449584960938
263.68548583984375,77.83779907226562,198.80479431152344,222.43589782714844
261.24798583984375,81.73889923095703,196.5789031982422,210.21200561523438
268.34588623046875,90.16950225830078,191.70010375976562,215.13699340820312
267.9894104003906,81.73179626464844,206.8094024658203,209.67410278320312
270.9065856933594,96.57849884033203,191.70449829101562,214.5596923828125
271.89068603515625,87.58609771728516,206.30430603027344,198.12840270996094
276.0653076171875,105.40899658203125,198.22659301757812,202.04989624023438
269.60101318359375,101.80599975585938,211.68829345703125,191.80650329589844
270.7864074707031,105.12550354003906,207.43380737304688,203.01449584960938
266.4206848144531,100.83709716796875,215.3903045654297,195.22860717773438
270.3966979980469,100.42839813232422,211.93580627441406,194.84890747070312
272.75299072265625,94.68419647216797,206.8896026611328,212.73199462890625
260.4523010253906,98.31529998779297,218.1945037841797,196.522705078125
263.9442138671875,110.6405029296875,210.87440490722656,187.472900390625
268.900390625,102.37750244140625,200.68809509277344,201.36700439453125
270.2059020996094,105.4480972290039,192.1367950439453,193.90969848632812
265.3577880859375,105.54889678955078,202.26759338378906,194.73109436035156
265.284912109375,104.8904037475586,197.86810302734375,196.64889526367188
256.88958740234375,83.54779815673828,192.36300659179688,197.89999389648438
245.17849731445312,90.84809875488281,205.0023956298828,206.05270385742188
249.9783935546875,77.94650268554688,183.41180419921875,216.0186004638672
250.94309997558594,70.37779998779297,155.72450256347656,225.75120544433594
253.31930541992188,67.62079620361328,150.19630432128906,220.07339477539062
258.21978759765625,75.02469635009766,134.7801055908203,224.20179748535156
256.83538818359375,66.5155029296875,120.20899963378906,227.1822052001953
256.7578125,63.73659896850586,123.41020202636719,233.64410400390625
255.34840393066406,64.25700378417969,120.88480377197266,225.6342010498047
251.49989318847656,67.7603988647461,119.97820281982422,229.85450744628906
251.33740234375,56.40650177001953,120.89749908447266,233.5399932861328
250.40379333496094,63.56119918823242,120.3760986328125,233.2863006591797
248.1060028076172,53.49980163574219,121.46959686279297,231.77029418945312
247.3883056640625,67.03189849853516,122.55889892578125,223.7322998046875
249.16070556640625,67.393798828125,118.49520111083984,222.88470458984375
246.13980102539062,67.4572982788086,116.793701171875,216.1186981201172
249.64480590820312,66.1259994506836,113.07489776611328,219.4490966796875
253.29209899902344,66.86170196533203,105.91699981689453,222.80239868164062
255.97329711914062,73.00990295410156,94.4354019165039,216.0605926513672
248.82040405273438,70.0885009765625,102.71260070800781,209.54110717773438
240.78759765625,77.65660095214844,115.52860260009766,213.02589416503906
247.17759704589844,75.1875,109.27790069580078,201.9915008544922
244.5904998779297,77.6676025390625,111.63500213623047,208.17849731445312
244.30870056152344,67.56410217285156,116.97209930419922,214.5782012939453
245.81480407714844,69.52189636230469,120.48419952392578,211.4741973876953
243.24029541015625,72.2979965209961,123.1510009765625,210.23770141601562
248.24749755859375,63.16310119628906,123.09950256347656,218.9420928955078
253.25790405273438,69.69080352783203,126.11039733886719,217.5334014892578
247.5186004638672,64.39730072021484,136.10940551757812,219.2716064453125
255.7196044921875,60.614200592041016,130.07359313964844,222.55569458007812
262.73260498046875,56.089298248291016,134.8477020263672,234.47030639648438
262.27130126953125,56.85200119018555,133.4873046875,226.98379516601562
261.28118896484375,58.926700592041016,138.85690307617188,227.95089721679688
266.1863098144531,45.836299896240234,146.5334930419922,243.28770446777344
251.23919677734375,52.066001892089844,163.81430053710938,234.25430297851562
265.3429870605469,58.1973991394043,150.3657989501953,239.2801971435547
276.41259765625,53.18920135498047,145.7429962158203,237.15269470214844
273.789306640625,52.31990051269531,146.60719299316406,246.6793975830078
273.6039123535156,53.60419845581055,145.3065948486328,239.01809692382812
278.30780029296875,61.34189987182617,141.19839477539062,231.5308074951172
266.927490234375,61.20859909057617,156.11289978027344,226.52450561523438
267.81451416015625,70.93900299072266,153.22430419921875,229.4696044921875
269.16241455078125,65.63729858398438,148.52999877929688,226.85699462890625
274.9999084472656,70.06749725341797,143.2216033935547,224.55360412597656
272.1593933105469,75.93569946289062,144.2711944580078,224.3000946044922
274.114990234375,82.2854995727539,140.1750030517578,221.04400634765625
277.9457092285156,85.8750991821289,133.7530975341797,211.44219970703125
281.20269775390625,77.48719787597656,129.1638946533203,219.2064971923828
283.0127868652344,75.20890045166016,124.4446029663086,224.39649963378906
282.926513671875,65.75199890136719,128.41700744628906,233.52149963378906
284.6177978515625,69.82550048828125,124.65650177001953,235.0565948486328
280.6968078613281,56.937400817871094,131.75059509277344,242.5543975830078
279.4631042480469,47.450801849365234,130.99740600585938,254.1558074951172
279.7821960449219,43.6427001953125,132.57359313964844,252.81900024414062
278.98040771484375,48.90409851074219,124.68379974365234,246.30389404296875
276.6731872558594,49.296600341796875,126.67430114746094,243.7501983642578
276.0419006347656,54.731201171875,119.2863998413086,240.65029907226562
273.85980224609375,50.92679977416992,118.36650085449219,248.3618927001953
274.00079345703125,48.34149932861328,117.8949966430664,249.00909423828125
261.8861083984375,64.17440032958984,131.2292022705078,235.60470581054688
248.76150512695312,61.58140182495117,148.56089782714844,232.38780212402344
253.17750549316406,66.74849700927734,140.14450073242188,229.19400024414062
260.9997863769531,53.88859939575195,129.2335968017578,239.24009704589844
267.97650146484375,61.930599212646484,121.54000091552734,229.3415069580078
271.8429870605469,53.16400146484375,118.73760223388672,239.8101043701172
274.190185546875,47.74129867553711,112.87129974365234,245.7996063232422
275.7466125488281,41.82229995727539,112.10780334472656,248.3363037109375
272.6820983886719,44.95439910888672,115.32890319824219,243.8092041015625
273.4088134765625,49.15169906616211,116.24500274658203,243.14120483398438
269.8211975097656,47.20090103149414,119.7260971069336,233.65379333496094
270.0028076171875,42.492000579833984,126.31919860839844,240.82479858398438
270.95599365234375,38.09090042114258,119.37359619140625,245.4167938232422
270.99591064453125,45.7328987121582,116.37689971923828,236.22250366210938
274.3284912109375,46.96969985961914,112.6957015991211,239.6990966796875
277.347900390625,47.13570022583008,107.54239654541016,239.32420349121094
285.3500061035156,50.00809860229492,99.67620086669922,230.36480712890625
281.14678955078125,57.61320114135742,108.3363037109375,229.40390014648438
281.65020751953125,54.70370101928711,108.47789764404297,225.89599609375
285.9823913574219,64.99919891357422,103.02880096435547,215.1466064453125
285.0946044921875,67.54329681396484,105.73829650878906,213.30349731445312
286.4142150878906,66.06330108642578,102.26010131835938,215.35069274902344
287.345703125,70.40019989013672,103.02269744873047,204.1551971435547
291.6885070800781,74.34159851074219,99.81929779052734,201.7104949951172
291.3724060058594,72.32260131835938,101.84249877929688,205.83889770507812
295.1673889160156,67.90550231933594,104.38089752197266,201.75140380859375
297.49139404296875,77.0969009399414,103.33489990234375,196.97959899902344
297.672607421875,71.11039733886719,100.3572006225586,192.0377960205078
298.4039001464844,66.48560333251953,98.29789733886719,203.37969970703125
299.23150634765625,58.2692985534668,97.91439819335938,206.19729614257812
300.9548034667969,50.142601013183594,94.9988021850586,222.0177001953125
304.5452880859375,42.671600341796875,95.49659729003906,231.85159301757812
305.1271057128906,43.219600677490234,95.6781997680664,232.0948028564453
307.40631103515625,30.577699661254883,95.3479995727539,240.72509765625
305.01129150390625,29.694499969482422,96.33080291748047,239.52679443359375
305.1014099121094,38.393699645996094,98.4999008178711,229.552001953125
308.29510498046875,40.141300201416016,99.64469909667969,223.23919677734375
320.222412109375,43.188899993896484,90.25299835205078,221.79429626464844
321.2650146484375,43.88999938964844,88.33979797363281,217.54730224609375
318.4342041015625,44.428001403808594,96.3583984375,214.92750549316406
315.5797119140625,56.463600158691406,114.42620086669922,207.8571014404297
323.1265869140625,57.46009826660156,99.37460327148438,201.3249053955078
317.8611145019531,57.00699996948242,103.37149810791016,207.64450073242188
322.9888000488281,56.23619842529297,94.16490173339844,214.54190063476562
321.2956848144531,54.252899169921875,96.10359954833984,209.30650329589844
322.3782043457031,54.232398986816406,98.36799621582031,210.75079345703125
319.470703125,48.846900939941406,102.71880340576172,209.13279724121094
320.7431945800781,50.692100524902344,101.79429626464844,213.6605987548828
320.33050537109375,54.417999267578125,99.06379699707031,201.65370178222656
323.7027893066406,51.46229934692383,95.04530334472656,205.8907928466797
324.9932861328125,46.09400177001953,93.2761001586914,212.97869873046875
321.9591064453125,54.370601654052734,94.25060272216797,210.63299560546875
318.4960021972656,57.32099914550781,93.67970275878906,198.9539031982422
311.672607421875,61.6068000793457,102.38800048828125,198.46560668945312
304.81549072265625,65.6947021484375,112.74610137939453,187.9792022705078
314.955810546875,68.52940368652344,113.00060272216797,183.26170349121094
314.8205871582031,61.595298767089844,114.29620361328125,192.12269592285156
325.8868103027344,64.73729705810547,92.82460021972656,188.36520385742188
319.8518981933594,66.51629638671875,105.96420288085938,181.7017059326172
327.2366027832031,60.43980026245117,95.7708969116211,193.4084014892578
327.1990051269531,60.462799072265625,96.57730102539062,192.0102996826172
327.9826965332031,62.212100982666016,102.58519744873047,190.79110717773438
332.9974060058594,56.12409973144531,116.18830108642578,193.93919372558594
330.3793029785156,63.25469970703125,121.77169799804688,191.60659790039062
329.87890625,71.98370361328125,131.87559509277344,177.46310424804688
326.0981140136719,71.90889739990234,131.89199829101562,172.3448028564453
322.9088134765625,69.8906021118164,137.32290649414062,176.93490600585938
312.9856872558594,67.58550262451172,126.24849700927734,179.20700073242188
294.04449462890625,72.0863037109375,141.71180725097656,171.5487060546875
294.4949035644531,70.90129852294922,142.3636932373047,175.26119995117188
286.8807067871094,76.4822006225586,150.44679260253906,167.3574981689453
274.58380126953125,74.4354019165039,170.23629760742188,168.68499755859375
270.3988037109375,76.69709777832031,177.58839416503906,168.73550415039062
264.839599609375,76.13390350341797,185.08340454101562,169.79949951171875
258.2620849609375,76.92179870605469,187.91700744628906,167.94949340820312
258.47540283203125,77.1155014038086,185.1696014404297,164.83099365234375
257.5187072753906,78.58920288085938,179.8341064453125,161.35499572753906
246.7855987548828,77.10820007324219,188.4761962890625,165.31480407714844
248.96839904785156,76.03820037841797,187.73080444335938,165.85060119628906
244.77340698242188,79.49009704589844,188.73880004882812,164.139892578125
241.33340454101562,75.54039764404297,190.42039489746094,169.1269073486328
246.7454071044922,78.73040008544922,186.8760986328125,165.8721923828125
240.30560302734375,75.01190185546875,192.4210968017578,169.56370544433594
249.60780334472656,73.0697021484375,186.23150634765625,170.0240020751953
251.41259765625,76.10800170898438,184.98179626464844,165.7686004638672
259.3328857421875,75.42150115966797,174.10150146484375,162.2613983154297
270.51300048828125,66.08100128173828,167.52679443359375,175.7144012451172
274.3908996582031,68.66719818115234,154.70779418945312,171.17599487304688
272.3952941894531,66.99669647216797,156.06069946289062,171.19960021972656
270.76800537109375,66.07830047607422,156.6923065185547,174.3614959716797
269.4685974121094,65.43049621582031,156.09410095214844,172.90220642089844
273.3352966308594,66.9301986694336,156.2528076171875,171.6114959716797
268.9960021972656,70.24340057373047,164.88380432128906,174.6112060546875
267.72711181640625,74.94309997558594,168.18130493164062,167.5532989501953
263.7601013183594,76.28199768066406,171.02430725097656,166.72079467773438
270.3695983886719,70.83879852294922,164.3303985595703,168.37319946289062
272.5877990722656,72.63030242919922,160.0511932373047,171.23779296875
275.00909423828125,73.19309997558594,157.81689453125,169.31719970703125
271.8164978027344,67.94819641113281,162.77110290527344,177.1461944580078
270.7461853027344,78.83450317382812,162.9597930908203,170.34669494628906
266.84930419921875,71.79100036621094,166.29299926757812,172.55259704589844
269.1523132324219,64.0696029663086,163.36570739746094,179.6654052734375
270.368896484375,68.3727035522461,163.27310180664062,177.32040405273438
265.05810546875,64.11920166015625,171.918701171875,180.7209930419922
276.27191162109375,55.653900146484375,157.86940002441406,190.5821075439453
266.79681396484375,61.12009811401367,169.63279724121094,185.1759033203125
261.6141052246094,52.58209991455078,169.54330444335938,192.0904998779297
268.8772888183594,53.90639877319336,153.7803955078125,194.91580200195312
268.4742126464844,52.307899475097656,151.9770965576172,197.44149780273438
267.0168151855469,53.06119918823242,156.7581024169922,199.47659301757812
270.1859130859375,59.903900146484375,159.52220153808594,194.1826934814453
265.93701171875,59.85139846801758,155.01060485839844,192.97779846191406
277.5039978027344,58.575401306152344,153.47889709472656,195.05059814453125
273.6094970703125,73.42579650878906,151.41119384765625,192.7530059814453
279.95098876953125,69.41110229492188,150.59800720214844,184.63059997558594
273.7463073730469,73.69770050048828,155.581298828125,182.18580627441406
270.89471435546875,83.13670349121094,158.91079711914062,179.6298065185547
272.30731201171875,78.97119903564453,155.3607940673828,176.08509826660156
274.68438720703125,80.31590270996094,151.4853973388672,178.5574951171875
277.2453918457031,78.53730010986328,150.8520965576172,174.35279846191406
275.22821044921875,84.61250305175781,154.6658935546875,169.1815948486328
275.14129638671875,86.95919799804688,158.4571075439453,164.89010620117188
273.2225036621094,87.10810089111328,156.78509521484375,164.62139892578125
274.6260070800781,90.40809631347656,152.1038055419922,164.55140686035156
271.9230041503906,92.41510009765625,157.06930541992188,153.8979949951172
269.185791015625,87.50399780273438,162.52040100097656,155.7801055908203
270.6639099121094,88.85289764404297,160.6156005859375,158.61160278320312
272.4725036621094,89.88179779052734,163.02139282226562,149.0576934814453
270.85400390625,90.0354995727539,174.19830322265625,154.48410034179688
274.06890869140625,85.14080047607422,168.67599487304688,151.05270385742188
276.18450927734375,90.31829833984375,168.78900146484375,159.53829956054688
285.1404113769531,84.75599670410156,166.0045928955078,153.57919311523438
284.3472900390625,91.31629943847656,161.34019470214844,156.1177978515625
291.70269775390625,83.11219787597656,158.10499572753906,161.7888946533203
298.6711120605469,84.856201171875,146.78179931640625,157.14239501953125
297.72149658203125,85.7136001586914,143.88380432128906,157.4051971435547
300.1205139160156,85.20929718017578,139.14869689941406,159.97979736328125
299.69158935546875,85.05799865722656,127.65560150146484,150.02330017089844
303.1745910644531,85.46600341796875,127.79969787597656,149.47340393066406
306.23748779296875,79.00769805908203,120.8324966430664,158.87789916992188
301.355712890625,88.49410247802734,119.14779663085938,150.74659729003906
300.3092041015625,80.49210357666016,125.97730255126953,157.7917938232422
296.7528991699219,79.3855972290039,129.98159790039062,165.77810668945312
284.66900634765625,68.20059967041016,147.34910583496094,172.35389709472656
279.0367126464844,66.01480102539062,154.6804962158203,174.72470092773438
277.38958740234375,66.60540008544922,151.83839416503906,176.1204071044922
292.4938049316406,71.68180084228516,137.5373992919922,171.9965057373047
289.2820129394531,76.22370147705078,132.88519287109375,165.8782958984375
283.3711853027344,79.61969757080078,140.7042999267578,163.4813995361328
279.52099609375,76.3324966430664,134.297607421875,165.97059631347656
290.13330078125,76.41680145263672,129.82000732421875,169.37950134277344
279.3075866699219,71.20010375976562,131.57420349121094,168.439697265625
282.16778564453125,68.68109893798828,125.17680358886719,175.0561065673828
280.7677001953125,71.55850219726562,125.83399963378906,169.05889892578125
275.6592102050781,74.20880126953125,124.05020141601562,168.63160705566406
271.7030029296875,76.91590118408203,120.42070007324219,164.706298828125
272.5508117675781,75.95429992675781,123.02359771728516,163.25770568847656
272.7804870605469,77.31829833984375,113.5238037109375,163.98939514160156
265.3357849121094,74.78009796142578,126.20330047607422,165.40199279785156
267.58319091796875,72.197998046875,122.90840148925781,169.8123016357422
270.76361083984375,78.92759704589844,119.87100219726562,164.2554931640625
280.1117858886719,82.56159973144531,102.29650115966797,155.5847930908203
279.2267150878906,87.42459869384766,101.39959716796875,161.51150512695312
284.5577087402344,90.33779907226562,96.902099609375,155.2808074951172
290.5779113769531,84.13279724121094,94.11219787597656,162.4738006591797
292.92718505859375,85.66590118408203,90.45249938964844,162.74440002441406
292.5835876464844,82.99099731445312,89.56780242919922,158.11219787597656
291.3642883300781,82.77780151367188,82.93379974365234,171.54110717773438
290.95550537109375,79.57019805908203,85.11499786376953,167.36390686035156
291.7715148925781,81.4927978515625,81.93180084228516,170.45339965820312
296.9967956542969,93.13099670410156,85.6051025390625,164.7917938232422
285.3998107910156,88.56069946289062,100.38159942626953,158.9654998779297
292.73291015625,85.72000122070312,92.32969665527344,165.65809631347656
299.6134948730469,92.7427978515625,85.64910125732422,162.5955047607422
301.98291015625,87.16619873046875,80.1594009399414,166.27560424804688
302.7897033691406,85.61959838867188,78.83619689941406,168.61180114746094
306.1828918457031,95.55809783935547,84.28829956054688,161.247802734375
302.064208984375,89.84249877929688,93.02549743652344,162.98919677734375
301.6365051269531,99.11289978027344,97.74720001220703,157.9445037841797
294.9974060058594,92.34049987792969,112.99960327148438,165.8563995361328
296.0072937011719,101.07740020751953,114.74579620361328,156.47259521484375
299.9472961425781,104.24299621582031,106.01529693603516,156.54859924316406
298.2305908203125,99.50170135498047,110.97370147705078,164.49139404296875
295.2185974121094,94.6417007446289,111.34519958496094,173.46080017089844
293.2925109863281,103.83699798583984,124.5344009399414,160.76280212402344
285.2251892089844,104.18419647216797,132.44979858398438,155.9156951904297
283.4057922363281,105.48899841308594,136.00390625,154.852294921875
275.8009033203125,103.95680236816406,145.01019287109375,154.756103515625
268.82049560546875,109.3292007446289,151.49070739746094,148.7133026123047
261.7033996582031,103.75430297851562,158.23590087890625,152.7584991455078
284.9382019042969,104.11689758300781,136.9658966064453,157.60060119628906
278.698486328125,104.59259796142578,137.9394073486328,157.8153076171875
274.4872131347656,104.76809692382812,144.00489807128906,157.3009033203125
279.1581115722656,107.28820037841797,142.3426055908203,156.16879272460938
275.2760925292969,108.69860076904297,138.58290100097656,155.67999267578125
268.8150939941406,113.38819885253906,147.2480926513672,150.02259826660156
254.2346954345703,111.10859680175781,159.35870361328125,149.9268035888672
261.3533020019531,109.6897964477539,145.73159790039062,146.19110107421875
257.7334899902344,112.58390045166016,153.3437042236328,144.44369506835938
255.31629943847656,113.14189910888672,154.4490966796875,147.64720153808594
248.11599731445312,110.9832992553711,154.5718994140625,148.28250122070312
252.61940002441406,110.63770294189453,148.00889587402344,149.69349670410156
245.3052978515625,106.21759796142578,157.80270385742188,154.1569061279297
237.44839477539062,108.0155029296875,169.9344940185547,155.0312042236328
226.9248046875,104.05680084228516,178.8621063232422,157.58529663085938
227.5113067626953,103.07240295410156,176.54150390625,157.6273956298828
237.1533966064453,103.07520294189453,168.18580627441406,157.72239685058594
239.1118927001953,104.68109893798828,167.4967041015625,154.30320739746094
237.58999633789062,103.22949981689453,159.61180114746094,158.96420288085938
238.3280029296875,106.89550018310547,147.8144073486328,162.81419372558594
239.27720642089844,108.17340087890625,147.2530975341797,158.72259521484375
244.2187042236328,106.368896484375,136.25180053710938,158.4447021484375
243.84120178222656,115.15809631347656,130.77780151367188,152.58909606933594
245.5980987548828,113.02020263671875,124.18160247802734,150.718505859375
246.02650451660156,116.19840240478516,129.9687957763672,150.8325958251953
241.99850463867188,111.71769714355469,138.91409301757812,156.66510009765625
242.4268035888672,116.96150207519531,138.56239318847656,153.31329345703125
237.5386962890625,114.12370300292969,147.54190063476562,153.0771942138672
239.61239624023438,109.57450103759766,139.6020965576172,152.7332000732422
245.4040985107422,116.17729949951172,123.54840087890625,148.027099609375
247.17010498046875,111.09320068359375,117.39910125732422,152.70010375976562
257.4844055175781,108.08540344238281,111.2876968383789,154.2064971923828
256.7428894042969,106.03579711914062,114.84739685058594,152.7230987548828
265.0273132324219,105.05020141601562,104.56580352783203,156.29409790039062
267.5282897949219,107.07029724121094,102.6803970336914,146.57080078125
267.03900146484375,110.80989837646484,103.08260345458984,153.52259826660156
263.3515930175781,107.13619995117188,103.97810363769531,151.5034942626953
264.322998046875,104.66739654541016,104.30259704589844,154.33670043945312
266.0091857910156,100.81880187988281,97.68209838867188,151.85240173339844
264.8193054199219,99.2061996459961,107.40170288085938,160.1324005126953
265.92608642578125,90.67949676513672,104.34500122070312,163.2606964111328
266.17059326171875,89.53569793701172,102.57170104980469,163.42889404296875
272.73028564453125,82.53179931640625,97.18080139160156,174.0341033935547
275.49688720703125,81.3187026977539,93.70800018310547,175.83180236816406
273.9859924316406,85.84439849853516,96.3855972290039,172.7006072998047
274.8985900878906,88.49810028076172,96.8833999633789,168.44790649414062
276.35791015625,94.82009887695312,97.24980163574219,165.90879821777344
276.4590148925781,94.47229766845703,98.67410278320312,163.37359619140625
279.8057861328125,95.69129943847656,92.25060272216797,163.8905029296875
283.8046875,110.122802734375,83.89550018310547,154.93679809570312
285.6068115234375,104.88369750976562,80.5562973022461,153.51060485839844
287.18701171875,110.7562026977539,82.49949645996094,153.1112060546875
280.41668701171875,120.46990203857422,97.19889831542969,151.33489990234375
280.4585876464844,116.95829772949219,98.5614013671875,143.97999572753906
276.6669006347656,117.627197265625,103.27549743652344,151.4241943359375
270.20379638671875,122.21649932861328,111.15460205078125,146.01150512695312
270.2720031738281,120.52369689941406,111.63249969482422,145.8961944580078
270.9263916015625,118.29409790039062,111.4302978515625,152.82049560546875
261.5763854980469,116.143798828125,126.79959869384766,156.781494140625
261.9042053222656,118.2615966796875,127.03369903564453,153.88479614257812
252.58360290527344,115.24240112304688,134.35240173339844,157.77090454101562
244.75660705566406,113.96209716796875,146.79539489746094,156.31329345703125
241.2740020751953,115.96649932861328,152.27720642089844,154.00979614257812
240.15109252929688,113.67070007324219,153.65020751953125,155.8843994140625
232.80239868164062,110.6447982788086,156.91709899902344,156.68629455566406
233.5012969970703,108.16380310058594,155.9084014892578,161.27049255371094
231.83160400390625,109.07949829101562,158.0531005859375,158.86160278320312
229.60130310058594,111.06950378417969,167.1381072998047,155.5260009765625
233.85719299316406,106.94640350341797,158.70849609375,165.1988983154297
235.4853973388672,103.00409698486328,160.28399658203125,168.32009887695312
231.08360290527344,106.22329711914062,167.93679809570312,163.54930114746094
235.65109252929688,100.80249786376953,163.0623016357422,169.60389709472656
239.5478973388672,102.34819793701172,150.99530029296875,166.125
241.3647003173828,102.85099792480469,142.07049560546875,168.5030975341797
240.4862060546875,106.64649963378906,130.63180541992188,168.6938018798828
239.1304931640625,105.81909942626953,126.55780029296875,166.54859924316406
231.6121063232422,106.25430297851562,152.16639709472656,171.44850158691406
231.74620056152344,111.39179992675781,145.8896026611328,159.55499267578125
230.73519897460938,107.77629852294922,149.90049743652344,164.30140686035156
232.90089416503906,107.40059661865234,139.90499877929688,163.1302947998047
231.96200561523438,94.65769958496094,141.0189971923828,175.19749450683594
226.64930725097656,105.42230224609375,144.4597930908203,167.00509643554688
249.90960693359375,89.34600067138672,115.41459655761719,185.62399291992188
244.35769653320312,100.41179656982422,120.6323013305664,170.1074981689453
249.91510009765625,82.47979736328125,115.83699798583984,190.08619689941406
258.4092102050781,81.83260345458984,98.81120300292969,189.43209838867188
260.80718994140625,88.03130340576172,94.93470001220703,189.12860107421875
261.7416076660156,86.11119842529297,93.71990203857422,183.9010009765625
265.9808044433594,79.4800033569336,97.50150299072266,193.16769409179688
267.2994079589844,82.98500061035156,95.04119873046875,189.06129455566406
271.668212890625,75.30970001220703,84.85420227050781,195.50819396972656
272.8782043457031,83.86309814453125,82.9718017578125,188.9582977294922
273.1307067871094,85.63279724121094,81.3740005493164,189.69630432128906
271.5376892089844,77.48269653320312,90.46399688720703,190.62139892578125
272.326904296875,81.77619934082031,100.27729797363281,191.42410278320312
273.1722106933594,84.23619842529297,97.22039794921875,185.38389587402344
278.4289855957031,87.60780334472656,91.0791015625,179.9907989501953
276.59490966796875,80.71959686279297,104.82559967041016,188.93699645996094
282.1723937988281,75.76509857177734,97.82479858398438,193.86300659179688
287.8734130859375,87.94339752197266,93.3124008178711,186.4387969970703
292.1047058105469,95.27439880371094,101.52510070800781,179.158203125
283.5169982910156,88.15409851074219,110.216796875,181.5771942138672
288.9729919433594,91.65840148925781,106.93240356445312,181.37429809570312
288.2807922363281,88.49449920654297,113.21410369873047,183.9127960205078
291.0166015625,99.46499633789062,103.78620147705078,172.7344970703125
287.8265075683594,97.96589660644531,121.95130157470703,176.3300018310547
289.0127868652344,91.00080108642578,119.0687026977539,184.19630432128906
290.56298828125,101.52909851074219,114.0238037109375,176.91940307617188
286.31219482421875,85.45169830322266,118.66169738769531,190.9196014404297
284.4762878417969,97.96710205078125,120.61540222167969,182.10069274902344
284.4024963378906,93.6511001586914,129.01629638671875,182.62869262695312
276.5150146484375,86.3927001953125,134.87640380859375,191.43629455566406
264.2041931152344,95.09459686279297,120.28350067138672,190.3677978515625
262.0069885253906,97.99690246582031,115.38390350341797,181.779296875
255.80259704589844,93.9083023071289,113.40989685058594,190.1676025390625
255.75030517578125,99.20960235595703,104.99600219726562,183.8813018798828
261.8428039550781,98.69969940185547,94.00019836425781,188.09429931640625
271.3623962402344,102.47859954833984,82.97329711914062,187.89480590820312
268.210205078125,95.65119934082031,83.03890228271484,191.518798828125
244.42190551757812,99.081298828125,106.75440216064453,194.61419677734375
242.2216033935547,103.74710083007812,111.9386978149414,187.6580047607422
229.09910583496094,108.06439971923828,124.481201171875,184.11929321289062
214.06460571289062,113.88909912109375,148.00860595703125,186.0426025390625
209.69509887695312,106.60870361328125,153.90379333496094,191.70480346679688
203.6909942626953,111.90609741210938,161.3079071044922,194.25909423828125
197.39630126953125,107.49310302734375,174.41009521484375,187.46009826660156
197.99510192871094,105.44580078125,170.8719024658203,193.1284942626953
196.81289672851562,106.81929779052734,174.21389770507812,195.9156036376953
192.4595947265625,112.64420318603516,178.4844970703125,193.4403076171875
190.02040100097656,117.08689880371094,179.0364990234375,188.5937042236328
190.80979919433594,110.05380249023438,188.77720642089844,191.5157012939453
193.21969604492188,111.16850280761719,181.28619384765625,194.72869873046875
194.95179748535156,107.77649688720703,179.3876953125,197.74099731445312
197.07350158691406,111.74040222167969,174.65550231933594,182.548095703125
198.2845001220703,95.7385025024414,165.86160278320312,200.2783966064453
200.58839416503906,89.68190002441406,162.73609924316406,213.7064971923828
193.6457977294922,97.83380126953125,164.57839965820312,199.40440368652344
204.2864990234375,80.78620147705078,154.93789672851562,211.39739990234375
211.91209411621094,78.0822982788086,147.35450744628906,214.2772979736328
209.9512939453125,79.2123031616211,155.1053924560547,215.99710083007812
219.65719604492188,79.99539947509766,136.64370727539062,221.6968994140625
227.75390625,90.74669647216797,123.13670349121094,212.52349853515625
229.9062042236328,72.30069732666016,126.92320251464844,225.1497039794922
233.48699951171875,73.818603515625,131.3668975830078,230.2760009765625
234.01669311523438,72.15290069580078,129.50970458984375,227.5366973876953
231.94369506835938,75.10800170898438,130.14500427246094,227.55810546875
236.83389282226562,80.2969970703125,132.84230041503906,220.6331024169922
239.70359802246094,87.37359619140625,128.26300048828125,213.5699005126953
238.82530212402344,76.12149810791016,130.47549438476562,221.91409301757812
232.30230712890625,84.20369720458984,148.08099365234375,220.6320037841797
238.8083038330078,81.63150024414062,132.82240295410156,233.26040649414062
230.9152069091797,81.01270294189453,153.04220581054688,221.9322967529297
229.5095977783203,82.30120086669922,145.15130615234375,218.09190368652344
225.12049865722656,89.60089874267578,154.12289428710938,220.14370727539062
229.90179443359375,89.13390350341797,154.69810485839844,214.51220703125
233.4813995361328,102.71189880371094,161.67820739746094,207.5115966796875
235.702392578125,91.29630279541016,153.0258026123047,213.0166015625
238.42230224609375,96.88359832763672,159.1967010498047,211.83990478515625
249.7209930419922,89.71739959716797,144.8000946044922,207.78199768066406
253.6746063232422,98.72010040283203,143.8986053466797,215.67669677734375
264.09710693359375,85.52880096435547,127.84249877929688,213.02259826660156
265.2668151855469,87.30709838867188,126.57530212402344,222.8466033935547
273.10919189453125,84.93779754638672,120.7511978149414,212.9927978515625
275.564208984375,81.55480194091797,119.43710327148438,226.2626953125
263.8013916015625,71.60269927978516,133.747802734375,234.63819885253906
267.80938720703125,67.36080169677734,130.88819885253906,235.36160278320312
262.7771911621094,74.54660034179688,139.7958984375,235.00140380859375
259.6227111816406,68.26439666748047,147.46499633789062,227.50909423828125
261.0491027832031,77.13189697265625,148.89759826660156,239.37669372558594
269.6629943847656,79.61799621582031,138.4040985107422,220.8665008544922
264.7361145019531,82.55500030517578,146.8029022216797,225.3336944580078
267.3359069824219,81.69000244140625,148.1199951171875,217.63780212402344
278.03289794921875,89.74479675292969,131.9969024658203,222.67660522460938
257.2543029785156,81.69419860839844,159.2415008544922,216.3831024169922
258.4432067871094,80.14830017089844,161.8376007080078,222.27430725097656
241.6658935546875,89.37439727783203,172.6278076171875,230.98089599609375
232.90460205078125,78.90489959716797,188.0738983154297,229.69070434570312
232.60040283203125,76.50070190429688,179.96670532226562,225.0509033203125
241.48260498046875,87.5186996459961,171.34739685058594,218.40939331054688
248.5854949951172,68.11180114746094,167.33880615234375,233.39540100097656
267.220703125,55.3927001953125,134.17880249023438,229.21029663085938
266.27410888671875,67.0625,147.37649536132812,235.62710571289062
263.7370910644531,68.05999755859375,152.44140625,224.87579345703125
279.7619934082031,66.7489013671875,126.23380279541016,236.00439453125
285.9989929199219,57.83879852294922,123.03269958496094,243.6291046142578
286.87689208984375,57.68009948730469,122.10320281982422,240.63780212402344
288.6531982421875,50.087501525878906,119.78099822998047,247.61129760742188
280.5277099609375,61.62030029296875,134.16839599609375,237.83880615234375
275.4519958496094,51.809600830078125,143.57290649414062,240.48660278320312
276.7638854980469,61.30110168457031,144.2834014892578,233.47450256347656
286.6260070800781,49.699501037597656,132.0908966064453,244.18080139160156
286.1872863769531,48.42110061645508,146.61590576171875,252.0290985107422
277.2550964355469,40.13199996948242,153.36309814453125,250.8654022216797
250.91400146484375,48.465999603271484,184.8592987060547,241.35350036621094
258.3778991699219,46.79690170288086,177.75830078125,247.06350708007812
253.84689331054688,44.728599548339844,183.90859985351562,247.02639770507812
256.4541015625,42.28099822998047,188.46800231933594,247.17630004882812
261.96978759765625,46.34619903564453,201.27740478515625,248.23500061035156
257.30859375,40.445499420166016,199.2113037109375,248.59530639648438
261.7432861328125,47.454898834228516,202.83799743652344,258.90069580078125
274.71728515625,46.417301177978516,202.60980224609375,253.54640197753906
272.4065856933594,50.78770065307617,205.36459350585938,250.15499877929688
271.7650146484375,47.85919952392578,215.05889892578125,254.23590087890625
263.9502868652344,51.54309844970703,224.47169494628906,247.83799743652344
250.5417938232422,52.13010025024414,249.73440551757812,243.97830200195312
246.35409545898438,58.407501220703125,261.9307861328125,231.06419372558594
249.9228973388672,54.46329879760742,261.9036865234375,234.58070373535156
248.20950317382812,59.67720031738281,270.02301025390625,224.87680053710938
257.8302917480469,65.28379821777344,267.2013854980469,226.14280700683594
251.8834991455078,64.87529754638672,278.87078857421875,227.70779418945312
244.6741943359375,72.306396484375,292.1763916015625,218.5821075439453
252.6920928955078,76.79720306396484,291.7565002441406,218.4407958984375
252.02239990234375,73.84639739990234,286.20489501953125,219.48089599609375
251.8231964111328,84.87319946289062,290.72509765625,212.42160034179688
233.8260040283203,89.01270294189453,317.9122009277344,204.6947021484375
221.85910034179688,81.3499984741211,329.1405944824219,213.21629333496094
208.66189575195312,87.69950103759766,339.2785949707031,204.6967010498047
182.99429321289062,89.05660247802734,346.06610107421875,202.3419952392578
178.36570739746094,92.5208969116211,346.069091796875,198.67430114746094
177.01010131835938,77.4614028930664,337.3987121582031,209.6488037109375
177.3751983642578,69.31199645996094,329.0448913574219,226.38070678710938
176.37820434570312,72.66649627685547,327.0085144042969,223.622802734375
184.9423065185547,67.11139678955078,318.7134094238281,221.3697052001953
178.03280639648438,68.5593032836914,321.80621337890625,220.818603515625
185.32119750976562,59.89550018310547,311.7491149902344,232.43380737304688
180.0489959716797,55.007598876953125,316.4147033691406,233.75909423828125
181.54649353027344,63.526100158691406,298.28900146484375,225.16070556640625
168.65859985351562,55.605499267578125,312.7731018066406,232.1457061767578
178.28439331054688,58.2484016418457,298.5072937011719,233.71620178222656
176.80230712890625,69.1156005859375,307.52191162109375,226.3531951904297
178.91729736328125,66.50740051269531,303.3067932128906,231.53579711914062
172.97149658203125,72.3114013671875,319.03851318359375,228.64930725097656
168.7834930419922,72.24490356445312,321.3200988769531,225.97900390625
190.42709350585938,76.34960174560547,299.6962890625,224.0677032470703
189.5677947998047,74.1958999633789,298.3612976074219,223.07139587402344
187.85499572753906,73.45939636230469,289.9466857910156,226.21640014648438
183.9615020751953,70.75579833984375,298.91400146484375,226.7041015625
173.0823974609375,61.016300201416016,306.5705871582031,234.76190185546875
155.82659912109375,61.37689971923828,310.34759521484375,231.20970153808594
149.2747039794922,61.2588996887207,312.8005065917969,235.17030334472656
132.81430053710938,58.4025993347168,334.2793884277344,238.46310424804688
112.4844970703125,84.45050048828125,349.0351867675781,217.4055938720703
131.36109924316406,81.12079620361328,335.08160400390625,216.12240600585938
118.69760131835938,80.41130065917969,348.96148681640625,218.3488006591797
112.4072036743164,84.61419677734375,366.7015075683594,215.32470703125
97.5186996459961,83.57489776611328,385.410400390625,214.45489501953125
106.60769653320312,93.60600280761719,369.82611083984375,203.09109497070312
90.61489868164062,83.34220123291016,388.14581298828125,210.6125946044922
102.80349731445312,92.34600067138672,371.09649658203125,206.95899963378906
135.693603515625,88.75019836425781,363.1748962402344,197.3874969482422
121.19830322265625,92.86039733886719,354.7571105957031,204.72439575195312
106.57659912109375,88.0281982421875,373.0523986816406,204.6103973388672
118.56809997558594,92.93170166015625,363.6341857910156,202.1820068359375
142.9501953125,85.81890106201172,339.4299011230469,207.3361053466797
156.76609802246094,83.83319854736328,318.88128662109375,213.2747039794922
149.22940063476562,78.2291030883789,335.97711181640625,216.156494140625
149.7678985595703,81.18609619140625,326.2998046875,216.70260620117188
164.46600341796875,79.86609649658203,306.44268798828125,214.7263946533203
173.1490020751953,84.06449890136719,285.66119384765625,214.90159606933594
182.0570068359375,82.97720336914062,263.694091796875,212.61239624023438
178.377197265625,90.293701171875,279.0888977050781,208.3083038330078
184.74729919433594,88.17669677734375,267.0069885253906,210.7406005859375
199.34080505371094,93.41690063476562,256.7698059082031,201.4871063232422
210.00559997558594,103.83439636230469,249.41200256347656,191.1219024658203
206.5,103.5458984375,251.77670288085938,195.07269287109375
207.1531982421875,105.53880310058594,233.41600036621094,186.4387969970703
205.15719604492188,106.17630004882812,239.8441925048828,189.61630249023438
208.89450073242188,103.068603515625,232.67559814453125,186.82789611816406
208.38180541992188,105.56009674072266,221.2198944091797,191.17379760742188
206.32460021972656,105.77110290527344,222.98609924316406,186.05850219726562
192.77870178222656,109.5177993774414,230.86289978027344,186.4716033935547
196.61720275878906,104.83049774169922,216.7471923828125,185.90969848632812
189.5189971923828,121.80470275878906,220.43919372558594,176.98989868164062
176.94920349121094,115.47850036621094,233.00379943847656,179.9844970703125
166.79640197753906,116.67980194091797,232.2263946533203,175.70269775390625
161.03379821777344,114.26719665527344,248.68359375,178.88259887695312
172.5229034423828,112.11509704589844,227.79930114746094,183.9676971435547
171.2194061279297,112.56739807128906,234.3730926513672,186.25180053710938
163.91949462890625,114.93329620361328,238.98379516601562,184.45350646972656
160.14169311523438,108.82430267333984,244.3809051513672,180.0677947998047
186.66490173339844,120.29550170898438,217.15440368652344,187.89849853515625
175.4781036376953,116.86070251464844,226.43020629882812,179.95350646972656
187.29800415039062,118.00279998779297,204.4853973388672,185.51840209960938
191.36300659179688,111.48680114746094,186.7335968017578,194.45620727539062
177.85960388183594,114.82019805908203,204.93499755859375,191.7052001953125
186.31649780273438,105.18560028076172,200.87109375,204.24920654296875
198.38580322265625,96.11920166015625,184.0010986328125,205.8076934814453
182.6793975830078,102.58159637451172,200.2021942138672,205.32679748535156
187.3739013671875,98.49150085449219,203.7696990966797,208.2884063720703
199.75680541992188,82.37809753417969,201.95680236816406,213.77890014648438
210.58999633789062,90.80840301513672,180.6663055419922,216.40699768066406
208.0738067626953,85.00180053710938,189.28729248046875,213.88389587402344
214.8271026611328,86.747802734375,181.5811004638672,218.7823944091797
224.70689392089844,87.46330261230469,159.76690673828125,219.16510009765625
229.1748046875,83.27010345458984,160.9779052734375,219.31179809570312
239.94509887695312,89.16600036621094,148.99569702148438,229.2971954345703
238.8267059326172,87.95240020751953,146.13900756835938,216.20419311523438
243.31959533691406,84.91600036621094,140.22140502929688,226.62620544433594
244.7100067138672,101.8207015991211,149.22689819335938,215.05029296875
245.6934051513672,103.16780090332031,145.1132049560547,210.393798828125
243.61520385742188,94.7750015258789,145.341796875,212.1219940185547
244.28280639648438,107.05809783935547,155.11920166015625,219.49159240722656
246.23899841308594,102.94400024414062,151.27699279785156,209.49609375
249.8302001953125,102.37699890136719,148.60670471191406,222.34559631347656
252.9700927734375,105.72129821777344,148.95289611816406,210.88119506835938
257.5675964355469,108.61900329589844,142.42880249023438,220.5124053955078
