1
554.4946899414062,238.63900756835938,27.18269920349121,48.31449890136719
556.4503784179688,238.67909240722656,21.792200088500977,38.28770065307617
557.5910034179688,243.5072021484375,23.87579917907715,43.009700775146484
556.580322265625,254.49319458007812,27.891300201416016,49.42789840698242
549.5587158203125,259.1310119628906,31.587200164794922,47.5443000793457
534.7675170898438,267.3669128417969,36.15420150756836,44.959800720214844
522.1964111328125,273.885498046875,34.4630012512207,39.78810119628906
505.5262145996094,274.284912109375,37.47209930419922,40.2765007019043
494.19171142578125,275.8304138183594,37.909400939941406,33.15510177612305
489.2969970703125,270.1698913574219,39.400001525878906,33.30910110473633
485.1321105957031,267.9543151855469,40.843299865722656,36.73249816894531
478.4695129394531,277.8583068847656,40.68320083618164,28.620500564575195
478.36749267578125,273.1177978515625,35.08169937133789,31.097400665283203
489.87799072265625,265.0668029785156,30.209400177001953,30.666799545288086
503.42529296875,255.09190368652344,24.354000091552734,39.239200592041016
513.05712890625,259.097412109375,21.606800079345703,36.06869888305664
523.4384155273438,261.755615234375,21.97879981994629,34.033199310302734
534.1508178710938,262.1502990722656,19.017200469970703,35.33440017700195
541.1224975585938,264.6842956542969,20.83489990234375,32.284698486328125
550.3709716796875,258.760498046875,24.433000564575195,35.09170150756836
564.485107421875,259.91070556640625,21.395000457763672,31.889699935913086
585.0961303710938,254.0482940673828,23.55470085144043,33.5968017578125
618.4425048828125,249.72479248046875,21.787099838256836,30.612199783325195
640.1652221679688,242.43460083007812,21.39590072631836,32.43330001831055
652.50830078125,241.3916015625,19.949199676513672,34.03620147705078
667.0916137695312,244.71690368652344,20.83099937438965,28.828100204467773
678.8375854492188,246.9011993408203,18.662599563598633,25.552600860595703
683.2811279296875,248.15269470214844,20.590499877929688,24.8439998626709
688.8076782226562,246.15679931640625,21.356300354003906,27.154699325561523
694.9951171875,247.5063018798828,23.721900939941406,27.181100845336914
698.4473876953125,255.01539611816406,23.458999633789062,27.8346004486084
707.6666259765625,264.6105041503906,20.38050079345703,24.160200119018555
713.8958740234375,264.5732116699219,24.21190071105957,28.500699996948242
715.5371704101562,267.3913879394531,21.482999801635742,29.59630012512207
720.7009887695312,269.40631103515625,19.41830062866211,26.407499313354492
721.4932861328125,262.9823913574219,22.774900436401367,31.19260025024414
720.3192749023438,258.03338623046875,22.943599700927734,30.820600509643555
724.2000732421875,253.04859924316406,21.5669002532959,31.16200065612793
722.9620971679688,256.23748779296875,22.232799530029297,29.09779930114746
729.0938110351562,255.7913055419922,17.006999969482422,30.033199310302734
729.7684936523438,257.15301513671875,21.031700134277344,27.620500564575195
730.4636840820312,258.4580993652344,20.362699508666992,24.910400390625
730.0322875976562,254.6553955078125,21.143600463867188,26.445100784301758
732.8021240234375,254.87950134277344,20.21579933166504,25.228700637817383
733.1242065429688,256.16949462890625,17.97439956665039,24.402099609375
730.6458740234375,256.0007019042969,19.750499725341797,27.041400909423828
728.8906860351562,256.2735900878906,22.83609962463379,26.959199905395508
725.3466796875,260.0387878417969,19.620800018310547,28.22260093688965
726.2462158203125,262.4596862792969,17.790700912475586,25.993999481201172
719.51171875,264.7677917480469,18.944700241088867,25.13599967956543
713.00048828125,266.8304138183594,18.232900619506836,27.257099151611328
704.4459228515625,265.6570129394531,16.771799087524414,27.878299713134766
703.1467895507812,262.6611022949219,16.79829978942871,27.771299362182617
703.2999267578125,259.4639892578125,17.055700302124023,28.519100189208984
702.943115234375,258.7091979980469,17.13159942626953,26.945600509643555
699.0269165039062,253.6237030029297,21.062299728393555,25.233999252319336
696.0579223632812,254.7631072998047,18.550100326538086,23.851200103759766
695.30322265625,256.3255920410156,18.863500595092773,22.813800811767578
697.9196166992188,255.1649932861328,18.4601993560791,24.996000289916992
703.5418090820312,255.01809692382812,17.551599502563477,24.586599349975586
712.6141967773438,254.139404296875,17.67140007019043,22.8927001953125
720.4711303710938,252.41360473632812,19.744800567626953,25.253299713134766
729.2973022460938,253.3466033935547,18.868799209594727,23.905000686645508
739.656982421875,247.69949340820312,22.204999923706055,26.269800186157227
748.9244995117188,249.49729919433594,19.565099716186523,24.564899444580078
762.5535278320312,253.70550537109375,18.885700225830078,20.723499298095703
778.9896850585938,255.7498016357422,20.96109962463379,21.5093994140625
799.7656860351562,250.68370056152344,18.892200469970703,23.803199768066406
817.4412841796875,246.63429260253906,20.177600860595703,26.05780029296875
821.972412109375,240.62820434570312,24.404199600219727,27.077600479125977
821.0712280273438,283.08160400390625,27.04759979248047,28.577699661254883
821.4199829101562,302.9027099609375,31.39389991760254,27.196399688720703
798.3192749023438,295.1390075683594,26.062299728393555,25.231800079345703
811.3222045898438,292.6017150878906,24.597700119018555,28.565399169921875
828.336181640625,333.5591125488281,20.64739990234375,24.26930046081543
811.24072265625,365.61309814453125,22.245399475097656,28.18470001220703
816.6041259765625,378.4349060058594,22.858600616455078,31.08919906616211
823.7296142578125,357.72021484375,26.62470054626465,34.33620071411133
814.014892578125,353.1606140136719,26.213600158691406,39.3838996887207
807.8012084960938,307.5203857421875,22.74329948425293,39.465999603271484
825.3997802734375,274.0679016113281,24.26180076599121,38.30590057373047
796.9027099609375,275.6440124511719,20.48870086669922,39.261600494384766
828.0040893554688,308.3216857910156,17.43470001220703,38.225799560546875
827.9534301757812,325.40740966796875,21.793399810791016,37.29280090332031
806.4744262695312,326.3562927246094,17.328399658203125,36.793399810791016
831.7053833007812,333.0456848144531,18.792400360107422,36.638099670410156
824.0327758789062,372.3330078125,25.107799530029297,34.5098991394043
809.8314208984375,347.32720947265625,19.56570053100586,35.18339920043945
836.5494995117188,322.9681091308594,20.6156005859375,37.04840087890625
823.7540283203125,354.24578857421875,24.911399841308594,39.90800094604492
809.07568359375,345.3463134765625,20.19099998474121,43.45429992675781
834.0017700195312,342.6950988769531,15.686599731445312,45.14289855957031
827.7645874023438,361.2491149902344,20.989599227905273,50.287200927734375
806.7536010742188,347.1278991699219,16.262500762939453,48.149200439453125
842.0700073242188,320.9814147949219,14.563400268554688,45.34640121459961
844.60302734375,341.7416076660156,10.202500343322754,48.168399810791016
832.1298828125,357.152587890625,12.281700134277344,45.11140060424805
829.9072265625,343.98919677734375,16.751100540161133,41.555599212646484
826.3416137695312,349.4606018066406,14.43529987335205,48.589900970458984
