1
223.63999938964844,139.1743927001953,80.19560241699219,57.819400787353516
201.25689697265625,141.58680725097656,88.70709991455078,49.81639862060547
198.46859741210938,138.19119262695312,78.2218017578125,45.56399917602539
193.36070251464844,137.69960021972656,84.07209777832031,49.15810012817383
192.83599853515625,130.46640014648438,78.24949645996094,53.41780090332031
192.76589965820312,140.06149291992188,75.7509994506836,46.903499603271484
207.7949981689453,141.2761993408203,79.6427993774414,43.78350067138672
207.697998046875,133.90060424804688,75.09629821777344,48.80189895629883
215.4293975830078,140.80059814453125,81.71479797363281,47.402198791503906
216.97340393066406,144.9763946533203,76.66179656982422,47.61869812011719
213.19970703125,139.18679809570312,80.44519805908203,52.29999923706055
214.6195068359375,134.20660400390625,84.34359741210938,52.96149826049805
216.64390563964844,129.67799377441406,72.65689849853516,53.22930145263672
219.38870239257812,129.69960021972656,75.7562026977539,47.86140060424805
224.17709350585938,117.44349670410156,73.37699890136719,54.47999954223633
226.3531036376953,116.96820068359375,69.56330108642578,55.837100982666016
227.68310546875,127.89790344238281,77.48159790039062,55.78269958496094
234.88929748535156,143.42660522460938,71.3998031616211,59.0806999206543
233.90460205078125,161.5720977783203,68.56739807128906,53.805999755859375
237.67799377441406,172.38720703125,76.65699768066406,59.562801361083984
238.10769653320312,190.76210021972656,75.37660217285156,58.69020080566406
229.4217987060547,204.31680297851562,75.64080047607422,50.14120101928711
221.35960388183594,209.95199584960938,66.09600067138672,46.40909957885742
189.54409790039062,221.59170532226562,52.694801330566406,58.62229919433594
166.2689971923828,162.87130737304688,50.029998779296875,55.614498138427734
155.77789306640625,158.77330017089844,47.34749984741211,56.73419952392578
152.18800354003906,150.3166961669922,55.57590103149414,62.92539978027344
119.56710052490234,162.9355926513672,58.78089904785156,60.8390007019043
98.73090362548828,170.3625030517578,60.017398834228516,59.37329864501953
79.0198974609375,173.6497039794922,56.070701599121094,60.64609909057617
63.89360046386719,175.73179626464844,61.78730010986328,64.94550323486328
51.323299407958984,176.83399963378906,65.52790069580078,82.43170166015625
38.72589874267578,172.51980590820312,71.52179718017578,77.73680114746094
33.362701416015625,170.5048065185547,76.98760223388672,92.70010375976562
31.433399200439453,170.9774932861328,76.88500213623047,94.58219909667969
23.69339942932129,166.8634033203125,80.70169830322266,103.32499694824219
11.393899917602539,169.556396484375,93.5459976196289,96.19280242919922
3.2574000358581543,167.13319396972656,96.5624008178711,103.35089874267578
0.7720999717712402,171.3032989501953,92.44020080566406,90.67469787597656
0.7734000086784363,148.0323028564453,84.17669677734375,111.84960174560547
10.040900230407715,159.32960510253906,69.00289916992188,109.2157974243164
3.3101000785827637,163.735595703125,73.51570129394531,99.10269927978516
1.6591999530792236,166.1990966796875,70.51080322265625,94.33540344238281
0.2808000147342682,172.01559448242188,70.5625,94.5687026977539
0.17890000343322754,174.81500244140625,68.06620025634766,93.77870178222656
8.266799926757812,177.48379516601562,57.99810028076172,92.7947006225586
5.682400226593018,175.38519287109375,64.02300262451172,97.01100158691406
7.73199987411499,175.1343994140625,73.48149871826172,97.30169677734375
2.0250000953674316,177.76390075683594,90.11959838867188,94.63289642333984
6.36269998550415,174.4980926513672,92.12110137939453,97.34929656982422
9.040599822998047,173.43820190429688,92.77469635009766,92.37090301513672
12.880499839782715,173.88510131835938,96.92459869384766,89.23519897460938
11.474900245666504,172.90679931640625,100.91719818115234,91.40440368652344
13.140999794006348,172.614501953125,101.06659698486328,90.01599884033203
15.22599983215332,168.27850341796875,100.25910186767578,97.8009033203125
12.739800453186035,165.341796875,100.5438003540039,102.52459716796875
15.111800193786621,168.789306640625,98.13459777832031,102.14289855957031
14.139100074768066,168.56590270996094,98.67970275878906,103.83380126953125
13.14009952545166,172.46490478515625,96.8988037109375,100.00240325927734
6.857399940490723,175.01980590820312,100.88569641113281,92.19319915771484
5.310999870300293,174.63279724121094,100.91419982910156,89.8895034790039
5.510700225830078,181.1988983154297,99.63040161132812,88.73320007324219
5.871099948883057,182.5070037841797,101.27980041503906,97.24590301513672
4.13539981842041,186.85450744628906,100.1897964477539,94.95059967041016
1.2438000440597534,189.99969482421875,98.318603515625,89.76000213623047
1.15339994430542,185.40049743652344,97.52420043945312,94.72019958496094
-1.3367999792099,180.20550537109375,94.11409759521484,96.13410186767578
4.638500213623047,173.0063018798828,80.94039916992188,103.33570098876953
5.642499923706055,163.3887939453125,73.14830017089844,106.7686996459961
-0.8823999762535095,132.37579345703125,68.529296875,115.32170104980469
-7.395100116729736,140.06649780273438,58.79059982299805,112.61430358886719
-2.703700065612793,160.14219665527344,41.3572998046875,103.09159851074219
-0.7613000273704529,158.30409240722656,55.22380065917969,91.28109741210938
21.558799743652344,154.84820556640625,49.11439895629883,82.57879638671875
12.997400283813477,173.82769775390625,48.529598236083984,67.31179809570312
11.60990047454834,187.59019470214844,53.74250030517578,54.97249984741211
3.984600067138672,191.1851043701172,56.21969985961914,46.08919906616211
-9.393400192260742,191.39720153808594,51.83060073852539,47.1161994934082
21.121200561523438,198.5438995361328,47.67599868774414,48.97249984741211
8.097100257873535,201.92489624023438,51.24720001220703,46.411800384521484
3.3066000938415527,203.40969848632812,48.68920135498047,53.464698791503906
-1.669100046157837,199.71519470214844,45.5275993347168,55.94390106201172
9.479599952697754,194.63160705566406,48.82870101928711,47.984901428222656
0.02800000086426735,195.96839904785156,47.71799850463867,42.857398986816406
0.6111999750137329,196.9927978515625,48.57609939575195,36.96390151977539
1.1771999597549438,195.85279846191406,59.0348014831543,39.85459899902344
2.8252999782562256,197.0023956298828,58.85919952392578,38.40610122680664
-0.678600013256073,197.8715057373047,55.84980010986328,38.6171989440918
0.2296999990940094,198.85000610351562,49.18159866333008,38.17599868774414
2.2535998821258545,199.5522003173828,58.06050109863281,40.246299743652344
-3.918100118637085,207.61489868164062,57.38930130004883,37.92499923706055
2.490000009536743,203.0850067138672,53.112998962402344,42.72669982910156
0.2190999984741211,205.61239624023438,60.03089904785156,40.290401458740234
0.29260000586509705,205.2801971435547,57.83340072631836,38.22309875488281
-0.5425999760627747,205.4324951171875,56.28559875488281,40.276798248291016
0.9003000259399414,208.03529357910156,50.86589813232422,45.297000885009766
0.10930000245571136,212.2886962890625,50.4031982421875,45.23099899291992
1.0226999521255493,213.14320373535156,46.13330078125,45.172298431396484
6.216599941253662,217.30850219726562,37.757198333740234,38.536800384521484
