1
475.3330993652344,311.9861145019531,23.437999725341797,17.281099319458008
473.2604064941406,309.0403137207031,23.14109992980957,21.676300048828125
473.95880126953125,305.6957092285156,21.67340087890625,18.071800231933594
473.33209228515625,304.385009765625,21.590599060058594,19.831100463867188
471.8743896484375,303.085205078125,21.13330078125,16.56529998779297
469.87860107421875,300.8030090332031,21.82539939880371,17.722400665283203
467.4289855957031,298.193603515625,20.645200729370117,16.040199279785156
465.4189147949219,295.1178894042969,21.518199920654297,17.92009925842285
464.2001953125,292.6122131347656,21.406600952148438,15.639900207519531
463.4342956542969,290.61248779296875,20.685400009155273,16.561399459838867
460.67840576171875,287.9010009765625,22.31100082397461,17.09510040283203
459.4171142578125,284.6487121582031,21.44860076904297,18.28459930419922
458.10198974609375,280.5893859863281,21.300600051879883,18.769100189208984
457.19171142578125,276.6366882324219,21.54330062866211,20.154199600219727
456.4287109375,272.8192138671875,21.193700790405273,20.500600814819336
456.5907897949219,269.3996887207031,20.96470069885254,20.126399993896484
456.9718017578125,265.6651916503906,20.724300384521484,21.09239959716797
456.8367004394531,262.6090087890625,21.579200744628906,21.893400192260742
458.1612854003906,260.7471008300781,20.792499542236328,21.58180046081543
458.4294128417969,259.14898681640625,20.867700576782227,23.01219940185547
459.43829345703125,256.4932861328125,20.23259925842285,22.283899307250977
461.2926025390625,252.3249969482422,19.722999572753906,25.446300506591797
463.20208740234375,247.71690368652344,19.08970069885254,24.380199432373047
465.6217041015625,243.6800994873047,20.148300170898438,22.551700592041016
466.122314453125,240.30450439453125,20.188100814819336,23.106800079345703
472.6278991699219,236.70849609375,19.231800079345703,22.493600845336914
475.2838134765625,235.2736053466797,18.671899795532227,22.658300399780273
477.3734130859375,230.73680114746094,19.466699600219727,23.530799865722656
476.58099365234375,226.83749389648438,17.705699920654297,26.954299926757812
482.67779541015625,224.52749633789062,17.013999938964844,27.383899688720703
481.9219970703125,219.9633026123047,19.17449951171875,28.9424991607666
484.8953857421875,216.47189331054688,19.250699996948242,26.576200485229492
488.756103515625,215.6186981201172,18.654199600219727,24.766399383544922
490.1806945800781,214.93899536132812,20.77239990234375,25.3710994720459
497.202392578125,215.58340454101562,17.903600692749023,21.439899444580078
496.9548034667969,215.69369506835938,22.93869972229004,20.87299919128418
501.32598876953125,214.3341064453125,21.115800857543945,23.068899154663086
507.1394958496094,213.19129943847656,20.472900390625,23.20050048828125
511.930908203125,213.73609924316406,20.95509910583496,20.769699096679688
516.2708740234375,213.0402069091797,21.53660011291504,23.653499603271484
521.860595703125,212.10169982910156,21.358600616455078,20.73259925842285
527.1845703125,212.36940002441406,22.446500778198242,20.643299102783203
533.9202880859375,211.12399291992188,23.150999069213867,22.068199157714844
540.4785766601562,210.47230529785156,23.946500778198242,22.023000717163086
547.8156127929688,210.7873992919922,23.439699172973633,23.812999725341797
555.6185302734375,210.50010681152344,21.64109992980957,25.186800003051758
563.2725830078125,210.7996063232422,22.127899169921875,25.719999313354492
571.6068725585938,211.75369262695312,21.89900016784668,26.05940055847168
579.61962890625,212.93719482421875,23.61039924621582,24.488800048828125
588.02392578125,213.75439453125,21.98080062866211,25.533000946044922
595.9796752929688,214.8809051513672,22.16309928894043,21.851900100708008
602.996826171875,215.92250061035156,25.420900344848633,22.260700225830078
609.2708129882812,216.21609497070312,23.119600296020508,23.153400421142578
616.7702026367188,217.3415985107422,23.60059928894043,23.397899627685547
625.5546875,217.14500427246094,21.979999542236328,22.965999603271484
631.6239013671875,216.16610717773438,22.307899475097656,23.415000915527344
639.31201171875,216.7480926513672,22.744600296020508,22.95680046081543
644.9080810546875,217.1947021484375,22.37579917907715,22.99679946899414
650.0576782226562,218.89559936523438,22.711700439453125,25.86709976196289
655.2786865234375,219.84210205078125,22.241500854492188,28.61009979248047
660.0913696289062,222.718505859375,22.763700485229492,26.234600067138672
665.1768798828125,223.7375946044922,20.52869987487793,27.157899856567383
669.61962890625,227.625,20.68000030517578,23.069000244140625
673.4124145507812,230.48719787597656,20.265499114990234,21.425500869750977
676.3018188476562,232.86839294433594,21.44809913635254,20.2539005279541
680.0372924804688,234.15379333496094,21.680400848388672,20.29330062866211
681.9954223632812,235.70700073242188,21.512300491333008,20.894500732421875
687.1165771484375,239.5460968017578,20.83060073852539,18.58679962158203
690.0203247070312,243.81900024414062,20.78849983215332,17.77079963684082
694.1259765625,248.2301025390625,19.187400817871094,16.180599212646484
701.0836181640625,253.29049682617188,16.204999923706055,15.304300308227539
699.3364868164062,252.90350341796875,18.122299194335938,16.529699325561523
702.67822265625,256.78021240234375,20.36750030517578,17.678699493408203
706.7205810546875,263.3915100097656,20.182600021362305,15.153400421142578
710.8792114257812,268.0658874511719,20.447500228881836,14.586899757385254
713.5062866210938,273.9649963378906,21.175899505615234,13.037699699401855
719.5501098632812,281.35308837890625,21.0802001953125,13.12909984588623
723.853515625,287.79150390625,20.320199966430664,12.163399696350098
730.1964111328125,296.28369140625,21.247800827026367,13.045900344848633
732.4207763671875,303.6889953613281,20.118499755859375,10.89840030670166
737.2640991210938,311.83270263671875,20.283199310302734,9.65310001373291
743.0512084960938,318.5425109863281,17.84830093383789,10.262299537658691
747.1536865234375,324.5205993652344,18.40999984741211,11.38659954071045
752.4852294921875,329.3338928222656,19.07349967956543,14.591899871826172
756.1959838867188,333.9429931640625,20.422199249267578,12.65880012512207
766.1091918945312,331.46551513671875,19.326499938964844,15.649200439453125
767.0247192382812,333.18011474609375,18.168800354003906,15.490599632263184
775.8408203125,339.2373962402344,19.643400192260742,14.351799964904785
783.62939453125,340.8973083496094,19.692899703979492,11.641400337219238
790.7288208007812,340.9722900390625,20.410600662231445,9.413100242614746
797.42578125,339.0474853515625,21.226600646972656,8.595000267028809
802.7681274414062,335.8595886230469,23.0314998626709,8.08590030670166
809.8009033203125,331.7626953125,23.6117000579834,8.89490032196045
818.0991821289062,328.66461181640625,23.644800186157227,8.997599601745605
825.1898193359375,329.1372985839844,24.3966007232666,9.44950008392334
832.4666137695312,330.56658935546875,25.19770050048828,9.410900115966797
839.5687866210938,331.66070556640625,24.401899337768555,9.682499885559082
846.4696044921875,332.22088623046875,25.606599807739258,10.350799560546875
851.6300048828125,332.2676086425781,26.82069969177246,9.591699600219727
858.1298828125,331.4796142578125,28.008499145507812,9.655799865722656
865.8239135742188,329.3172912597656,27.52549934387207,8.786299705505371
872.3720092773438,327.5304870605469,27.234600067138672,9.225199699401855
879.5142822265625,327.4656982421875,24.423999786376953,9.483499526977539
884.2844848632812,328.17510986328125,24.58679962158203,9.027000427246094
888.0426025390625,329.8066101074219,26.0177001953125,9.003000259399414
893.6207275390625,331.17010498046875,25.928600311279297,8.990900039672852
898.3176879882812,333.23431396484375,27.43560028076172,9.970000267028809
902.0266723632812,335.86968994140625,24.572599411010742,10.472100257873535
905.7921752929688,340.0224914550781,23.756399154663086,11.451899528503418
908.8405151367188,346.0954895019531,25.94499969482422,12.32509994506836
912.5983276367188,349.1288146972656,24.5403995513916,14.043600082397461
916.9326782226562,350.4696044921875,23.063600540161133,14.036100387573242
920.7335205078125,349.89068603515625,22.057899475097656,15.949799537658691
927.2510986328125,351.6398010253906,24.01930046081543,12.427399635314941
931.2034912109375,355.1597900390625,24.453399658203125,13.126199722290039
933.38671875,358.8663024902344,21.851999282836914,14.549699783325195
932.0120239257812,362.7051086425781,22.238500595092773,14.9375
937.6748046875,368.3048095703125,21.536800384521484,12.067999839782715
940.1494750976562,374.7318115234375,21.38159942626953,11.181300163269043
941.784423828125,380.9645080566406,20.975000381469727,12.483499526977539
941.1137084960938,388.5889892578125,22.452199935913086,11.949199676513672
942.2254028320312,395.58099365234375,25.624900817871094,11.806900024414062
941.814208984375,399.4978942871094,27.33340072631836,11.426300048828125
948.50537109375,404.0696105957031,24.830400466918945,11.162099838256836
950.8001098632812,407.9342956542969,22.547100067138672,10.64579963684082
954.2965698242188,412.09521484375,20.34040069580078,9.495699882507324
959.1873168945312,415.35308837890625,18.450599670410156,10.093000411987305
960.4724731445312,416.0797119140625,19.949100494384766,13.41670036315918
965.0803833007812,419.243896484375,22.939199447631836,12.550100326538086
968.1182861328125,418.372314453125,20.319299697875977,13.957099914550781
974.0438232421875,420.2461853027344,21.88129997253418,12.723299980163574
977.9456787109375,417.2496032714844,20.712799072265625,16.140899658203125
982.61669921875,416.62890625,21.667800903320312,16.656600952148438
985.51611328125,416.7973937988281,20.824800491333008,15.375399589538574
992.2122192382812,417.1520080566406,17.512300491333008,14.388299942016602
995.7008056640625,419.4154052734375,17.311899185180664,13.008299827575684
1003.09619140625,424.0469970703125,16.97610092163086,11.518600463867188
1007.45947265625,426.6430969238281,16.41309928894043,11.022899627685547
1011.5830078125,430.4624938964844,16.944299697875977,9.971500396728516
1016.1531982421875,431.79998779296875,17.10689926147461,10.82409954071045
1019.9586181640625,435.4898986816406,16.263099670410156,10.988800048828125
1023.7042846679688,439.6922912597656,17.134000778198242,10.898099899291992
1031.10302734375,444.62060546875,14.473999977111816,9.924599647521973
1036.2353515625,445.90240478515625,14.940400123596191,10.214200019836426
1041.624267578125,446.21148681640625,15.185400009155273,10.576600074768066
1047.04150390625,447.09039306640625,13.882200241088867,9.644399642944336
1052.763671875,447.877685546875,14.066399574279785,10.318599700927734
1057.5836181640625,445.8179016113281,14.6875,10.702699661254883
1065.9189453125,445.96600341796875,14.557299613952637,10.658499717712402
1071.65625,447.947509765625,14.89430046081543,12.750900268554688
1075.0787353515625,449.50579833984375,14.595999717712402,13.269499778747559
1080.1937255859375,448.42840576171875,16.29170036315918,14.374699592590332
1082.87890625,448.7986145019531,16.276199340820312,15.902299880981445
1086.5399169921875,452.7284851074219,16.453699111938477,12.285499572753906
1088.282958984375,457.1693115234375,14.533699989318848,11.299099922180176
1088.8184814453125,460.1990051269531,15.640899658203125,11.129599571228027
1090.6712646484375,463.597412109375,14.881099700927734,11.76669979095459
1091.92529296875,466.50408935546875,14.939299583435059,11.609999656677246
1093.79541015625,467.79620361328125,16.135400772094727,12.31820011138916
1096.03955078125,466.3550109863281,14.959500312805176,12.811599731445312
1099.5740966796875,463.23541259765625,15.22350025177002,12.31410026550293
1104.5430908203125,460.05560302734375,14.723999977111816,11.930399894714355
1109.6387939453125,455.4049987792969,14.634300231933594,12.023599624633789
1114.0784912109375,450.4830017089844,14.438799858093262,12.848999977111816
1119.950439453125,445.8982849121094,14.539299964904785,12.156000137329102
1125.564697265625,442.1947937011719,12.983400344848633,12.402000427246094
1130.9058837890625,436.3323059082031,13.640999794006348,11.522199630737305
1138.8858642578125,426.85009765625,13.671799659729004,10.512200355529785
1148.8006591796875,414.0954895019531,14.282699584960938,10.652199745178223
1158.6129150390625,402.0014953613281,13.901100158691406,10.670599937438965
1166.768798828125,391.78070068359375,14.701299667358398,9.317299842834473
1175.738037109375,382.447998046875,14.678199768066406,9.593600273132324
1184.0125732421875,373.9035949707031,14.705100059509277,10.518199920654297
1192.5087890625,364.6029052734375,15.132499694824219,10.568099975585938
1201.6546630859375,354.345703125,14.715200424194336,9.674599647521973
1209.602783203125,345.3794860839844,14.912300109863281,9.549500465393066
1218.4163818359375,337.5979919433594,14.101799964904785,8.451199531555176
1225.660400390625,329.8893127441406,14.815699577331543,8.662400245666504
1233.7373046875,323.6957092285156,14.15429973602295,8.420000076293945
1239.133056640625,319.7161865234375,14.345999717712402,7.929500102996826
1243.6343994140625,316.15948486328125,14.281599998474121,7.722400188446045
1248.2520751953125,313.5262145996094,13.41919994354248,7.78249979019165
1251.7886962890625,310.5535888671875,13.145999908447266,7.8979997634887695
1254.4404296875,307.3623046875,14.63640022277832,7.891499996185303
1256.9810791015625,302.3403015136719,12.621399879455566,7.899899959564209
1258.2001953125,293.9330139160156,12.99269962310791,8.182999610900879
1257.72119140625,281.5174865722656,13.66510009765625,7.813700199127197
1263.998779296875,266.3584899902344,15.132200241088867,7.224899768829346
1256.9208984375,248.21470642089844,17.956600189208984,8.056500434875488
1255.8702392578125,228.5247039794922,18.487600326538086,7.719200134277344
1251.4342041015625,208.1230010986328,20.802499771118164,8.396200180053711
1248.0927734375,191.4145965576172,21.446699142456055,7.745299816131592
1244.277099609375,175.80859375,20.197399139404297,8.061400413513184
1240.35791015625,160.62869262695312,20.256500244140625,9.06659984588623
1236.6383056640625,143.9821014404297,20.511199951171875,9.474300384521484
1232.6673583984375,128.02890014648438,19.45669937133789,9.037199974060059
1227.5535888671875,112.43379974365234,17.695100784301758,10.438799858093262
1223.3905029296875,98.0062026977539,16.51729965209961,11.891300201416016
1217.1177978515625,83.31120300292969,15.932000160217285,12.859700202941895
1211.5379638671875,68.66210174560547,16.23189926147461,12.52929973602295
1205.266357421875,57.40520095825195,16.230300903320312,11.687000274658203
1199.47314453125,51.23400115966797,13.836000442504883,12.243800163269043
1192.4705810546875,46.86130142211914,14.24779987335205,11.861900329589844
1185.6944580078125,43.19169998168945,14.217300415039062,11.72439956665039
1179.9124755859375,41.489601135253906,12.799300193786621,11.563400268554688
1174.0914306640625,39.77180099487305,11.251799583435059,12.534700393676758
1169.12646484375,41.77939987182617,11.544400215148926,12.888199806213379
1163.2825927734375,44.01559829711914,11.079999923706055,13.21619987487793
1157.8896484375,45.58679962158203,10.566100120544434,12.941300392150879
1151.5601806640625,45.60490036010742,11.045900344848633,13.18120002746582
1145.2979736328125,45.612998962402344,11.397500038146973,13.740400314331055
1140.1163330078125,48.570899963378906,12.127400398254395,13.623000144958496
1133.7769775390625,52.9452018737793,11.562899589538574,13.804300308227539
1128.877685546875,54.05220031738281,12.577099800109863,13.525899887084961
1123.0767822265625,58.61159896850586,11.840800285339355,12.995100021362305
1116.5718994140625,64.79660034179688,11.947999954223633,13.0246000289917
1113.0,72.4113998413086,10.366499900817871,13.122400283813477
1109.110595703125,77.33370208740234,9.794699668884277,13.05270004272461
1104.8585205078125,79.51210021972656,10.090700149536133,12.813599586486816
1101.50634765625,85.67510223388672,11.096199989318848,13.529000282287598
1101.047119140625,98.92389678955078,10.712900161743164,12.386699676513672
1099.2451171875,110.42559814453125,11.571000099182129,12.415300369262695
1096.56689453125,118.39189910888672,10.581199645996094,11.279000282287598
1093.7879638671875,121.43190002441406,10.766500473022461,12.352399826049805
1091.7508544921875,122.07720184326172,11.305899620056152,13.142200469970703
1089.909912109375,125.93080139160156,11.025899887084961,11.906000137329102
1088.1627197265625,131.38400268554688,11.060600280761719,12.29319953918457
1085.47119140625,135.97830200195312,12.81029987335205,13.693499565124512
1083.064697265625,140.95680236816406,12.249899864196777,12.633700370788574
1080.7071533203125,146.36900329589844,13.178999900817871,13.490500450134277
1078.8076171875,152.8343048095703,13.667099952697754,14.228899955749512
1075.8043212890625,160.99839782714844,14.325400352478027,13.440699577331543
1071.7412109375,168.45339965820312,15.019399642944336,14.991700172424316
1066.1082763671875,173.73069763183594,16.265899658203125,14.737299919128418
1060.5882568359375,174.1820068359375,15.639300346374512,14.638799667358398
1053.2567138671875,168.12440490722656,15.703900337219238,15.248800277709961
1043.9166259765625,163.7196044921875,14.615699768066406,13.244999885559082
1032.9224853515625,163.33299255371094,14.611800193786621,12.64430046081543
1022.7677001953125,165.09500122070312,12.956299781799316,12.502300262451172
1011.0302124023438,167.8426055908203,13.214099884033203,12.149800300598145
999.8126220703125,171.13600158691406,12.517999649047852,11.076700210571289
988.3884887695312,175.5146942138672,13.175399780273438,11.461899757385254
976.2487182617188,180.66310119628906,13.942700386047363,11.87279987335205
964.5308227539062,186.2989959716797,15.853599548339844,13.200200080871582
951.575927734375,192.9582061767578,17.597000122070312,13.670499801635742
937.4456787109375,197.56900024414062,18.584800720214844,14.822099685668945
920.9749145507812,203.11199951171875,19.23780059814453,13.90999984741211
906.4539184570312,208.3323974609375,19.012699127197266,13.664299964904785
891.3695068359375,212.8686065673828,18.000999450683594,13.841699600219727
876.8775024414062,216.6118927001953,17.822200775146484,13.454500198364258
860.9099731445312,220.7415008544922,15.732099533081055,14.580599784851074
845.1223754882812,224.36900329589844,14.988100051879883,13.496999740600586
829.9072875976562,226.93580627441406,16.88129997253418,14.338000297546387
814.1140747070312,230.8975067138672,16.313600540161133,14.720000267028809
801.15087890625,234.39950561523438,17.017900466918945,14.532099723815918
787.1572265625,239.39019775390625,17.242000579833984,13.297300338745117
773.3475952148438,243.9884033203125,18.822399139404297,12.867300033569336
760.8889770507812,248.79110717773438,19.023500442504883,12.34179973602295
747.84912109375,255.82730102539062,17.406600952148438,10.939000129699707
740.6740112304688,258.9148864746094,19.150699615478516,10.998499870300293
733.2838745117188,263.6853942871094,18.994600296020508,9.706600189208984
721.1016845703125,270.1340026855469,16.415300369262695,10.778200149536133
714.8328247070312,273.35479736328125,15.766300201416016,12.828800201416016
708.7349853515625,277.460693359375,15.67650032043457,12.635299682617188
703.9232788085938,281.10198974609375,15.563899993896484,12.243900299072266
697.8370971679688,284.9656066894531,16.730499267578125,10.571599960327148
695.384521484375,286.13958740234375,16.719499588012695,11.786199569702148
694.78271484375,287.44439697265625,15.830499649047852,12.568099975585938
688.2595825195312,289.5093078613281,17.347999572753906,12.136199951171875
683.7758178710938,290.035400390625,18.087499618530273,12.335700035095215
679.4281005859375,290.9252014160156,18.55590057373047,11.714200019836426
674.9547119140625,291.2135009765625,19.600799560546875,10.382800102233887
671.4412841796875,290.7351989746094,18.407899856567383,12.710399627685547
668.967529296875,285.9587097167969,17.15169906616211,15.768699645996094
663.0598754882812,287.1424865722656,19.74250030517578,16.181499481201172
655.34521484375,287.7715148925781,20.283300399780273,16.6914005279541
648.9036865234375,286.00531005859375,21.661100387573242,14.122200012207031
642.3602294921875,284.5929870605469,20.30229949951172,13.447099685668945
635.3422241210938,281.58270263671875,19.789199829101562,15.645899772644043
627.9017944335938,279.36248779296875,19.69659996032715,16.45439910888672
617.6981201171875,276.4460144042969,19.177000045776367,17.181499481201172
608.4454956054688,274.8063049316406,20.478700637817383,18.649799346923828
597.12158203125,271.74468994140625,21.513900756835938,20.091299057006836
585.35498046875,269.1427917480469,20.545700073242188,21.878999710083008
574.2921752929688,267.9703063964844,23.290199279785156,23.607200622558594
562.6439819335938,264.97808837890625,25.26099967956543,25.063600540161133
553.763671875,262.7464904785156,28.059799194335938,24.55340003967285
545.098388671875,259.8374938964844,27.176700592041016,25.430700302124023
536.898681640625,257.4017028808594,29.461299896240234,25.70599937438965
531.4088134765625,255.779296875,29.151399612426758,26.053300857543945
527.1773071289062,251.75909423828125,26.16550064086914,27.2362003326416
527.0092163085938,248.24420166015625,23.851499557495117,26.0802001953125
525.8215942382812,244.4853973388672,24.840900421142578,25.41510009765625
525.8333129882812,237.66769409179688,24.600000381469727,25.752700805664062
526.3159790039062,230.097900390625,25.398000717163086,25.583799362182617
527.9013061523438,223.18600463867188,25.955699920654297,25.463199615478516
529.2061157226562,216.95790100097656,26.73069953918457,24.111299514770508
530.97998046875,207.27789306640625,27.25510025024414,27.368099212646484
532.537109375,200.23719787597656,28.002399444580078,27.810400009155273
534.9373779296875,194.5800018310547,28.452299118041992,26.87220001220703
