1
36.3308,599.8668,102.5312,67.8227
60.6467,598.8163,90.6020,69.0357
70.7441,603.5241,104.9861,66.4328
98.9991,601.5734,126.1645,62.0847
116.6887,592.6138,136.0751,64.6174
141.6231,593.5374,143.5113,63.8855
146.0527,588.8762,152.4061,68.4889
166.9302,590.1799,153.7615,64.5094
209.6482,592.2677,151.5502,63.0654
255.0456,593.2241,144.4972,62.1803
282.4257,591.8412,139.6479,65.1058
338.7105,593.3353,132.2164,71.2457
374.6757,590.2559,137.5778,82.7505
395.3701,589.8420,143.8861,77.8357
431.4457,590.3480,143.0502,65.5431
459.3361,590.2023,140.7460,62.8028
473.7444,587.8239,154.5175,67.2328
514.9449,592.3018,151.7293,63.6182
537.3329,592.6092,151.9152,63.6812
567.2089,591.9309,130.4253,61.3318
577.0784,591.2005,136.1418,65.4138
591.0318,590.1189,139.7627,68.6063
605.8821,586.8684,131.5193,74.4103
610.7853,581.7322,127.0335,78.0338
621.5685,574.9744,118.3120,83.8964
652.3167,571.3883,104.1101,83.1946
670.6492,543.6506,92.1401,86.9240
673.0673,525.6061,91.5154,99.7702
700.4611,514.2631,104.4451,106.4776
714.4023,474.3130,108.4674,113.0020
724.8213,427.5143,84.0348,125.3012
705.9766,390.7921,91.1944,142.0037
711.3742,376.6136,102.9576,153.3861
722.3681,378.7733,86.8097,147.6283
745.0524,365.8555,90.8047,128.0242
2
0
0
0
0
1
678.5204,377.2743,79.1599,49.3493
671.5413,376.9940,93.4285,46.8232
667.8491,373.9411,107.3376,48.0737
664.3757,371.5830,117.4537,49.6458
666.5542,375.0106,115.8591,49.1740
659.9769,372.1399,121.8025,50.6013
664.4116,372.9425,117.8673,49.2305
662.6771,372.0087,118.0886,47.1544
671.4579,373.7145,128.6211,48.9551
678.3299,372.5422,128.4556,47.0142
693.7690,372.4186,121.1819,46.5704
706.3450,373.5101,131.8281,45.8685
713.8217,371.3931,131.0238,47.1352
726.5132,368.4790,136.2850,48.2693
735.2386,365.3526,132.4220,53.8042
739.3825,364.5976,125.5293,54.6783
740.5755,363.6913,124.3264,56.2179
741.1290,366.6963,129.3660,51.3118
739.0099,366.1134,132.5106,54.0047
741.7552,367.7702,130.4533,54.2446
740.9772,366.1242,138.5737,61.0672
743.5110,367.9647,131.6820,55.7791
743.2008,368.0603,128.9853,53.9983
742.2668,366.8004,130.3173,53.9865
741.0872,366.0472,131.5574,54.1098
742.9517,367.3666,129.5358,53.6230
742.7705,367.8116,129.8839,53.5520
745.0746,368.0199,124.4650,54.0279
729.4164,365.1426,123.0133,54.8858
707.9447,367.7371,124.3034,50.9621
700.5662,368.2776,122.7655,48.6684
666.4946,369.1920,126.6888,48.0757
651.0635,367.2109,126.2375,50.3051
620.4503,370.0377,121.5703,49.2006
602.6726,366.4936,124.3227,51.9390
572.3721,365.1819,127.6200,54.2204
562.7865,342.5199,137.0441,79.7530
558.1589,343.6830,144.3245,91.7092
494.4136,353.1685,157.8170,75.9377
2
0
0
0
0
1
471.0459,360.8131,109.8000,55.7106
475.9592,363.3958,107.9494,51.0399
488.8555,359.0359,111.6281,54.8556
513.3989,359.5363,123.4262,53.1342
546.3802,363.2228,133.3497,50.7823
594.0854,362.4672,133.0228,50.6147
635.9452,356.9691,122.3234,56.4437
655.3783,350.9330,104.1037,60.2009
674.9149,323.5016,103.1868,78.9736
705.7179,351.2667,128.3957,61.7777
753.1476,355.4309,119.2147,58.9465
780.9580,356.7302,111.7136,56.8974
791.8932,356.6864,105.6229,56.6317
787.7319,351.5361,107.6202,61.7874
817.9298,351.3692,106.2697,61.6358
826.9814,320.5874,105.3243,74.8968
816.3021,294.1512,94.7876,84.2247
821.5432,266.3362,83.4847,91.0036
828.7560,244.5930,76.9663,103.0930
829.9073,236.2844,78.4062,107.9339
829.4030,227.4959,76.4935,84.8641
829.0309,228.8622,69.3363,67.2325
823.4627,227.3037,75.8965,56.5872
802.0363,216.7856,85.1191,51.6138
802.9615,226.5327,69.9954,38.4916
805.0448,222.8945,62.8879,40.3930
810.0137,220.3709,69.3572,43.7641
820.5149,217.6048,68.8622,45.2453
834.9041,223.1993,74.9042,39.9480
851.3362,224.1033,84.5065,36.9017
860.3362,223.6855,81.9553,36.9524
889.8313,219.3087,75.9510,39.5643
901.0366,199.9575,68.6085,53.9405
927.1587,177.4093,58.9217,60.9682
928.0187,172.5433,67.8224,62.1399
2
0
0
0
0
1
922.4430,99.8861,98.9070,79.5045
2
0
0
0
0
1
817.1424,122.0608,96.9687,30.0847
812.3774,122.0428,99.0971,30.1333
800.4437,123.4237,95.2349,28.1235
791.2310,126.0981,90.5545,25.9522
776.0723,123.9731,83.0282,27.5362
762.0192,124.1278,74.2834,27.3980
758.4718,122.4333,68.7953,28.9367
739.3883,123.0227,72.9827,27.2226
726.8256,124.4036,75.9749,24.9611
707.6440,125.2165,83.3105,26.0776
693.7234,126.4657,85.2109,25.0517
691.0223,126.5768,89.6775,24.3218
685.3708,126.9759,91.3968,23.6437
678.9493,126.6445,91.6870,23.2144
677.4205,126.6359,92.1698,23.6384
671.4112,126.8345,96.1644,22.9551
664.8461,127.0294,88.7008,22.5812
664.7040,126.5262,86.4051,21.9712
650.1983,127.3107,93.2565,22.0842
639.1060,124.0657,85.8444,24.7935
617.8088,124.9597,92.5932,25.6464
602.2880,124.3104,84.9314,24.4463
584.4424,122.2649,93.8908,24.9293
577.2706,123.3209,90.5854,25.0380
579.0310,123.1330,88.7820,23.9515
