450.0,91.0,31.0,37.0
445.4051513671875,100.24934387207031,32.18357849121094,29.28797721862793
434.09295654296875,106.46076202392578,37.870880126953125,29.584318161010742
429.4594421386719,109.7477798461914,40.00666809082031,29.901140213012695
420.9436340332031,112.87240600585938,42.10216522216797,35.616275787353516
417.3811950683594,114.33724975585938,40.23383331298828,36.984718322753906
401.8306884765625,147.93553161621094,44.617706298828125,29.237071990966797
408.25262451171875,118.60433959960938,40.536643981933594,25.38982582092285
409.1064147949219,119.50564575195312,35.787227630615234,23.602663040161133
406.77471923828125,121.51614379882812,35.42870330810547,23.55760955810547
405.80322265625,121.96125793457031,27.349416732788086,24.508331298828125
405.4051818847656,126.57230377197266,22.833349227905273,21.40989112854004
403.54248046875,129.21841430664062,21.63421630859375,20.884796142578125
401.0364074707031,132.62107849121094,24.8690242767334,19.42705726623535
400.144287109375,134.51077270507812,25.038240432739258,20.470651626586914
394.6763610839844,136.8054962158203,22.80514144897461,21.625667572021484
397.18585205078125,136.71453857421875,25.73714828491211,25.378421783447266
394.4962158203125,134.0460968017578,27.77503204345703,30.732831954956055
393.8807067871094,139.636474609375,25.00103187561035,28.865123748779297
393.2293395996094,147.49615478515625,23.72381591796875,23.772140502929688
391.4490051269531,146.99380493164062,22.631155014038086,24.976343154907227
393.1722717285156,147.92115783691406,22.217260360717773,29.407543182373047
389.37506103515625,150.85357666015625,25.26680564880371,31.01865005493164
386.9454040527344,150.71929931640625,26.627927780151367,30.16009521484375
386.3236083984375,151.98699951171875,30.076995849609375,28.548057556152344
384.66558837890625,151.14724731445312,34.26554870605469,31.788650512695312
383.0458984375,151.45965576171875,35.508296966552734,26.00960350036621
382.1294860839844,148.1497344970703,40.63051986694336,29.884992599487305
379.4200439453125,144.20899963378906,46.87558364868164,32.32135772705078
365.3255615234375,141.8355712890625,40.142581939697266,30.362228393554688
370.92926025390625,144.05938720703125,34.222957611083984,28.17801284790039
377.8399353027344,143.35409545898438,29.377731323242188,28.65402603149414
376.1342468261719,138.88284301757812,28.98446273803711,32.32511901855469
374.89959716796875,137.50894165039062,27.25366973876953,37.49986267089844
369.9809265136719,140.42013549804688,30.694141387939453,39.452903747558594
378.291015625,143.5515594482422,25.556488037109375,37.31793975830078
380.0214538574219,144.15652465820312,21.25332260131836,38.79920959472656
378.805908203125,144.84420776367188,21.822853088378906,37.47136688232422
375.6136474609375,146.8371124267578,24.491790771484375,33.2546501159668
379.9155578613281,147.81912231445312,22.686933517456055,31.547182083129883
377.92779541015625,148.9561004638672,23.189619064331055,31.83540916442871
376.8285217285156,149.05987548828125,20.502967834472656,31.292978286743164
378.67156982421875,149.0861053466797,24.285293579101562,31.476219177246094
378.6239318847656,150.99819946289062,18.56829071044922,27.790328979492188
377.3570251464844,151.51255798339844,19.697534561157227,29.80843162536621
379.3725280761719,152.9248046875,18.205671310424805,29.9647216796875
377.8695068359375,152.4409942626953,19.399139404296875,29.351200103759766
376.2891845703125,153.18731689453125,21.210817337036133,30.701770782470703
376.7022399902344,156.65530395507812,20.75460433959961,28.33628273010254
377.0378723144531,156.37579345703125,20.469141006469727,32.0653076171875
376.39263916015625,155.99520874023438,21.221824645996094,35.53874969482422
376.1257629394531,153.63832092285156,22.97955894470215,39.54265213012695
376.4588623046875,157.89224243164062,25.734228134155273,39.28467559814453
378.1654357910156,159.7685546875,26.427797317504883,37.64906692504883
379.1822814941406,161.37106323242188,21.248937606811523,36.257843017578125
379.6336364746094,163.18505859375,19.598634719848633,32.74079513549805
381.4458923339844,164.55853271484375,24.325300216674805,32.48162841796875
381.62176513671875,166.126708984375,25.329954147338867,31.5538272857666
382.1564025878906,167.5912628173828,20.40465545654297,27.090269088745117
384.3580017089844,168.09400939941406,19.378910064697266,28.37449073791504
382.4931945800781,168.4071807861328,19.275588989257812,28.996976852416992
383.27734375,168.8668212890625,18.78300666809082,29.71697235107422
384.5736389160156,170.23155212402344,17.509342193603516,28.023099899291992
384.22271728515625,170.0771484375,18.88119888305664,29.7373046875
385.2850341796875,172.79806518554688,18.417938232421875,28.691843032836914
386.7693176269531,172.78536987304688,19.46080207824707,33.47029495239258
384.5381774902344,174.60073852539062,22.40418243408203,33.88099670410156
386.9148864746094,179.110107421875,18.6740779876709,28.313716888427734
386.90435791015625,179.79473876953125,18.24866485595703,25.917190551757812
387.3709716796875,179.6728973388672,19.421815872192383,26.839853286743164
387.0545349121094,180.60235595703125,17.645503997802734,26.57391929626465
386.636962890625,181.53085327148438,19.19869613647461,30.32469940185547
388.3919372558594,181.98040771484375,23.556135177612305,33.35680389404297
388.5519714355469,183.4894256591797,28.796361923217773,30.639739990234375
389.53692626953125,184.7301788330078,25.740243911743164,24.725305557250977
388.0445251464844,185.4747772216797,23.314064025878906,24.035554885864258
385.7052001953125,187.34463500976562,19.63799476623535,23.31566047668457
385.00994873046875,185.81890869140625,21.143667221069336,26.735065460205078
384.82598876953125,185.77587890625,20.923765182495117,27.491796493530273
385.76080322265625,186.8975830078125,18.60912322998047,27.439329147338867
385.8482971191406,187.88427734375,19.47713279724121,28.10275650024414
385.317138671875,187.77978515625,19.866132736206055,29.726774215698242
385.015625,188.3667449951172,20.574480056762695,28.23046112060547
384.8839111328125,187.74647521972656,19.139816284179688,28.17584991455078
384.48236083984375,187.88771057128906,20.25092124938965,28.370676040649414
384.61065673828125,187.52249145507812,19.825464248657227,29.710798263549805
384.8138732910156,186.83920288085938,17.36696434020996,32.59449768066406
383.2237548828125,188.34799194335938,18.88285255432129,35.77318572998047
382.3917541503906,187.57826232910156,20.013103485107422,33.33519744873047
382.35418701171875,188.4468231201172,18.79113006591797,30.33742332458496
381.5650634765625,189.27294921875,18.856544494628906,31.79160499572754
378.9180603027344,190.30245971679688,21.4823055267334,32.035125732421875
376.06500244140625,191.56005859375,24.325510025024414,30.742422103881836
380.8941345214844,192.69252014160156,18.146137237548828,28.078739166259766
377.51922607421875,192.60423278808594,21.07596206665039,28.16721534729004
376.4934997558594,193.47499084472656,21.468257904052734,26.456146240234375
376.19927978515625,193.4484100341797,21.286840438842773,26.5043888092041
374.86749267578125,192.956787109375,21.7632999420166,26.400562286376953
374.4278869628906,192.3568572998047,21.837209701538086,28.649837493896484
372.9036560058594,192.2216796875,22.628929138183594,29.58246421813965
371.0448303222656,191.2333221435547,24.16521644592285,31.835371017456055
370.8362731933594,191.11761474609375,23.7402400970459,33.46407699584961
371.63958740234375,189.74388122558594,21.45960235595703,35.61039352416992
370.55029296875,189.3514404296875,21.831199645996094,36.2641487121582
368.9735107421875,190.45687866210938,22.192611694335938,36.014610290527344
367.5057067871094,191.1357879638672,22.6297607421875,33.88016891479492
365.9933776855469,193.2509765625,23.641006469726562,32.154232025146484
367.2890319824219,193.85362243652344,20.840736389160156,28.809953689575195
365.8450622558594,193.52073669433594,22.716676712036133,28.715919494628906
365.3205871582031,193.12652587890625,21.60233497619629,27.46788215637207
363.6936340332031,192.11911010742188,22.06904411315918,26.794742584228516
364.0335998535156,192.15673828125,20.614219665527344,27.022716522216797
363.5703125,190.9170684814453,20.89396858215332,30.39529800415039
363.23260498046875,190.72430419921875,20.74235725402832,29.976877212524414
362.45318603515625,191.37384033203125,20.828243255615234,31.628963470458984
362.171630859375,190.05303955078125,19.39366340637207,29.487884521484375
361.0267333984375,191.00425720214844,19.735559463500977,27.21651268005371
360.4376525878906,193.95559692382812,20.95865249633789,22.747543334960938
360.0783996582031,196.93609619140625,18.621959686279297,18.468219757080078
358.5019226074219,195.97909545898438,19.692121505737305,18.368162155151367
357.98114013671875,193.49305725097656,21.463069915771484,19.993616104125977
356.7879638671875,192.1479034423828,21.50708770751953,21.88298988342285
356.35345458984375,193.0056610107422,20.618680953979492,21.17200469970703
354.57501220703125,190.27145385742188,22.391263961791992,24.084911346435547
353.11541748046875,190.01271057128906,24.78172492980957,22.507610321044922
351.16168212890625,188.5479736328125,26.168563842773438,19.804912567138672
351.6555480957031,189.51564025878906,26.163776397705078,19.30287742614746
351.6555480957031,189.51564025878906,26.163776397705078,19.30287742614746
351.6555480957031,189.51564025878906,26.163776397705078,19.30287742614746
351.6555480957031,189.51564025878906,26.163776397705078,19.30287742614746
351.6555480957031,189.51564025878906,26.163776397705078,19.30287742614746
351.6555480957031,189.51564025878906,26.163776397705078,19.30287742614746
351.6555480957031,189.51564025878906,26.163776397705078,19.30287742614746
351.6555480957031,189.51564025878906,26.163776397705078,19.30287742614746
351.6555480957031,189.51564025878906,26.163776397705078,19.30287742614746
351.6555480957031,189.51564025878906,26.163776397705078,19.30287742614746
351.6555480957031,189.51564025878906,26.163776397705078,19.30287742614746
351.6555480957031,189.51564025878906,26.163776397705078,19.30287742614746
351.6555480957031,189.51564025878906,26.163776397705078,19.30287742614746
351.6555480957031,189.51564025878906,26.163776397705078,19.30287742614746
351.6555480957031,189.51564025878906,26.163776397705078,19.30287742614746
351.6555480957031,189.51564025878906,26.163776397705078,19.30287742614746
351.6555480957031,189.51564025878906,26.163776397705078,19.30287742614746
351.6555480957031,189.51564025878906,26.163776397705078,19.30287742614746
351.6555480957031,189.51564025878906,26.163776397705078,19.30287742614746
351.6555480957031,189.51564025878906,26.163776397705078,19.30287742614746
351.6555480957031,189.51564025878906,26.163776397705078,19.30287742614746
351.6555480957031,189.51564025878906,26.163776397705078,19.30287742614746
351.6555480957031,189.51564025878906,26.163776397705078,19.30287742614746
351.6555480957031,189.51564025878906,26.163776397705078,19.30287742614746
351.6555480957031,189.51564025878906,26.163776397705078,19.30287742614746
351.6555480957031,189.51564025878906,26.163776397705078,19.30287742614746
351.6555480957031,189.51564025878906,26.163776397705078,19.30287742614746
351.6555480957031,189.51564025878906,26.163776397705078,19.30287742614746
351.6555480957031,189.51564025878906,26.163776397705078,19.30287742614746
351.6555480957031,189.51564025878906,26.163776397705078,19.30287742614746
351.6555480957031,189.51564025878906,26.163776397705078,19.30287742614746
351.6555480957031,189.51564025878906,26.163776397705078,19.30287742614746
351.6555480957031,189.51564025878906,26.163776397705078,19.30287742614746
351.6555480957031,189.51564025878906,26.163776397705078,19.30287742614746
351.6555480957031,189.51564025878906,26.163776397705078,19.30287742614746
351.6555480957031,189.51564025878906,26.163776397705078,19.30287742614746
351.6555480957031,189.51564025878906,26.163776397705078,19.30287742614746
351.6555480957031,189.51564025878906,26.163776397705078,19.30287742614746
351.6555480957031,189.51564025878906,26.163776397705078,19.30287742614746
351.6555480957031,189.51564025878906,26.163776397705078,19.30287742614746
351.6555480957031,189.51564025878906,26.163776397705078,19.30287742614746
351.6555480957031,189.51564025878906,26.163776397705078,19.30287742614746
351.6555480957031,189.51564025878906,26.163776397705078,19.30287742614746
351.6555480957031,189.51564025878906,26.163776397705078,19.30287742614746
351.6555480957031,189.51564025878906,26.163776397705078,19.30287742614746
351.6555480957031,189.51564025878906,26.163776397705078,19.30287742614746
351.6555480957031,189.51564025878906,26.163776397705078,19.30287742614746
351.6555480957031,189.51564025878906,26.163776397705078,19.30287742614746
351.6555480957031,189.51564025878906,26.163776397705078,19.30287742614746
351.6555480957031,189.51564025878906,26.163776397705078,19.30287742614746
351.6555480957031,189.51564025878906,26.163776397705078,19.30287742614746
351.6555480957031,189.51564025878906,26.163776397705078,19.30287742614746
351.6555480957031,189.51564025878906,26.163776397705078,19.30287742614746
351.6555480957031,189.51564025878906,26.163776397705078,19.30287742614746
351.6555480957031,189.51564025878906,26.163776397705078,19.30287742614746
351.6555480957031,189.51564025878906,26.163776397705078,19.30287742614746
353.05072021484375,171.97323608398438,22.987380981445312,13.325169563293457
353.6789245605469,172.76513671875,20.230510711669922,12.554144859313965
355.2373352050781,173.718505859375,16.88274383544922,10.785585403442383
355.420654296875,173.27151489257812,16.667360305786133,11.67950439453125
355.9681091308594,172.97230529785156,15.406976699829102,11.691596031188965
356.1452331542969,173.83132934570312,15.599839210510254,8.925825119018555
356.4298095703125,172.93435668945312,14.763467788696289,9.68384838104248
356.8199157714844,173.28773498535156,14.381893157958984,9.166170120239258
356.4788818359375,173.9954071044922,15.552238464355469,7.740795135498047
356.8443603515625,173.91566467285156,15.208891868591309,7.606207847595215
356.17242431640625,172.9908905029297,16.135147094726562,8.092060089111328
355.8114318847656,171.05084228515625,16.984493255615234,9.29642391204834
354.3609619140625,168.52894592285156,19.21442413330078,11.806909561157227
353.7272644042969,166.5891876220703,19.94729995727539,12.30877685546875
355.1910705566406,161.870361328125,17.990711212158203,14.461627006530762
354.2020263671875,158.0956268310547,18.119482040405273,16.977739334106445
355.3616027832031,162.59022521972656,16.721267700195312,14.075957298278809
356.2003173828125,160.16441345214844,15.708702087402344,16.30803108215332
356.9600830078125,156.90187072753906,14.672825813293457,18.86046600341797
356.25408935546875,158.71360778808594,15.621658325195312,18.954191207885742
355.59576416015625,158.60064697265625,17.14536476135254,18.409034729003906
355.1836853027344,159.4272918701172,18.935741424560547,16.56473159790039
355.6372985839844,160.41403198242188,18.715768814086914,13.937736511230469
354.8709716796875,158.87425231933594,18.901594161987305,11.60696029663086
354.945556640625,157.65933227539062,18.980239868164062,9.634886741638184
354.0447998046875,156.056884765625,21.243383407592773,9.152390480041504
354.57568359375,154.34503173828125,20.26337432861328,10.088150024414062
356.8774108886719,157.52413940429688,18.303478240966797,10.200540542602539
353.8439636230469,147.174560546875,19.667770385742188,11.348685264587402
355.2059326171875,144.8587646484375,17.541759490966797,12.984688758850098
355.399169921875,144.61705017089844,17.1102294921875,12.890494346618652
355.70391845703125,148.2716522216797,16.540616989135742,10.9555082321167
356.2109680175781,147.918212890625,15.315515518188477,9.610342979431152
356.66851806640625,148.76913452148438,14.453654289245605,9.086967468261719
356.3323669433594,149.25338745117188,14.553607940673828,7.820462703704834
355.78302001953125,148.9904327392578,15.620979309082031,7.410556316375732
355.7205810546875,147.10531616210938,15.847776412963867,8.492631912231445
355.375244140625,145.3115692138672,16.692352294921875,9.154335021972656
355.17315673828125,143.75218200683594,16.76829719543457,9.763666152954102
354.9534912109375,140.9716796875,16.970617294311523,10.172703742980957
354.5362854003906,139.29598999023438,18.086803436279297,9.993760108947754
354.82183837890625,137.9041290283203,17.82281494140625,8.707061767578125
354.81988525390625,134.5636444091797,19.01300048828125,10.147320747375488
354.10223388671875,133.3281707763672,20.42040252685547,13.089715003967285
354.88128662109375,126.70393371582031,18.772602081298828,15.191925048828125
354.6344299316406,125.1323013305664,18.404518127441406,15.68876838684082
355.0751647949219,123.55494689941406,17.723041534423828,17.266786575317383
354.7862854003906,122.7125473022461,18.003074645996094,16.125234603881836
354.96038818359375,124.95510864257812,17.354042053222656,14.994994163513184
354.8968200683594,120.99164581298828,16.966663360595703,16.439992904663086
355.1275939941406,123.35725402832031,16.24091339111328,15.72585678100586
355.710205078125,118.73957824707031,16.251352310180664,18.721647262573242
356.4073486328125,118.75062561035156,15.080581665039062,20.83295249938965
355.8899841308594,117.30583953857422,15.771313667297363,19.076251983642578
356.21661376953125,117.32440185546875,15.118705749511719,20.95513343811035
355.620849609375,124.3221664428711,15.837727546691895,24.37331199645996
355.17730712890625,117.53450012207031,16.800365447998047,28.986967086791992
356.79736328125,122.69830322265625,14.10659408569336,28.665555953979492
357.0160827636719,120.48079681396484,11.8405179977417,30.41126823425293
358.0400695800781,108.59810638427734,13.674959182739258,31.798717498779297
355.9485168457031,107.98739624023438,16.47719955444336,30.77234649658203
355.613525390625,104.04888916015625,17.726350784301758,31.13186264038086
356.4783935546875,102.11692810058594,15.465531349182129,32.29860305786133
356.30908203125,103.53146362304688,15.19128704071045,30.905935287475586
355.85211181640625,104.18839263916016,14.092245101928711,25.335376739501953
356.5485534667969,103.25248718261719,13.048500061035156,23.469871520996094
356.37738037109375,98.01585388183594,14.138608932495117,20.864788055419922
356.42401123046875,96.19020080566406,14.451308250427246,20.81963348388672
355.6487731933594,96.19053649902344,16.038793563842773,18.35855484008789
356.08526611328125,92.17486572265625,17.12079620361328,18.515146255493164
356.3808288574219,88.9139404296875,18.552249908447266,19.504358291625977
359.5041198730469,84.39662170410156,18.69153594970703,18.704599380493164
362.55499267578125,80.16873168945312,19.784408569335938,19.20890235900879
365.8930358886719,76.07779693603516,17.853349685668945,16.144258499145508
369.91546630859375,71.02458953857422,16.439117431640625,17.298215866088867
364.4085998535156,90.1996841430664,19.571428298950195,18.931371688842773
376.443603515625,74.8991928100586,17.2850284576416,24.655284881591797
374.0006103515625,64.92452239990234,22.30080223083496,25.3270206451416
382.9496765136719,50.44952392578125,25.589387893676758,31.375171661376953
388.2986145019531,46.44123458862305,28.614761352539062,33.155426025390625
394.8744201660156,42.749813079833984,32.53826141357422,35.825538635253906
400.4754638671875,39.10380554199219,36.104915618896484,39.66625213623047
411.0583190917969,34.25515365600586,41.23271942138672,44.60893249511719
405.1997375488281,29.95489501953125,52.38219451904297,46.81922912597656
415.5709228515625,24.976655960083008,58.01133728027344,51.71616744995117
427.5853271484375,22.136690139770508,59.274261474609375,60.082210540771484
435.6674499511719,17.187278747558594,64.37168884277344,64.97920227050781
443.8370056152344,18.541336059570312,69.09947967529297,66.4450912475586
449.97314453125,18.377182006835938,76.57393646240234,70.82695007324219
457.02130126953125,21.745479583740234,84.53170776367188,74.48509216308594
462.4457092285156,28.37350845336914,92.9248275756836,70.02664184570312
466.8200378417969,32.60552978515625,100.91593933105469,71.07908630371094
470.9132995605469,39.036434173583984,107.15104675292969,66.17423248291016
478.96197509765625,46.09660339355469,103.73314666748047,63.28249740600586
484.93603515625,54.57839584350586,102.99838256835938,61.499061584472656
489.9418640136719,62.036354064941406,105.11104583740234,59.16001892089844
506.2992248535156,80.21151733398438,99.35749053955078,71.44454193115234
504.089111328125,79.39966583251953,102.29029083251953,70.33157348632812
499.07122802734375,89.42369842529297,107.76022338867188,53.71551513671875
507.6693115234375,95.43647766113281,101.7340316772461,47.87478256225586
500.3326110839844,106.36669921875,107.94084930419922,38.02033233642578
516.9325561523438,115.46340942382812,107.50145721435547,36.42056655883789
509.6835632324219,125.9922103881836,104.47747802734375,34.18062210083008
504.7694091796875,124.79965209960938,110.16165161132812,43.64681625366211
524.8930053710938,122.57720947265625,101.06571960449219,53.84695816040039
516.34326171875,118.95238494873047,102.3367919921875,70.30009460449219
511.81280517578125,117.34925842285156,99.46961975097656,87.2177734375
506.66204833984375,122.53359985351562,102.89915466308594,93.14776611328125
509.4653015136719,149.6324462890625,105.62946319580078,79.97067260742188
520.500244140625,177.85369873046875,92.45504760742188,59.29499816894531
520.9783325195312,186.15090942382812,91.78455352783203,59.216129302978516
522.1099243164062,191.14334106445312,92.0818862915039,63.82363510131836
523.9845581054688,196.7196044921875,91.74678039550781,66.19498443603516
527.2224731445312,207.16726684570312,85.02945709228516,64.6719970703125
527.5570068359375,218.865478515625,83.60784912109375,60.636932373046875
525.89208984375,222.13832092285156,85.92864990234375,63.80763626098633
526.86669921875,226.296875,87.55255889892578,68.11011505126953
529.8760986328125,233.78028869628906,83.454345703125,67.65670776367188
530.86328125,239.93453979492188,84.13141632080078,66.69584655761719
535.9990234375,246.29441833496094,79.48211669921875,66.42057037353516
538.3926391601562,253.16091918945312,79.09428405761719,66.18280792236328
545.062255859375,262.4814147949219,76.00514221191406,59.324256896972656
549.0913696289062,275.0843505859375,73.1707534790039,52.622283935546875
546.5506591796875,282.39251708984375,75.16072845458984,56.45289993286133
542.7548828125,287.96514892578125,75.71084594726562,59.90884780883789
535.1260986328125,287.4182434082031,75.40689086914062,63.49589157104492
529.3427734375,284.9108581542969,80.98480224609375,52.93412399291992
520.90771484375,281.3639831542969,84.48953247070312,53.457637786865234
509.2410583496094,280.0015563964844,93.38884735107422,57.58783721923828
504.80255126953125,281.2215270996094,93.64295959472656,49.06815719604492
496.6029357910156,280.1046447753906,103.64033508300781,50.88412857055664
486.23223876953125,278.1206359863281,110.333740234375,52.72658920288086
482.7960510253906,278.1142578125,110.50711822509766,42.866302490234375
474.61053466796875,276.7226867675781,114.73873901367188,40.57249450683594
471.4036865234375,274.61810302734375,115.0273208618164,38.21018600463867
468.9682922363281,272.7493591308594,117.22123718261719,36.14842987060547
469.5541687011719,271.53533935546875,114.44632720947266,32.52082824707031
465.7222900390625,271.11114501953125,120.14596557617188,30.802677154541016
466.09490966796875,266.7352294921875,118.38207244873047,34.43852233886719
461.5208435058594,265.81207275390625,119.22980499267578,33.08878707885742
459.8236999511719,264.2724609375,124.75239562988281,31.846323013305664
458.2702331542969,262.2511901855469,126.04254150390625,31.884714126586914
458.3135986328125,260.4372253417969,125.7547836303711,29.861906051635742
458.74163818359375,257.13275146484375,124.43224334716797,30.528120040893555
457.2411804199219,254.14364624023438,127.22469329833984,31.593626022338867
457.0995788574219,250.076904296875,127.55550384521484,34.75654602050781
456.2372741699219,244.91677856445312,125.58516693115234,37.1214599609375
459.338623046875,241.44546508789062,120.86253356933594,34.56300354003906
457.6239013671875,236.2849578857422,120.08753204345703,33.452945709228516
460.81536865234375,231.71905517578125,112.07654571533203,33.37285614013672
462.192138671875,225.66326904296875,107.51881408691406,34.92538833618164
462.0404968261719,222.20098876953125,104.82144927978516,33.81617736816406
463.23272705078125,218.7423095703125,101.06041717529297,33.003021240234375
463.6703796386719,212.0646514892578,95.24604034423828,34.61960983276367
462.3895263671875,206.1854248046875,85.6675796508789,38.692596435546875
465.71875,198.1743927001953,76.48757934570312,39.44576644897461
468.596435546875,194.3280487060547,68.91942596435547,36.302120208740234
465.5540771484375,188.58229064941406,70.4307861328125,36.66547775268555
466.8983154296875,182.514404296875,73.49105072021484,39.26872634887695
458.8944091796875,177.1319580078125,86.52446746826172,46.29998016357422
450.76470947265625,156.89573669433594,88.44717407226562,45.24061965942383
451.4022216796875,139.34861755371094,78.76915740966797,53.46445846557617
456.5002746582031,131.16015625,68.26226043701172,53.29995346069336
458.9064025878906,124.65204620361328,63.7194938659668,60.96968078613281
460.9121398925781,127.63374328613281,61.043251037597656,53.719722747802734
441.9903869628906,105.25209045410156,65.84742736816406,53.391334533691406
460.1094970703125,115.06275177001953,66.89080047607422,58.34580612182617
464.2315368652344,120.34844970703125,74.34197235107422,56.670372009277344
438.56243896484375,120.55277252197266,90.31820678710938,52.0521354675293
443.707763671875,120.3689193725586,74.36734771728516,57.1011848449707
445.5096130371094,116.9153060913086,67.04878997802734,54.41600036621094
442.7600402832031,113.74564361572266,78.66078186035156,53.09102249145508
435.40618896484375,99.36801147460938,79.56327819824219,65.46536254882812
440.237060546875,89.07566833496094,69.18804168701172,74.4988784790039
438.3942565917969,111.77166748046875,73.98519134521484,61.710697174072266
448.7523498535156,129.17649841308594,86.402099609375,67.20600128173828
427.3216857910156,136.03733825683594,84.41656494140625,69.3134536743164
434.3656311035156,134.41497802734375,73.44822692871094,64.90022277832031
439.49688720703125,139.36961364746094,71.0924072265625,52.90382766723633
443.24676513671875,141.81719970703125,75.56790924072266,50.66836166381836
459.27783203125,149.3397674560547,67.45327758789062,54.55992889404297
449.44537353515625,146.22714233398438,73.69363403320312,63.84132385253906
453.3046569824219,145.54742431640625,62.30754852294922,74.57017517089844
456.42529296875,172.7578125,61.15522384643555,59.33784484863281
463.4993591308594,186.96116638183594,47.25510025024414,54.10243606567383
468.25408935546875,208.314453125,40.88312530517578,44.21468734741211
452.8708801269531,204.44796752929688,46.51321792602539,47.05702590942383
449.63604736328125,203.8592987060547,52.04393005371094,47.75038528442383
448.9477233886719,203.5789794921875,45.606204986572266,40.82917404174805
456.3702392578125,216.03976440429688,54.26325988769531,38.586753845214844
463.4908447265625,213.37200927734375,59.05442810058594,34.97125244140625
464.58892822265625,214.817138671875,63.23070526123047,33.926902770996094
473.3716735839844,220.96653747558594,61.36776351928711,28.34939956665039
484.487548828125,224.26446533203125,55.34537124633789,27.111988067626953
490.20947265625,224.45278930664062,53.18630599975586,28.972761154174805
496.1679382324219,226.826416015625,51.81879425048828,26.746166229248047
501.469482421875,228.3138427734375,49.78042221069336,25.944564819335938
486.9698791503906,228.4529571533203,51.32878112792969,27.318641662597656
495.00396728515625,231.8819580078125,46.753326416015625,24.082033157348633
501.5033264160156,232.7938232421875,42.57489776611328,25.36573028564453
501.5773010253906,233.63880920410156,42.52021026611328,25.58099937438965
507.5502014160156,234.9561309814453,37.953914642333984,24.946590423583984
508.3152770996094,234.87496948242188,41.120670318603516,25.8222599029541
507.0621337890625,235.9420623779297,41.141204833984375,27.14445686340332
506.6105651855469,236.08029174804688,40.06136703491211,29.735488891601562
519.2899169921875,236.77728271484375,43.04069137573242,28.999191284179688
520.8380126953125,237.67965698242188,41.09502029418945,29.39794921875
520.545654296875,240.22720336914062,40.39901351928711,35.56574249267578
511.2613830566406,240.67776489257812,48.16205596923828,43.01719665527344
504.3324890136719,242.8675994873047,55.13371658325195,47.799957275390625
502.4696044921875,245.08370971679688,60.43838119506836,52.62005615234375
493.57049560546875,247.84542846679688,54.1265869140625,50.2459716796875
489.7450256347656,248.66943359375,50.41596221923828,52.77580261230469
486.4778137207031,253.62818908691406,47.69106674194336,48.724647521972656
477.0897521972656,244.90740966796875,47.17446517944336,56.939273834228516
469.9501037597656,246.40574645996094,49.608619689941406,61.449256896972656
460.63751220703125,244.14688110351562,49.205230712890625,65.39549255371094
452.1915283203125,246.08018493652344,47.0557975769043,63.389801025390625
441.323486328125,246.1432647705078,48.898704528808594,65.97573852539062
429.4369201660156,248.87156677246094,48.79209518432617,66.1107406616211
415.52313232421875,249.85313415527344,48.45222854614258,63.96872329711914
399.6235046386719,247.82310485839844,49.583438873291016,70.0279769897461
381.7547302246094,250.465087890625,49.10281753540039,68.55535125732422
361.7461853027344,251.71351623535156,46.96942901611328,68.79690551757812
337.9761962890625,249.73419189453125,49.09031295776367,75.53334045410156
312.6285095214844,250.2158966064453,48.69913101196289,80.26663970947266
