73.0,126.0,29.0,23.0
72.2562026977539,125.57150268554688,32.74239730834961,25.870325088500977
73.88923645019531,126.93653106689453,31.23021697998047,22.340778350830078
75.21375274658203,125.73200988769531,30.57225227355957,23.038393020629883
74.4310302734375,125.68421173095703,31.876989364624023,25.169933319091797
75.51270294189453,124.32621002197266,32.318241119384766,26.080549240112305
76.11158752441406,125.12858581542969,32.661651611328125,25.26553726196289
76.2558364868164,126.21495056152344,33.32704162597656,24.25262451171875
76.74855041503906,126.34412384033203,33.593955993652344,24.656789779663086
77.49152374267578,125.07080841064453,32.50923156738281,26.517805099487305
77.7769775390625,124.60869598388672,32.8036994934082,27.248523712158203
77.9694595336914,125.52864837646484,31.7563533782959,25.24513053894043
78.6602554321289,126.01002502441406,32.97398376464844,21.69394302368164
79.3633041381836,124.9364013671875,31.790067672729492,23.7477970123291
79.96015167236328,122.65526580810547,31.568012237548828,26.450603485107422
81.23213195800781,121.9058837890625,30.70330810546875,26.64002227783203
81.63322448730469,121.91876983642578,31.485546112060547,25.964488983154297
82.35464477539062,122.71495056152344,32.04914093017578,24.09323501586914
82.13569641113281,122.3839111328125,32.1963996887207,25.08026123046875
81.97273254394531,122.14187622070312,33.607582092285156,24.858369827270508
83.09147644042969,121.96525573730469,32.890377044677734,23.64788818359375
83.49104309082031,122.51457977294922,32.655494689941406,24.140914916992188
83.9001235961914,122.0291976928711,34.22676467895508,23.290912628173828
82.85370635986328,122.78955078125,33.86330795288086,24.32595443725586
84.7831802368164,123.02728271484375,31.358047485351562,22.739683151245117
85.39922332763672,122.72325134277344,32.283782958984375,26.02984046936035
86.32962799072266,123.03266906738281,33.01276779174805,25.690250396728516
88.01382446289062,121.88639831542969,31.96653938293457,27.169038772583008
89.33614349365234,122.06404113769531,31.016666412353516,26.820348739624023
88.82540893554688,122.58927154541016,32.788753509521484,26.35917854309082
89.70360565185547,121.91010284423828,31.162826538085938,27.265884399414062
89.26942443847656,121.88868713378906,33.00550842285156,25.537595748901367
89.64446258544922,121.5492935180664,32.66343688964844,26.619892120361328
89.60724639892578,123.26793670654297,33.3278694152832,24.008535385131836
89.96338653564453,122.4906005859375,33.45973587036133,24.99042320251465
90.51122283935547,122.29231262207031,32.43601608276367,27.325258255004883
90.81676483154297,122.4510269165039,33.372684478759766,25.46183967590332
91.02704620361328,122.62445068359375,32.80781173706055,25.049802780151367
90.3639907836914,123.75883483886719,33.62214279174805,24.68621063232422
90.5546875,122.57549285888672,33.879127502441406,26.331369400024414
91.39122009277344,122.45694732666016,34.04969024658203,26.299089431762695
91.0527572631836,123.99234008789062,34.58891296386719,26.820308685302734
92.00231170654297,123.51548767089844,33.8474235534668,25.90053939819336
91.87120819091797,124.77173614501953,35.1637077331543,25.76805305480957
93.07125854492188,124.29463195800781,33.58595275878906,26.326635360717773
92.72666931152344,125.24837493896484,33.6768798828125,24.67997932434082
92.9822006225586,124.5018539428711,34.87276077270508,26.947649002075195
92.44058227539062,125.56484985351562,34.12628936767578,23.845062255859375
93.30526733398438,125.9038314819336,33.66018295288086,24.53304100036621
93.06334686279297,127.39019775390625,34.65693283081055,23.63068389892578
92.81958770751953,128.3294677734375,34.57131576538086,22.909271240234375
93.07339477539062,127.06954956054688,34.182044982910156,23.76275634765625
93.17205047607422,127.20161437988281,35.04410934448242,23.93062973022461
93.57546997070312,127.4598388671875,34.912994384765625,22.660303115844727
93.8831558227539,126.64643859863281,33.8714599609375,23.92221450805664
94.64208984375,124.24594116210938,33.762115478515625,27.359622955322266
94.30252075195312,126.57171630859375,34.46595764160156,24.464506149291992
95.068603515625,126.63719940185547,34.11410140991211,24.329668045043945
97.12797546386719,127.08772277832031,32.137882232666016,22.9090576171875
96.51014709472656,125.8685531616211,32.29453659057617,24.25358009338379
96.20116424560547,126.47801208496094,33.32622146606445,23.720821380615234
98.05379486083984,126.62834167480469,30.78005599975586,23.277894973754883
96.97277069091797,126.32054138183594,32.12996292114258,23.425447463989258
97.06350708007812,126.79905700683594,32.37229537963867,22.522916793823242
97.34068298339844,125.02311706542969,31.9671573638916,25.398616790771484
97.58441162109375,125.08702850341797,33.04778289794922,23.956369400024414
98.22418975830078,123.0331039428711,31.828371047973633,26.727582931518555
98.06816101074219,126.43756103515625,33.86717987060547,21.8635196685791
98.09527587890625,126.00607299804688,32.74562072753906,22.677579879760742
97.5096435546875,125.23179626464844,34.40209197998047,24.045866012573242
98.75958251953125,125.4691390991211,33.347049713134766,23.353708267211914
98.37374114990234,125.90353393554688,34.302154541015625,22.974733352661133
99.04930114746094,125.38829040527344,33.304866790771484,23.942285537719727
99.10863494873047,125.24880981445312,32.84116744995117,23.6577091217041
99.03913879394531,125.61967468261719,33.800331115722656,23.437137603759766
99.07246398925781,126.17300415039062,34.60987091064453,22.67196273803711
99.0859146118164,125.41259002685547,34.920467376708984,23.24195671081543
99.52337646484375,125.84806823730469,33.848670959472656,23.284122467041016
100.06027221679688,126.0705795288086,33.93975067138672,23.21095848083496
100.29156494140625,125.49384307861328,33.45811080932617,23.784597396850586
99.78955841064453,125.05108642578125,34.57986068725586,24.320091247558594
100.57077026367188,125.51089477539062,34.59436798095703,22.86251449584961
100.88291931152344,126.03532409667969,33.29106903076172,22.370153427124023
100.86322021484375,125.47895812988281,32.972469329833984,23.680335998535156
100.26362609863281,125.07875061035156,34.61726760864258,24.770591735839844
101.00657653808594,124.938232421875,33.70777893066406,24.95589828491211
100.5403060913086,125.35562896728516,34.983001708984375,23.014108657836914
101.143798828125,125.87741088867188,33.267757415771484,23.097679138183594
101.0934829711914,127.52557373046875,34.21418762207031,21.841951370239258
101.14368438720703,127.13890838623047,34.342864990234375,21.489578247070312
101.34649658203125,127.38700103759766,33.324195861816406,21.42820167541504
100.79008483886719,126.24256134033203,33.72040557861328,23.35759162902832
101.05912780761719,126.15521240234375,33.882381439208984,22.42865562438965
101.1824722290039,126.39826202392578,34.17021179199219,22.92076301574707
101.19721984863281,125.51813507080078,33.862022399902344,23.493274688720703
100.69649505615234,125.51939392089844,34.84294128417969,23.46484375
101.87997436523438,124.75387573242188,33.144840240478516,24.09503173828125
101.09699249267578,126.12199401855469,34.65292739868164,22.057409286499023
100.62518310546875,125.4910659790039,34.20404815673828,23.006521224975586
100.93357849121094,125.60829162597656,35.30628204345703,22.57036590576172
101.62943267822266,125.17377471923828,34.177799224853516,24.09645652770996
101.36180114746094,126.08987426757812,34.728179931640625,22.63445281982422
102.07394409179688,125.87890625,34.631492614746094,21.682798385620117
101.3921890258789,126.35456085205078,34.85098648071289,22.320262908935547
102.10321044921875,124.81716918945312,33.96294403076172,24.759666442871094
101.91529083251953,124.41261291503906,34.87044143676758,24.82696533203125
103.2231216430664,125.06915283203125,32.96894836425781,24.044828414916992
102.18872833251953,125.35902404785156,34.77900314331055,23.9027099609375
101.74057006835938,125.9891357421875,34.78779983520508,22.839014053344727
102.89453125,125.1725082397461,34.32245635986328,23.978193283081055
102.85403442382812,124.73546600341797,33.826019287109375,24.66279411315918
102.07623291015625,125.01209259033203,34.4793586730957,23.64060401916504
101.25286102294922,125.99775695800781,36.09944534301758,22.54450035095215
102.00797271728516,124.7001953125,34.89695358276367,23.467559814453125
101.93547821044922,124.86871337890625,35.34147644042969,23.590845108032227
102.41937255859375,124.99696350097656,34.166717529296875,22.981996536254883
103.18182373046875,125.07019805908203,33.34788131713867,22.619277954101562
102.79044342041016,124.625244140625,33.8785400390625,22.993688583374023
101.70516204833984,124.80216979980469,34.29397201538086,22.375701904296875
102.25501251220703,123.43220520019531,34.09602355957031,23.868045806884766
102.2807388305664,124.42161560058594,34.23154830932617,22.209413528442383
102.45925903320312,125.57266998291016,34.64704513549805,19.834482192993164
102.90216064453125,125.95809936523438,33.150630950927734,20.76462173461914
102.65251159667969,123.95935821533203,33.48151397705078,22.57783317565918
102.5538558959961,122.2327880859375,33.55051040649414,25.30636215209961
103.84101867675781,124.48868560791016,31.28388214111328,22.004133224487305
103.31217956542969,123.91295623779297,32.823307037353516,22.437271118164062
103.43190002441406,123.5546646118164,32.27539825439453,23.870529174804688
102.6982421875,123.74710083007812,33.8408203125,22.364473342895508
103.4971694946289,124.13178253173828,33.72340393066406,23.385087966918945
103.70857238769531,124.53993225097656,33.81216812133789,22.221126556396484
103.22246551513672,124.38688659667969,33.425968170166016,23.504730224609375
103.62572479248047,123.2467269897461,31.955059051513672,24.932968139648438
103.01856994628906,124.05569458007812,33.846038818359375,24.374391555786133
103.46540832519531,124.70339965820312,33.877685546875,21.93769073486328
102.93416595458984,124.68804931640625,33.18217086791992,23.45282745361328
103.73377990722656,124.57945251464844,32.997291564941406,22.61034393310547
103.24397277832031,124.906494140625,33.203758239746094,22.804994583129883
103.18367004394531,124.45594787597656,34.180686950683594,22.992034912109375
103.17212677001953,124.49629211425781,33.92301559448242,22.019254684448242
103.58158111572266,123.93653869628906,32.41339111328125,23.58773422241211
104.21251678466797,124.99642944335938,32.41645812988281,21.3678035736084
105.03128051757812,124.2845458984375,31.43507194519043,21.40273666381836
105.03175354003906,123.60440063476562,31.231224060058594,22.487613677978516
104.73445892333984,124.41236877441406,31.592905044555664,21.613798141479492
104.19312286376953,124.0121841430664,32.36725997924805,22.599925994873047
103.94478607177734,122.90866088867188,32.07182312011719,23.2999324798584
102.57950592041016,124.52637481689453,34.111026763916016,22.49552345275879
103.52653503417969,124.39312744140625,33.328819274902344,21.050172805786133
104.25674438476562,124.02079010009766,31.99477767944336,22.114059448242188
103.40968322753906,124.36149597167969,33.06626892089844,21.72827911376953
104.53688049316406,124.14408874511719,32.507564544677734,22.366546630859375
104.01973724365234,124.7740707397461,33.254364013671875,21.069015502929688
104.32453155517578,124.46819305419922,33.22391128540039,21.52168846130371
104.89161682128906,123.6235580444336,32.173500061035156,22.535322189331055
104.39364624023438,124.05397033691406,32.006160736083984,21.885072708129883
104.5674057006836,124.17922973632812,31.27678871154785,21.841224670410156
104.1419677734375,125.32271575927734,32.06035614013672,20.108688354492188
104.434326171875,123.86820220947266,31.740821838378906,22.485641479492188
104.21977233886719,125.3743896484375,31.234973907470703,21.046754837036133
105.0150375366211,122.87883758544922,30.51616859436035,23.82718849182129
104.3470458984375,123.30480194091797,31.434917449951172,24.481159210205078
103.67306518554688,124.10079956054688,32.77223587036133,22.611446380615234
104.06365203857422,122.59390258789062,32.62510299682617,25.601829528808594
103.84524536132812,123.05386352539062,32.1339111328125,24.969640731811523
104.18063354492188,124.78385925292969,32.335113525390625,21.96868896484375
104.29289245605469,123.19215393066406,31.765525817871094,23.804933547973633
103.65937805175781,124.23295593261719,32.66401290893555,23.428890228271484
103.7784423828125,124.28234100341797,33.766944885253906,23.545948028564453
104.52417755126953,123.75755310058594,31.813478469848633,23.369482040405273
104.2613525390625,123.79559326171875,32.96989059448242,23.565210342407227
104.43059539794922,125.30931854248047,32.47274398803711,21.403766632080078
105.31278991699219,123.98497009277344,31.820053100585938,21.597387313842773
105.01615905761719,123.34117126464844,31.396324157714844,23.7177677154541
105.05718994140625,122.91051483154297,31.225107192993164,24.36341667175293
104.0407943725586,123.56884002685547,33.7539176940918,23.314315795898438
104.4304428100586,123.27961730957031,33.21006393432617,23.151674270629883
104.19114685058594,125.19755554199219,33.065879821777344,22.13857650756836
104.80108642578125,123.53887176513672,32.072017669677734,22.79560661315918
104.47456359863281,122.93658447265625,32.55330276489258,24.357357025146484
105.70800018310547,124.4905776977539,31.50206184387207,21.028059005737305
104.50369262695312,123.7503890991211,32.49261474609375,23.164112091064453
104.33932495117188,124.33856964111328,32.871368408203125,22.35041618347168
105.57707977294922,123.67231750488281,31.640544891357422,23.034690856933594
103.05455780029297,124.9785385131836,34.5733642578125,22.41130256652832
105.62665557861328,125.67311096191406,32.77262496948242,21.648006439208984
104.67683410644531,124.64098358154297,33.25296401977539,23.02693748474121
103.38890075683594,125.60006713867188,34.92158126831055,22.104646682739258
104.13365173339844,126.14249420166016,34.08781814575195,22.73079490661621
104.49851989746094,125.42340850830078,34.82292175292969,23.401689529418945
103.59518432617188,123.5337142944336,35.653236389160156,25.426136016845703
100.97201538085938,126.75701904296875,39.223854064941406,21.04987144470215
103.89967346191406,127.05491638183594,36.433685302734375,20.465734481811523
104.00855255126953,125.76222229003906,35.054752349853516,23.014280319213867
104.3372802734375,126.34889221191406,35.630210876464844,22.07757568359375
101.68560791015625,125.06633758544922,39.01080322265625,23.188610076904297
102.39608764648438,123.82183837890625,38.215415954589844,24.1242733001709
102.25382995605469,124.9384536743164,39.367591857910156,22.373796463012695
100.6500015258789,123.97831726074219,41.42997741699219,23.8346004486084
100.23065948486328,125.3298568725586,44.24508285522461,20.606884002685547
100.00296020507812,123.61981964111328,42.91073989868164,24.019855499267578
101.48641204833984,125.07771301269531,45.19038391113281,21.7438907623291
104.73904418945312,124.67267608642578,37.95024108886719,21.550764083862305
107.06687927246094,124.60102081298828,34.03553009033203,22.297502517700195
107.96741485595703,125.39505767822266,33.786590576171875,20.249553680419922
108.80152893066406,123.48407745361328,32.23874282836914,23.267709732055664
108.53166198730469,124.53874206542969,32.727901458740234,22.33823013305664
109.58448791503906,124.09906005859375,31.77682113647461,22.55492401123047
109.13528442382812,124.85160064697266,32.45183563232422,21.702713012695312
109.28506469726562,125.28678894042969,31.800687789916992,20.04364585876465
109.56747436523438,123.95567321777344,31.891664505004883,22.126365661621094
110.2091064453125,124.93212127685547,31.545608520507812,21.784894943237305
110.16327667236328,124.77339935302734,31.35651969909668,21.872817993164062
110.13789367675781,124.16888427734375,32.3261604309082,23.001920700073242
110.70919799804688,124.38977813720703,32.12812042236328,22.67671012878418
110.28511047363281,124.53096771240234,33.37886428833008,23.314891815185547
110.33137512207031,125.68185424804688,33.78854751586914,22.635066986083984
110.76041412353516,126.56810760498047,32.89645767211914,20.91929817199707
110.66210174560547,124.62724304199219,33.68156814575195,23.730899810791016
110.61127471923828,123.11114501953125,34.30708694458008,25.86001968383789
111.54377746582031,124.21338653564453,33.81635284423828,24.525157928466797
110.10736083984375,126.24251556396484,37.92789077758789,22.826156616210938
111.31523132324219,126.53759765625,35.98235321044922,21.1279296875
110.93196868896484,124.66363525390625,36.03883743286133,24.095943450927734
111.50675201416016,123.08800506591797,35.38883590698242,26.628957748413086
110.56391906738281,127.1094741821289,35.877220153808594,21.921100616455078
110.87004089355469,125.64839172363281,38.166751861572266,22.695898056030273
111.46328735351562,123.36366271972656,39.373477935791016,23.96135902404785
111.50919342041016,123.15423583984375,38.51152038574219,24.647613525390625
112.21057891845703,122.6470718383789,38.7425422668457,24.483598709106445
112.51115417480469,122.48824310302734,38.34166717529297,24.782093048095703
112.91650390625,123.43669891357422,37.85468292236328,22.352766036987305
113.22969818115234,122.30108642578125,40.01655578613281,22.57839584350586
114.36353302001953,123.04369354248047,39.08449172973633,23.152812957763672
113.8443603515625,121.72171783447266,41.16326141357422,24.359203338623047
113.7410659790039,123.53314208984375,39.94932556152344,22.937828063964844
113.7257080078125,122.52523040771484,40.567508697509766,24.210371017456055
114.40837097167969,123.50921630859375,41.11121368408203,24.072843551635742
115.08477020263672,124.46517944335938,39.57378005981445,22.125370025634766
117.60359954833984,123.29973602294922,37.19108963012695,23.557872772216797
116.48793029785156,123.58198547363281,38.226070404052734,23.243436813354492
116.17341613769531,124.91083526611328,39.033485412597656,22.010818481445312
116.93533325195312,125.95940399169922,38.417598724365234,20.371021270751953
117.18104553222656,125.47622680664062,38.47577667236328,22.1752872467041
117.45864868164062,124.30287170410156,38.23855209350586,23.8420467376709
117.41104125976562,126.01091766357422,38.37328338623047,20.93497657775879
118.58562469482422,123.02477264404297,38.66221237182617,23.54829978942871
118.82794952392578,123.85709381103516,37.00880432128906,23.494977951049805
119.3418960571289,122.4155502319336,36.5088005065918,24.898149490356445
118.89258575439453,123.62319946289062,37.3180046081543,23.5871524810791
120.39053344726562,123.2125473022461,35.773433685302734,23.930923461914062
121.23851013183594,123.60993194580078,35.54492950439453,23.059518814086914
121.124755859375,122.39866638183594,36.124595642089844,24.915035247802734
120.67679595947266,122.74369049072266,37.91701126098633,23.383319854736328
123.14383697509766,123.0481948852539,35.45701217651367,22.759023666381836
123.53793334960938,122.45573425292969,35.142539978027344,23.458005905151367
123.8064956665039,122.43630981445312,35.77537536621094,24.027132034301758
123.8497314453125,122.18772888183594,36.60950469970703,24.45244598388672
124.09036254882812,123.60240173339844,35.910221099853516,22.36498260498047
125.33213806152344,123.61408233642578,36.51030731201172,22.705703735351562
124.48560333251953,123.59098052978516,36.99766159057617,21.719106674194336
123.89115142822266,123.50328826904297,39.09974670410156,22.472667694091797
124.886962890625,123.66642761230469,37.67046356201172,21.77249526977539
125.6703872680664,122.93220520019531,37.28489303588867,23.05478286743164
124.50375366210938,123.3431167602539,39.70740509033203,23.185928344726562
126.36511993408203,122.91986846923828,38.57612991333008,23.30271339416504
124.31008911132812,121.35079956054688,42.19086456298828,25.780214309692383
124.18608856201172,122.72473907470703,40.86134719848633,23.816394805908203
124.7789306640625,124.1143569946289,42.97614288330078,21.95256233215332
123.99642944335938,123.87194061279297,44.23373794555664,22.653310775756836
122.98054504394531,123.11591339111328,45.110958099365234,23.627119064331055
121.9982681274414,122.97795104980469,46.43772506713867,23.408626556396484
123.13641357421875,123.2332763671875,46.79741668701172,22.410682678222656
123.20079040527344,123.66990661621094,47.58635711669922,21.593719482421875
123.08344268798828,122.90374755859375,48.91313171386719,21.368860244750977
122.59886169433594,121.8682632446289,49.728004455566406,22.486713409423828
120.14952087402344,119.49463653564453,53.44580841064453,24.061477661132812
120.46072387695312,119.53685760498047,54.981361389160156,23.747360229492188
119.57929992675781,118.93373107910156,58.66650390625,23.877784729003906
120.61000061035156,118.07530212402344,60.779109954833984,23.88726234436035
121.54541015625,117.7522964477539,58.25389862060547,24.35499382019043
121.96771240234375,117.72024536132812,59.50833511352539,23.683378219604492
120.36023712158203,117.20887756347656,63.21187210083008,25.545711517333984
120.3751220703125,117.35391998291016,62.98138427734375,24.92194938659668
118.41671752929688,118.3161849975586,63.787837982177734,24.235179901123047
136.3275146484375,115.56265258789062,66.23747253417969,29.911319732666016
118.09260559082031,120.53450012207031,66.9538803100586,23.11661148071289
120.88338470458984,119.3187484741211,62.91141891479492,24.11667823791504
119.3765869140625,118.94349670410156,64.52178955078125,24.628013610839844
136.44387817382812,118.36319732666016,59.11540985107422,25.985586166381836
130.44960021972656,117.86560821533203,55.60142135620117,26.16431999206543
135.2729034423828,118.41830444335938,48.41957473754883,25.069034576416016
135.97607421875,118.08489227294922,46.99983215332031,25.530649185180664
134.96023559570312,118.76785278320312,48.280845642089844,24.44094467163086
134.03370666503906,118.5147705078125,48.55477523803711,23.680173873901367
134.03939819335938,118.3505630493164,49.415626525878906,24.333322525024414
133.55606079101562,118.51227569580078,49.41373825073242,23.758739471435547
132.53366088867188,118.79000854492188,51.130958557128906,23.453983306884766
142.63912963867188,117.86707305908203,41.207275390625,24.340259552001953
144.5043182373047,118.01495361328125,38.117191314697266,25.96027374267578
147.77462768554688,116.89337158203125,35.369712829589844,27.36734390258789
147.94544982910156,119.03416442871094,34.760379791259766,23.20242691040039
147.6112518310547,118.50543212890625,35.83111572265625,25.26446533203125
147.31654357910156,118.1340560913086,36.1611328125,22.866804122924805
147.57870483398438,118.2344741821289,34.94890213012695,24.486337661743164
147.92257690429688,117.52920532226562,36.10662841796875,25.884029388427734
145.52120971679688,119.40364074707031,38.32891082763672,24.05154037475586
147.46026611328125,118.11934661865234,36.597713470458984,27.013473510742188
147.2803497314453,120.14290618896484,36.722679138183594,25.17717170715332
149.93771362304688,119.76943969726562,33.04283142089844,27.378076553344727
149.12901306152344,119.61206817626953,34.423885345458984,27.830488204956055
151.4617462158203,121.37065124511719,32.6154899597168,26.861143112182617
148.16317749023438,121.4374771118164,33.94744110107422,27.379714965820312
149.11439514160156,119.61005401611328,32.975826263427734,30.801620483398438
150.5778350830078,122.57490539550781,31.022472381591797,26.730953216552734
148.8187255859375,122.87074279785156,33.38383483886719,26.90740966796875
148.0345916748047,121.7998046875,34.044002532958984,29.325286865234375
147.60809326171875,121.98941802978516,34.23783493041992,28.770099639892578
146.90756225585938,121.12350463867188,37.38444137573242,30.81833267211914
146.68490600585938,118.83396911621094,44.219383239746094,34.20880126953125
144.90167236328125,119.71575164794922,43.0402946472168,31.261699676513672
145.36810302734375,120.68121337890625,43.41803741455078,30.63144302368164
145.07522583007812,119.13408660888672,44.68391036987305,31.12531852722168
143.92459106445312,118.766845703125,43.33985900878906,30.045894622802734
142.32875061035156,117.70584869384766,44.682098388671875,31.40181541442871
145.96206665039062,115.25244140625,39.84528732299805,34.879608154296875
145.27378845214844,114.75341796875,37.331443786621094,33.67157745361328
143.82086181640625,116.16226196289062,41.187923431396484,31.498414993286133
143.3660125732422,116.97793579101562,40.18376922607422,30.82693862915039
141.94461059570312,117.11486053466797,40.307472229003906,29.64168357849121
143.11109924316406,114.33980560302734,37.325618743896484,33.42881393432617
142.9244384765625,115.11665344238281,35.93967056274414,32.089332580566406
140.62857055664062,116.94593048095703,36.31732940673828,30.24742317199707
140.63633728027344,118.84097290039062,34.2916374206543,28.0976505279541
139.82655334472656,117.68421936035156,34.65158462524414,30.130861282348633
139.20347595214844,119.63448333740234,33.6435432434082,28.62729835510254
138.0789337158203,117.92933654785156,36.349700927734375,32.08810043334961
136.14254760742188,119.52758026123047,35.748634338378906,30.53648567199707
136.63992309570312,120.0059814453125,34.950679779052734,30.8558349609375
134.8413848876953,120.87577819824219,35.21852493286133,30.216920852661133
134.99179077148438,120.37886810302734,34.62315368652344,31.260358810424805
133.10577392578125,120.86918640136719,34.66897201538086,31.048768997192383
133.0866241455078,122.2752456665039,34.314212799072266,29.858198165893555
132.02963256835938,122.57028198242188,34.65037536621094,29.585081100463867
130.44967651367188,120.96659088134766,34.430763244628906,33.1546516418457
131.24002075195312,125.6795654296875,32.58058166503906,27.754417419433594
129.4989471435547,127.34361267089844,33.743003845214844,26.93686294555664
127.27864074707031,125.6761474609375,34.987892150878906,28.906003952026367
126.39028930664062,125.17189025878906,34.16205596923828,29.35103988647461
125.23994445800781,125.65155029296875,35.63062286376953,30.06853485107422
124.07673645019531,124.98562622070312,35.39901351928711,31.49694061279297
122.76421356201172,124.78807067871094,35.75355911254883,31.261024475097656
121.88601684570312,126.26009368896484,35.37084197998047,30.534564971923828
121.12264251708984,125.28097534179688,35.33284378051758,31.7747802734375
120.46256256103516,124.99809265136719,34.84247970581055,32.428096771240234
118.72023010253906,124.47755432128906,35.409141540527344,32.908451080322266
117.6661376953125,124.89045715332031,36.041194915771484,32.32329559326172
117.40641784667969,127.0143814086914,33.99700164794922,29.40275764465332
115.34886169433594,127.05812072753906,35.234901428222656,29.994102478027344
113.98440551757812,125.83273315429688,36.80602264404297,31.357088088989258
112.06108093261719,123.99842071533203,37.23919677734375,33.8745002746582
110.79219818115234,124.06914520263672,38.53077697753906,33.2708854675293
111.31098937988281,124.10539245605469,37.10457992553711,32.668609619140625
109.38349914550781,122.67152404785156,36.31128692626953,34.803619384765625
110.1455078125,125.74821472167969,35.18897247314453,31.06783676147461
107.61443328857422,124.22465515136719,36.82246780395508,32.109657287597656
105.94078063964844,125.03990936279297,37.028106689453125,30.88802146911621
104.51903533935547,124.04993438720703,37.99299240112305,32.71104431152344
104.27200317382812,123.01805877685547,37.354454040527344,33.44081497192383
102.06193542480469,122.7213363647461,37.41968536376953,34.56013107299805
101.1015625,122.92675018310547,36.87336730957031,34.96467208862305
103.09546661376953,123.85823059082031,33.36825180053711,33.527381896972656
100.16276550292969,122.6092758178711,35.78497314453125,35.7593879699707
97.44351959228516,127.21312713623047,39.87361526489258,31.530776977539062
98.05386352539062,126.483154296875,39.34739303588867,32.5760498046875
97.52214050292969,126.43675231933594,37.23069763183594,32.86166763305664
91.11714935302734,123.86065673828125,42.331939697265625,35.679080963134766
91.69043731689453,125.60747528076172,41.64896774291992,34.58445739746094
89.69261169433594,125.670166015625,40.116371154785156,34.869529724121094
87.39158630371094,125.38911437988281,40.35506820678711,34.682247161865234
85.47811889648438,124.99540710449219,40.56919860839844,34.583194732666016
84.05742645263672,124.40648651123047,39.19364929199219,35.2380256652832
82.74165344238281,124.03952026367188,39.97404479980469,35.92190933227539
80.78211212158203,123.21246337890625,41.05246353149414,37.231021881103516
81.50641632080078,122.66749572753906,37.63566207885742,38.1932373046875
78.31356048583984,122.44083404541016,40.892578125,39.01362228393555
77.11911010742188,123.84602355957031,41.54790496826172,37.44219970703125
75.02906036376953,124.48583221435547,41.49666976928711,37.09526443481445
73.2537841796875,122.84661865234375,43.262603759765625,40.37285614013672
72.42105865478516,122.37060546875,43.798828125,41.06609344482422
71.8349609375,124.5487060546875,43.40027618408203,38.424888610839844
70.47366333007812,125.22272491455078,44.0128173828125,37.30717849731445
70.01455688476562,123.71435546875,42.769195556640625,39.77371597290039
