143.0,125.0,30.0,54.0
141.7307891845703,129.48648071289062,32.31195831298828,47.10390853881836
143.31393432617188,131.2058868408203,30.339635848999023,45.13462448120117
142.46023559570312,129.89480590820312,31.231307983398438,47.22856140136719
142.18585205078125,131.55435180664062,31.686485290527344,45.51042175292969
141.81411743164062,132.6654510498047,32.219276428222656,44.66582489013672
142.00738525390625,130.64511108398438,32.193973541259766,48.949913024902344
143.28929138183594,131.66773986816406,30.784626007080078,48.408912658691406
141.95162963867188,130.54615783691406,32.12040710449219,49.663108825683594
143.49635314941406,131.82431030273438,30.357826232910156,47.75650405883789
141.98431396484375,130.9877166748047,32.2352294921875,49.9110221862793
143.27212524414062,131.53323364257812,30.99730110168457,47.92245101928711
142.60353088378906,133.9602813720703,30.682004928588867,44.69497299194336
142.1886444091797,133.2805938720703,31.651350021362305,45.139671325683594
143.05482482910156,132.15859985351562,30.937023162841797,46.924442291259766
141.78628540039062,130.9685821533203,32.00938415527344,47.90857696533203
140.67999267578125,127.30928039550781,33.19489288330078,51.736976623535156
139.75173950195312,129.32998657226562,35.22379684448242,49.28386306762695
139.0765838623047,130.19635009765625,36.38785171508789,48.254634857177734
137.73086547851562,128.58226013183594,38.69418716430664,53.314491271972656
137.74745178222656,126.76812744140625,40.2551383972168,57.89177703857422
137.53753662109375,128.97389221191406,40.30101776123047,57.2780876159668
136.376708984375,129.51229858398438,41.547813415527344,58.74102020263672
137.6905059814453,129.78530883789062,42.37635040283203,57.20349884033203
136.94525146484375,129.47808837890625,42.74123001098633,60.56734848022461
135.71676635742188,128.563232421875,43.258567810058594,62.348636627197266
134.28689575195312,127.80764770507812,43.6237907409668,65.25806427001953
134.447265625,127.3225326538086,45.70454406738281,66.87092590332031
133.59100341796875,125.84933471679688,47.62757873535156,66.27078247070312
134.582275390625,130.98699951171875,48.72495651245117,62.508201599121094
133.2996826171875,130.71060180664062,50.36925506591797,64.8893051147461
135.98056030273438,132.88916015625,47.70127868652344,65.14844512939453
135.2841796875,129.90481567382812,47.2204475402832,70.9696044921875
135.38485717773438,127.73025512695312,49.5287971496582,73.87653350830078
133.77027893066406,127.17863464355469,49.77095413208008,74.50708770751953
133.60926818847656,125.5939712524414,49.89563751220703,75.97181701660156
133.49755859375,128.92445373535156,49.22414779663086,71.18612670898438
133.75747680664062,129.5534210205078,46.40876770019531,70.63445281982422
133.81080627441406,131.82778930664062,44.309146881103516,67.12001037597656
132.69003295898438,133.93960571289062,42.684959411621094,62.03440475463867
131.13082885742188,135.3755340576172,42.74125671386719,60.374168395996094
130.0452117919922,136.2218017578125,42.902565002441406,57.83124923706055
130.1383056640625,134.6360626220703,40.45817184448242,56.97268295288086
127.90786743164062,132.85577392578125,41.54169464111328,59.6314811706543
127.36909484863281,129.59002685546875,39.99645233154297,58.43164825439453
128.31771850585938,128.1087646484375,37.12760543823242,60.52915573120117
129.45021057128906,128.42974853515625,37.439205169677734,56.66556167602539
130.39849853515625,129.11648559570312,39.230098724365234,57.06993103027344
133.95956420898438,129.81436157226562,39.17598342895508,54.22046661376953
137.99551391601562,130.8282470703125,35.890811920166016,52.192359924316406
141.3475341796875,133.59423828125,35.81452560424805,48.21959686279297
144.84860229492188,132.2659912109375,38.173622131347656,47.85670852661133
148.93093872070312,132.306396484375,37.12882614135742,49.507057189941406
151.05410766601562,132.05914306640625,34.36237335205078,57.612552642822266
144.95672607421875,134.1018829345703,38.684669494628906,54.63222885131836
144.34674072265625,134.84715270996094,36.0627555847168,54.71632766723633
143.00518798828125,134.87940979003906,35.68431091308594,53.38234329223633
141.7707977294922,135.45103454589844,36.27926254272461,53.09775924682617
138.17491149902344,135.7493133544922,38.990177154541016,59.300052642822266
134.377685546875,135.3150177001953,40.938533782958984,63.936607360839844
136.8103485107422,138.503662109375,35.91118621826172,62.86297607421875
138.62893676757812,139.73326110839844,34.942989349365234,64.80239868164062
137.7938995361328,140.31692504882812,38.099849700927734,64.71284484863281
137.71466064453125,142.10272216796875,41.61595153808594,59.34259796142578
136.95668029785156,139.98672485351562,42.17524337768555,66.83357238769531
134.6756591796875,135.40106201171875,45.27338790893555,66.93890380859375
132.71084594726562,133.04177856445312,47.14644241333008,75.85517883300781
130.31300354003906,132.992431640625,47.99077606201172,77.19490051269531
128.13836669921875,127.36213684082031,49.96629333496094,82.5472412109375
131.19821166992188,111.88338470458984,51.202613830566406,94.66545104980469
131.1291046142578,109.78782653808594,56.986026763916016,96.2448959350586
131.85629272460938,92.2107925415039,60.66503143310547,97.73310852050781
130.95372009277344,86.0380859375,62.572235107421875,91.92525482177734
131.5468292236328,84.50444030761719,62.34676742553711,85.1920394897461
130.26300048828125,88.05804443359375,62.769134521484375,73.4094009399414
129.650146484375,85.0107650756836,61.45708084106445,69.04937744140625
117.38509368896484,83.78910827636719,72.32780456542969,68.46155548095703
94.4491195678711,85.52161407470703,81.82136535644531,79.96510314941406
84.16775512695312,97.11990356445312,83.72045135498047,89.90470123291016
82.20323944091797,101.04081726074219,74.56880187988281,100.3838119506836
81.96076202392578,101.28569030761719,69.30397033691406,119.34935760498047
79.0964126586914,126.13851928710938,72.60873413085938,112.39651489257812
80.46710205078125,138.3013153076172,80.32573699951172,108.88776397705078
80.53262329101562,145.47525024414062,93.94700622558594,102.7770767211914
84.96916198730469,153.918701171875,101.59832000732422,93.3851089477539
78.40382385253906,90.02880859375,105.75347137451172,81.40375518798828
115.3210678100586,172.14059448242188,95.60136413574219,72.96728515625
140.827880859375,170.29440307617188,68.72335815429688,77.4703369140625
148.70640563964844,176.89996337890625,61.3788948059082,67.88175964355469
156.69903564453125,176.1365966796875,53.359458923339844,65.91641998291016
157.52369689941406,159.3280487060547,49.72498321533203,83.32241821289062
155.00497436523438,146.09588623046875,49.132415771484375,89.97914123535156
152.958251953125,136.60882568359375,50.08135223388672,93.14517211914062
147.4298553466797,128.80050659179688,50.25566482543945,84.46437072753906
141.3866424560547,120.95881652832031,53.11896514892578,93.5383071899414
134.4105682373047,116.59356689453125,51.92609405517578,94.26773834228516
127.65169525146484,109.9111328125,47.94889831542969,99.74201202392578
118.40541076660156,101.831787109375,54.301761627197266,110.4177017211914
105.85273742675781,102.98824310302734,63.41107177734375,111.36347961425781
107.42770385742188,112.32597351074219,50.26514434814453,95.57683563232422
98.88529205322266,122.79318237304688,52.43060302734375,84.8093032836914
95.61444854736328,129.368896484375,57.34958267211914,78.02037811279297
110.01146697998047,130.45266723632812,49.10002136230469,70.54850769042969
118.55741882324219,133.16195678710938,45.70317840576172,67.71408081054688
122.58651733398438,133.62391662597656,47.61888885498047,67.26415252685547
125.01188659667969,132.41494750976562,51.822147369384766,68.06295776367188
136.00558471679688,127.28240966796875,44.61045837402344,69.93670654296875
142.00631713867188,126.22895812988281,39.01682662963867,71.8785171508789
143.6377716064453,122.57241821289062,42.443058013916016,64.01602172851562
148.0525665283203,121.28526306152344,38.099853515625,61.933998107910156
151.22059631347656,117.07538604736328,37.172367095947266,61.43318557739258
149.67462158203125,118.2824935913086,36.842899322509766,59.86735534667969
149.36936950683594,116.93610382080078,34.738861083984375,56.2297248840332
146.18406677246094,118.32213592529297,35.236053466796875,51.53895568847656
142.58456420898438,116.60845184326172,33.905948638916016,51.96305847167969
135.5028839111328,119.6315689086914,37.52739334106445,52.5084342956543
132.84536743164062,119.42323303222656,35.838863372802734,55.43729019165039
131.47772216796875,120.33951568603516,34.98835754394531,57.44733810424805
131.46461486816406,120.92115020751953,33.630096435546875,64.90428161621094
131.116943359375,126.64334869384766,34.89946365356445,57.56703186035156
127.78711700439453,129.02120971679688,34.98930358886719,60.99408721923828
129.75340270996094,130.24598693847656,40.74462127685547,57.600494384765625
131.7495574951172,122.1997299194336,40.6510009765625,63.90520095825195
136.10008239746094,128.80245971679688,35.359310150146484,55.237892150878906
138.33853149414062,129.06910705566406,31.73117446899414,54.52886962890625
136.02273559570312,127.90278625488281,31.992122650146484,55.501651763916016
134.22213745117188,127.15697479248047,32.444210052490234,53.38010787963867
134.19200134277344,122.60362243652344,30.975095748901367,54.969078063964844
133.58348083496094,121.69879150390625,30.601947784423828,51.4544677734375
134.50828552246094,121.90243530273438,28.983409881591797,49.574119567871094
134.14447021484375,122.56312561035156,28.309839248657227,48.131649017333984
133.21435546875,122.24649810791016,29.879301071166992,48.4279670715332
130.96998596191406,121.05680847167969,35.06536865234375,47.89010238647461
127.20208740234375,119.79217529296875,44.17833709716797,50.698997497558594
125.40142059326172,113.74552154541016,47.37562561035156,57.74351501464844
128.5975799560547,107.75337982177734,50.3485107421875,59.6048698425293
110.99386596679688,109.9911117553711,47.82693862915039,63.38578414916992
126.03840637207031,109.28416442871094,48.183799743652344,55.00186538696289
126.2844467163086,108.81869506835938,48.27043151855469,56.445743560791016
128.00390625,103.40159606933594,45.83448791503906,65.07918548583984
126.83014678955078,97.85508728027344,46.06290817260742,69.1893081665039
129.8826446533203,94.79725646972656,39.31619644165039,75.48856353759766
130.5564422607422,93.07395935058594,38.3015022277832,77.34357452392578
128.7936248779297,97.15003967285156,41.980709075927734,74.12619018554688
129.55935668945312,92.96893310546875,38.471153259277344,78.75170135498047
129.17364501953125,93.74019622802734,31.12897300720215,80.66154479980469
134.71165466308594,89.8551254272461,42.520294189453125,85.41377258300781
131.5160675048828,77.4713134765625,57.482173919677734,90.86785125732422
123.20049285888672,77.10392761230469,68.57951354980469,92.20124053955078
122.17591857910156,68.51676940917969,74.1958236694336,95.22933197021484
119.42753601074219,63.9438591003418,76.42777252197266,95.46192169189453
119.69760131835938,65.5325927734375,82.33898162841797,90.76065826416016
126.52399444580078,71.71869659423828,78.49205017089844,84.571533203125
134.8218231201172,73.12982177734375,73.58979034423828,82.12358856201172
134.805419921875,80.62672424316406,84.34613037109375,75.70309448242188
86.13041687011719,95.17509460449219,90.74446868896484,64.86910247802734
80.44378662109375,98.47533416748047,96.93468475341797,59.54977035522461
81.58149719238281,95.71944427490234,82.04707336425781,65.89628601074219
95.3412857055664,98.54114532470703,83.39994812011719,66.59382629394531
82.86605834960938,96.1785659790039,87.61150360107422,71.83006286621094
83.90831756591797,97.98689270019531,96.25172424316406,68.71459197998047
86.78981018066406,98.02371215820312,101.0592269897461,69.76373291015625
83.5206298828125,100.21956634521484,108.09335327148438,66.49229431152344
82.80775451660156,97.9063949584961,109.62820434570312,73.13667297363281
82.33082580566406,98.4932861328125,109.34481048583984,75.21410369873047
79.7533950805664,100.10740661621094,113.48274230957031,77.10733795166016
78.37739562988281,104.87638854980469,112.76785278320312,70.93119049072266
79.06781768798828,103.12606048583984,114.87870788574219,77.69371032714844
78.74229431152344,104.71653747558594,114.87325286865234,75.56241607666016
78.29156494140625,106.78475952148438,115.86029815673828,76.5150146484375
76.6923599243164,108.67362976074219,116.82423400878906,78.74301147460938
77.72325134277344,113.68841552734375,112.32012176513672,75.34527587890625
76.05583190917969,112.40826416015625,114.07659149169922,77.47869873046875
75.6382064819336,113.19007873535156,112.72224426269531,77.8301010131836
75.36320495605469,108.31486511230469,112.79019927978516,85.47692108154297
75.07017517089844,111.21409606933594,111.78012084960938,87.30410766601562
76.87374877929688,105.88683319091797,111.38298797607422,97.99632263183594
74.35957336425781,111.43000793457031,110.8368911743164,98.13138580322266
76.83189392089844,105.82803344726562,116.78362274169922,105.4963607788086
78.83151245117188,104.31277465820312,111.34539794921875,105.470703125
74.59745025634766,102.841796875,125.32215881347656,104.3394546508789
72.59044647216797,100.50473022460938,134.64772033691406,109.52786254882812
70.21002960205078,100.50066375732422,160.9642791748047,100.16551208496094
73.07722473144531,105.26924133300781,147.67498779296875,85.54651641845703
70.65864562988281,104.87370300292969,158.11798095703125,97.0384292602539
72.10266876220703,102.25753784179688,146.6632843017578,105.727783203125
73.22034454345703,97.92851257324219,130.3074188232422,141.08538818359375
71.44509887695312,98.47340393066406,139.1131591796875,136.38497924804688
74.92987060546875,95.53640747070312,128.66940307617188,144.67581176757812
71.69859313964844,96.38450622558594,147.52407836914062,141.94332885742188
70.50043487548828,98.39151763916016,148.55442810058594,139.96949768066406
68.98072814941406,96.78459167480469,159.28121948242188,138.54898071289062
68.0220947265625,94.08052825927734,149.37783813476562,145.94444274902344
70.2096176147461,96.03768157958984,151.3592987060547,143.79200744628906
65.08521270751953,98.04308319091797,163.2105255126953,141.20533752441406
59.522056579589844,100.59162139892578,173.15660095214844,143.79237365722656
50.73853302001953,95.16112518310547,175.5102996826172,151.23170471191406
53.98078918457031,88.55756378173828,168.89785766601562,158.02073669433594
44.92790222167969,84.8505630493164,149.45361328125,163.57164001464844
73.98786163330078,87.22631072998047,117.53834533691406,159.75587463378906
126.63867950439453,99.80208587646484,128.6046600341797,146.1974639892578
68.5840072631836,87.20855712890625,130.47853088378906,161.22833251953125
58.73394775390625,92.15143585205078,136.9071807861328,148.6701202392578
103.22264099121094,100.19940185546875,147.82931518554688,139.38818359375
124.59760284423828,111.88240051269531,149.7064971923828,120.11749267578125
93.06906127929688,108.97086334228516,113.85240936279297,127.43830871582031
156.74713134765625,109.24207305908203,107.77678680419922,124.41075134277344
157.44395446777344,116.97708892822266,109.30944061279297,110.25343322753906
148.8780059814453,102.96821594238281,121.19784545898438,122.51526641845703
147.78311157226562,95.14976501464844,137.1650848388672,124.94549560546875
53.85649871826172,93.32982635498047,143.4529266357422,143.9208526611328
64.8920669555664,92.18885040283203,142.10475158691406,146.3970489501953
49.44084167480469,95.08133697509766,142.82659912109375,146.5342559814453
146.16888427734375,65.8242416381836,145.28236389160156,140.56495666503906
54.217857360839844,97.96875762939453,135.06552124023438,141.63377380371094
54.82220458984375,98.95148468017578,137.47998046875,136.31797790527344
58.319366455078125,96.69477081298828,132.1089630126953,148.0793914794922
56.83068084716797,98.15422058105469,128.4964141845703,145.3387451171875
102.5540542602539,65.34991455078125,130.9457550048828,148.968017578125
111.3614730834961,38.16355895996094,150.7923126220703,176.34107971191406
60.209495544433594,88.41931915283203,149.7179412841797,156.04676818847656
61.47508239746094,105.50666046142578,162.14080810546875,140.8748321533203
55.85967254638672,126.09215545654297,158.3658905029297,116.24876403808594
46.067298889160156,89.1112060546875,153.42088317871094,136.9254150390625
56.589500427246094,117.4592056274414,129.89134216308594,128.87562561035156
17.787673950195312,58.471038818359375,147.63760375976562,109.18963623046875
15.694320678710938,60.48484420776367,127.40769958496094,104.2590103149414
18.21151351928711,77.85052490234375,111.98407745361328,88.11028289794922
14.805946350097656,92.74343872070312,100.3988037109375,78.18243408203125
16.905906677246094,59.99066925048828,100.39498901367188,87.65299987792969
20.100234985351562,88.09370422363281,91.2332763671875,90.77621459960938
19.810043334960938,90.44551849365234,93.30854797363281,93.10627746582031
19.61185073852539,92.34300231933594,94.79096221923828,92.74073028564453
45.783206939697266,82.83305358886719,77.3752212524414,103.00933074951172
53.47838592529297,80.70360565185547,70.63224792480469,105.61213684082031
58.797393798828125,81.00664520263672,70.44049072265625,98.98243713378906
66.33155059814453,91.19450378417969,61.60726547241211,91.82901763916016
70.89718627929688,86.10319519042969,63.887020111083984,91.30322265625
73.4073486328125,86.6098861694336,63.109745025634766,91.25480651855469
76.72929382324219,89.2671890258789,61.87147521972656,88.10755920410156
75.24360656738281,94.18449401855469,68.8778305053711,82.62435150146484
84.27308654785156,97.8580093383789,62.151432037353516,80.53273010253906
91.17070007324219,100.44401550292969,57.52727508544922,82.98934936523438
99.93779754638672,106.35185241699219,51.2795295715332,78.31244659423828
106.45500946044922,107.39866638183594,46.80727005004883,81.90817260742188
111.09378051757812,112.54959869384766,42.995758056640625,76.58686828613281
117.62993621826172,111.43891906738281,39.61991500854492,76.8795166015625
119.74698638916016,107.75357055664062,35.78022766113281,78.52350616455078
121.11917114257812,105.84159851074219,35.02768325805664,78.21359252929688
123.17786407470703,120.04474639892578,33.47844314575195,81.00386047363281
122.44129180908203,107.41326904296875,36.59096145629883,73.131591796875
123.7281494140625,108.30445861816406,36.552268981933594,69.75870513916016
124.2301025390625,111.09956359863281,35.32817840576172,64.61873626708984
122.75630950927734,114.860107421875,34.6324348449707,56.40994644165039
122.00003814697266,114.15621948242188,34.63753128051758,53.30693817138672
122.64869689941406,114.90478515625,32.658687591552734,48.101097106933594
121.24761962890625,113.79315185546875,32.06021499633789,44.704689025878906
121.24231719970703,111.0217056274414,30.107044219970703,47.08583068847656
121.5068359375,109.86489868164062,28.2091007232666,46.22772979736328
122.82987976074219,110.89927673339844,27.048669815063477,43.29315185546875
124.53425598144531,111.08036804199219,26.164573669433594,42.193931579589844
126.63300323486328,110.47698211669922,24.896865844726562,41.50429153442383
128.23284912109375,110.0367660522461,23.919200897216797,39.59297561645508
129.9311065673828,108.58235168457031,23.170785903930664,39.76759338378906
130.37393188476562,107.8203353881836,23.976078033447266,39.49668884277344
132.2399139404297,107.76356506347656,23.262237548828125,39.39622116088867
132.95452880859375,109.47578430175781,23.822830200195312,36.99541091918945
133.43038940429688,108.33326721191406,22.566696166992188,39.028564453125
134.50888061523438,109.28105926513672,23.588218688964844,38.57096862792969
135.2711639404297,112.10044860839844,23.44971466064453,41.362735748291016
137.256591796875,112.83828735351562,21.755023956298828,40.58843231201172
138.14642333984375,112.59629821777344,22.882747650146484,43.969886779785156
139.53579711914062,104.36700439453125,22.857511520385742,43.801307678222656
140.49874877929688,102.69758605957031,22.674156188964844,44.052696228027344
139.7295684814453,102.65663146972656,22.72673797607422,42.12999725341797
137.0225830078125,101.29572296142578,24.745193481445312,41.80712890625
133.54965209960938,101.95741271972656,26.804000854492188,39.17395782470703
131.40362548828125,104.55796813964844,27.142837524414062,39.478065490722656
123.30950927734375,105.299560546875,32.167091369628906,41.551513671875
121.85322570800781,107.1708984375,31.652307510375977,41.13322830200195
121.53699493408203,110.21798706054688,28.829391479492188,41.198822021484375
116.97974395751953,110.55157470703125,31.151437759399414,45.661136627197266
119.21395111083984,117.57820129394531,28.25367546081543,44.336570739746094
117.52559661865234,122.77180480957031,30.37104606628418,47.129188537597656
121.81320190429688,122.34831237792969,32.009498596191406,49.27477264404297
122.65239715576172,129.45159912109375,29.39595603942871,52.325531005859375
123.97866821289062,129.77952575683594,33.38077163696289,58.60248947143555
125.3466796875,134.11659240722656,32.933616638183594,59.212974548339844
127.40640258789062,137.28985595703125,33.87478256225586,59.73294448852539
129.57437133789062,137.044677734375,32.64141082763672,61.06929016113281
131.91346740722656,135.1481170654297,33.28792190551758,57.68394088745117
131.3657684326172,131.72824096679688,36.467655181884766,61.16497802734375
129.76638793945312,126.46212005615234,40.35194396972656,65.15980529785156
128.901123046875,126.2001953125,41.5151252746582,63.14818572998047
126.12433624267578,123.47706604003906,43.84169387817383,65.9642105102539
122.96952056884766,126.40782928466797,44.91029357910156,63.7801399230957
124.53604125976562,127.0943374633789,44.77521514892578,65.18962097167969
120.66533660888672,120.91502380371094,50.84767532348633,74.48724365234375
118.17473602294922,118.3578109741211,51.4277458190918,80.02922058105469
120.54861450195312,124.19546508789062,48.88399887084961,75.113037109375
117.9177017211914,126.94700622558594,44.34186935424805,75.43817138671875
119.62290954589844,129.38954162597656,42.1939697265625,75.18848419189453
119.43144226074219,134.13632202148438,41.759796142578125,72.47978210449219
119.54082489013672,135.37733459472656,42.7888298034668,73.36731719970703
119.89494323730469,136.47021484375,44.54167938232422,75.25355529785156
122.12916564941406,136.2976837158203,45.533851623535156,72.23049926757812
121.45651245117188,131.5261688232422,47.29346466064453,78.28628540039062
123.02339172363281,128.50299072265625,46.59874725341797,81.09974670410156
122.28697967529297,126.19009399414062,48.19294738769531,87.12899017333984
123.02144622802734,125.79252624511719,46.97945022583008,83.33660888671875
125.09112548828125,133.84930419921875,44.257179260253906,78.21956634521484
124.83182525634766,139.16827392578125,42.18999099731445,69.53919982910156
124.95243072509766,143.42147827148438,41.80753707885742,60.985599517822266
128.90553283691406,138.51486206054688,43.52704620361328,64.30635833740234
131.0933380126953,138.94192504882812,48.41279983520508,64.86296844482422
134.27096557617188,140.00357055664062,43.86971664428711,67.28861999511719
136.0184783935547,138.8955078125,47.30337142944336,70.74130249023438
138.54385375976562,143.50674438476562,46.88082504272461,67.71421813964844
141.5702362060547,145.37274169921875,46.51152420043945,67.489013671875
142.6990509033203,142.04776000976562,49.03743362426758,74.06693267822266
143.96868896484375,142.44781494140625,47.97987365722656,77.29133605957031
141.88589477539062,142.99661254882812,54.67170715332031,82.61094665527344
144.11634826660156,141.63421630859375,58.0980224609375,86.31932830810547
144.60809326171875,140.07191467285156,60.47541046142578,86.49527740478516
145.88885498046875,143.26934814453125,56.07957458496094,80.32435607910156
146.5848388671875,143.66485595703125,52.087615966796875,77.72926330566406
149.41973876953125,148.63232421875,44.69038009643555,69.56031036376953
147.7489471435547,145.25962829589844,47.603275299072266,71.91350555419922
145.62120056152344,138.66473388671875,55.30397415161133,79.06902313232422
152.4420166015625,103.1553955078125,54.894737243652344,73.93704986572266
152.73544311523438,109.43843841552734,56.40487289428711,69.02662658691406
158.4459686279297,110.99504089355469,48.681636810302734,70.42658233642578
161.0479278564453,123.86788177490234,40.381099700927734,57.44185256958008
157.86228942871094,122.29116821289062,43.41773223876953,64.46551513671875
159.3262176513672,121.01654052734375,39.926116943359375,68.52456665039062
158.92886352539062,124.13734436035156,40.97368621826172,65.90872955322266
159.4474639892578,125.46772766113281,38.842220306396484,65.01136016845703
154.993408203125,129.83975219726562,37.763694763183594,63.19422912597656
145.68914794921875,127.71826171875,36.97804260253906,68.9632797241211
147.79327392578125,128.94029235839844,35.55255126953125,67.2602310180664
141.64537048339844,123.03817749023438,33.2504768371582,69.3935775756836
142.71409606933594,122.89237976074219,32.647003173828125,62.724754333496094
140.22178649902344,114.47227478027344,31.214275360107422,64.86868286132812
138.86660766601562,114.1012954711914,31.117238998413086,61.85295486450195
138.5040283203125,113.93740844726562,29.703399658203125,58.272178649902344
138.81434631347656,116.93162536621094,27.649803161621094,50.080780029296875
137.4722442626953,111.38174438476562,27.280548095703125,51.158790588378906
137.32847595214844,107.74696350097656,27.534704208374023,54.59345245361328
136.65725708007812,106.05972290039062,27.260700225830078,54.77111053466797
136.03555297851562,105.64047241210938,26.642379760742188,52.03359603881836
136.2584686279297,105.4405746459961,25.71054458618164,51.1651725769043
135.34046936035156,105.0381088256836,25.573469161987305,52.1906852722168
134.781982421875,104.480712890625,25.61836051940918,52.84514617919922
134.5046844482422,105.21043395996094,25.6774845123291,49.224491119384766
134.40940856933594,104.4935531616211,25.660919189453125,51.4164924621582
134.43820190429688,105.33094787597656,23.905868530273438,50.57402801513672
133.46957397460938,106.37281036376953,24.800779342651367,49.90327835083008
133.5740509033203,106.93382263183594,25.466442108154297,48.977943420410156
133.3382110595703,108.05621337890625,25.76153564453125,49.68523406982422
133.18731689453125,110.44694519042969,26.238767623901367,50.593746185302734
133.37831115722656,113.62162780761719,26.584375381469727,46.38074493408203
133.31027221679688,117.00663757324219,27.03382682800293,45.30417251586914
134.639892578125,120.82096099853516,27.115150451660156,44.71684265136719
135.38510131835938,124.66250610351562,26.972726821899414,43.50605010986328
135.13046264648438,126.53921508789062,28.81292724609375,45.759822845458984
135.2175750732422,130.24615478515625,27.734031677246094,47.21709060668945
135.796142578125,131.17282104492188,29.107297897338867,49.29164123535156
133.72695922851562,128.7314910888672,34.70634841918945,53.977108001708984
131.7006072998047,126.614013671875,37.409461975097656,58.243133544921875
131.96566772460938,127.8587646484375,35.49072265625,58.60360336303711
130.01290893554688,124.58460998535156,36.3264274597168,60.88552474975586
128.21189880371094,121.32408905029297,36.49980545043945,66.34074401855469
126.55224609375,118.58273315429688,37.54137420654297,69.01095581054688
124.94874572753906,116.78851318359375,39.943023681640625,69.27918243408203
125.53572082519531,116.16572570800781,37.989898681640625,70.32215118408203
126.05206298828125,113.75459289550781,38.029212951660156,75.74616241455078
126.03262329101562,112.486083984375,39.98800277709961,80.77667999267578
127.13023376464844,128.2378387451172,40.696311950683594,79.95697021484375
127.56666564941406,127.21316528320312,43.941280364990234,78.21004486083984
128.31063842773438,129.54525756835938,44.71982192993164,80.32573699951172
129.60809326171875,133.72222900390625,45.838687896728516,84.47334289550781
131.99417114257812,136.0633087158203,43.91368865966797,83.74967193603516
134.21958923339844,138.75897216796875,44.287574768066406,81.07733154296875
130.52926635742188,133.07699584960938,47.61797332763672,77.38621520996094
126.60603332519531,128.01153564453125,50.992218017578125,79.95101165771484
121.96807861328125,126.13116455078125,49.346702575683594,81.83382415771484
115.44152069091797,125.77029418945312,52.44444274902344,85.1974105834961
112.49889373779297,128.6856689453125,52.31086349487305,83.66462707519531
112.54460906982422,134.19595336914062,48.43861389160156,78.81364440917969
112.95867919921875,136.8599395751953,46.416114807128906,76.24564361572266
109.71434020996094,134.05343627929688,49.38204574584961,81.40199279785156
109.03229522705078,137.08221435546875,46.21760940551758,83.58998107910156
108.56179809570312,140.203125,46.29558563232422,84.9130859375
110.53163146972656,144.59902954101562,47.72256851196289,79.1776351928711
114.22743225097656,143.04776000976562,52.01470184326172,78.42695617675781
119.79010009765625,139.75607299804688,52.23562240600586,81.20799255371094
127.13751220703125,142.6062774658203,53.49639129638672,79.98059844970703
133.2542266845703,138.23748779296875,51.085670471191406,83.39181518554688
139.34495544433594,140.40223693847656,49.08376693725586,77.14325714111328
144.5449676513672,135.66818237304688,47.54582595825195,75.4333267211914
148.7433319091797,131.74667358398438,43.537200927734375,72.9639892578125
146.97576904296875,124.2129135131836,46.35683822631836,75.74153137207031
145.0787811279297,116.03547668457031,46.8740234375,78.450439453125
139.3660430908203,110.57725524902344,52.7855110168457,75.21837615966797
137.5026397705078,105.12301635742188,50.87446212768555,78.95095825195312
132.07916259765625,104.2365493774414,52.987770080566406,86.57490539550781
125.59765625,101.11880493164062,58.742591857910156,84.9645004272461
118.8580093383789,112.21507263183594,58.87959671020508,77.79586029052734
111.23249816894531,113.71915435791016,57.99456024169922,80.55647277832031
106.88666534423828,118.15032958984375,49.38248825073242,76.5484390258789
111.63660430908203,115.72711181640625,45.37226867675781,81.03772735595703
110.14903259277344,121.06208801269531,46.354312896728516,75.31351470947266
110.90642547607422,124.90286254882812,44.55036926269531,70.2549819946289
113.26022338867188,122.38583374023438,43.26010513305664,73.39533233642578
114.79638671875,118.76021575927734,52.966617584228516,74.99143981933594
120.20802307128906,112.96522521972656,52.7431640625,76.9265365600586
125.5830078125,108.4080581665039,52.62874984741211,80.83277893066406
131.2877197265625,104.63111877441406,50.567726135253906,82.14185333251953
143.4179229736328,108.33152770996094,60.1304817199707,70.88436126708984
152.0242156982422,104.87065124511719,64.44544219970703,74.22235870361328
152.75848388671875,105.23094177246094,67.03584289550781,72.13536834716797
158.16102600097656,97.46307373046875,60.33745574951172,79.14447021484375
160.50083923339844,93.82736206054688,57.66265106201172,77.96410369873047
171.2705535888672,91.81404113769531,47.00511932373047,74.56765747070312
175.19949340820312,92.90704345703125,44.098121643066406,69.64383697509766
181.30227661132812,90.1799545288086,42.50355529785156,72.08517456054688
183.7248992919922,91.29447174072266,38.81059646606445,75.79222106933594
191.14625549316406,92.90443420410156,32.94367218017578,70.4994888305664
189.9942169189453,93.4029312133789,34.037384033203125,70.98234558105469
188.77601623535156,93.93205261230469,35.093570709228516,73.28118133544922
185.057373046875,95.25411987304688,36.47928237915039,74.19551849365234
183.10134887695312,105.40641021728516,36.53154754638672,81.61592102050781
182.6141815185547,99.74423217773438,34.55033493041992,90.98788452148438
180.03140258789062,94.38835144042969,38.712120056152344,102.25745391845703
179.74185180664062,96.14529418945312,39.2827033996582,94.9818115234375
178.63543701171875,98.03654479980469,39.65266418457031,86.58968353271484
177.53878784179688,101.60350799560547,38.67401123046875,79.80686950683594
173.91131591796875,99.08090209960938,43.151344299316406,79.18082427978516
172.54415893554688,101.71206665039062,43.47117614746094,75.1119155883789
168.5655517578125,102.3095703125,47.455711364746094,72.47634887695312
161.81224060058594,100.38444519042969,53.28934097290039,72.72576141357422
154.26104736328125,96.08648681640625,62.65272521972656,75.5750503540039
143.989013671875,107.82846069335938,69.36628723144531,68.38616943359375
128.1177978515625,110.35333251953125,76.48475646972656,66.67522430419922
127.20137023925781,108.32301330566406,67.5443344116211,80.1399917602539
130.4970703125,110.80608367919922,52.64494323730469,82.27192687988281
133.66795349121094,117.06489562988281,47.71137237548828,78.66265106201172
136.12120056152344,116.28977966308594,47.61299514770508,82.90364837646484
136.62213134765625,114.24454498291016,47.89103698730469,93.15367126464844
138.2186737060547,115.15218353271484,49.17757034301758,92.24885559082031
138.7384796142578,116.23912048339844,59.6622428894043,88.79864501953125
143.10922241210938,116.10391235351562,54.35740280151367,87.8670883178711
142.54953002929688,114.47981262207031,52.77357482910156,93.84738159179688
142.58621215820312,112.07623291015625,52.79600143432617,93.91118621826172
141.74008178710938,107.46778869628906,51.85884094238281,97.35018920898438
139.3317413330078,107.50597381591797,54.83116912841797,91.07649230957031
139.050537109375,103.16322326660156,52.43682861328125,91.16475677490234
137.73321533203125,98.05653381347656,53.3668212890625,95.32611083984375
138.05458068847656,99.43983459472656,51.620018005371094,90.88277435302734
136.63938903808594,99.35865783691406,51.84124755859375,93.64266967773438
136.47048950195312,100.28587341308594,50.62431335449219,100.94986724853516
136.43533325195312,101.14110565185547,48.571048736572266,105.97792053222656
135.96206665039062,104.91349792480469,48.6898307800293,102.9056396484375
138.72244262695312,109.9781265258789,48.775794982910156,100.91560363769531
140.4307861328125,118.03404998779297,47.24006652832031,94.00315856933594
141.64910888671875,122.4306640625,48.080772399902344,87.76010131835938
144.28726196289062,121.22854614257812,46.38493347167969,86.9565200805664
145.19366455078125,120.08955383300781,46.144866943359375,88.63109588623047
148.1984100341797,117.96900939941406,47.00634765625,94.91995239257812
149.31381225585938,118.65470886230469,46.846858978271484,98.34461212158203
151.14109802246094,122.33184051513672,48.60725784301758,98.04624938964844
151.0665283203125,122.88407897949219,48.04016876220703,96.560546875
