177.0,51.0,21.0,129.0
176.19635009765625,48.52227783203125,24.24654769897461,131.15811157226562
175.54554748535156,48.00116729736328,24.45891571044922,132.2428741455078
175.1664581298828,47.98011016845703,25.772111892700195,133.47735595703125
174.9649658203125,46.888999938964844,26.007465362548828,132.8946533203125
174.48135375976562,50.454307556152344,26.798215866088867,128.8252410888672
174.39202880859375,48.7965087890625,26.295331954956055,132.27560424804688
174.5991668701172,51.84080505371094,26.18375015258789,129.692626953125
174.19061279296875,47.49732208251953,27.027856826782227,134.14466857910156
174.42733764648438,47.824188232421875,26.083467483520508,133.23243713378906
174.14280700683594,48.304962158203125,25.781028747558594,132.7339630126953
174.06158447265625,47.994171142578125,25.09524917602539,131.0970916748047
173.05712890625,45.138893127441406,26.883413314819336,135.10108947753906
173.12973022460938,45.98944854736328,25.67876434326172,134.79039001464844
173.27670288085938,48.410179138183594,24.932723999023438,131.3550567626953
173.07012939453125,45.719032287597656,24.75933837890625,136.1759033203125
173.71615600585938,45.37879943847656,24.35213279724121,134.6694793701172
172.4793243408203,45.214111328125,26.20398712158203,136.26458740234375
171.8070526123047,48.99353790283203,26.717191696166992,129.95591735839844
172.46287536621094,45.34016418457031,25.637365341186523,135.17019653320312
171.21437072753906,47.986549377441406,28.219125747680664,135.1443634033203
171.18710327148438,49.855377197265625,27.6567440032959,134.22381591796875
171.71847534179688,54.70518493652344,26.198877334594727,132.7465362548828
171.03033447265625,59.506858825683594,25.7567138671875,129.35903930664062
170.50814819335938,48.23774719238281,26.709606170654297,137.76312255859375
169.70889282226562,45.68550109863281,27.77286148071289,141.91317749023438
169.03314208984375,54.06184387207031,30.60415267944336,139.09066772460938
169.3280792236328,60.207061767578125,29.846391677856445,133.888916015625
169.36090087890625,60.92327880859375,28.13504409790039,128.193115234375
168.6531219482422,68.30501556396484,27.69739532470703,119.62861633300781
167.8702850341797,63.02383041381836,27.123056411743164,126.10742950439453
166.65765380859375,66.48040771484375,28.63976287841797,127.10610961914062
166.99017333984375,63.73493194580078,29.889530181884766,131.43324279785156
165.43101501464844,63.82556915283203,30.82098388671875,128.0841522216797
165.735107421875,65.7530517578125,31.781526565551758,122.99725341796875
165.0028076171875,66.00170135498047,32.21519470214844,122.16864013671875
165.12962341308594,74.24781799316406,30.0675106048584,113.0344467163086
163.25489807128906,80.98800659179688,32.63736343383789,107.92662811279297
163.17054748535156,81.1444091796875,32.33428192138672,108.23621368408203
162.42518615722656,81.47962951660156,33.4926872253418,106.91425323486328
160.8634796142578,85.07351684570312,35.28563690185547,102.46685028076172
159.78952026367188,90.41358947753906,36.92428207397461,101.58219146728516
159.87318420410156,89.86151123046875,37.109336853027344,97.10598754882812
160.70974731445312,85.91068267822266,38.152488708496094,99.69123840332031
160.42953491210938,83.75546264648438,41.04903793334961,100.19686126708984
160.19090270996094,80.0793228149414,43.66844940185547,103.95683288574219
158.31826782226562,82.73365783691406,46.02138900756836,99.43231201171875
157.98524475097656,82.46295166015625,44.17335891723633,100.28179168701172
158.28782653808594,82.03135681152344,39.68680191040039,103.08196258544922
158.82249450683594,77.55352783203125,45.47205352783203,106.66183471679688
158.0919189453125,79.893310546875,44.79801940917969,106.2255859375
158.27120971679688,85.8102035522461,48.71222686767578,107.20210266113281
156.9965057373047,91.81375122070312,48.785945892333984,99.8775634765625
156.76129150390625,86.89022827148438,47.0625114440918,112.23040008544922
156.44444274902344,83.16557312011719,44.02109146118164,120.2579574584961
154.94456481933594,89.53385925292969,42.3143424987793,115.04854583740234
155.02420043945312,92.01524353027344,45.25514602661133,114.11669921875
155.13258361816406,93.03685760498047,48.37944793701172,110.81626892089844
154.18028259277344,91.1680908203125,56.753658294677734,116.67203521728516
153.91189575195312,89.04002380371094,57.4916877746582,121.81948852539062
153.73443603515625,88.05510711669922,56.76029586791992,123.91963195800781
153.3177032470703,86.43366241455078,56.32152557373047,127.48771667480469
152.98802185058594,85.7840805053711,54.08887481689453,128.59690856933594
153.36541748046875,85.28173828125,53.299171447753906,130.31069946289062
151.60757446289062,82.34308624267578,54.03312683105469,134.9506072998047
155.336669921875,83.07138061523438,47.967063903808594,130.90322875976562
154.78384399414062,78.43059539794922,49.28446960449219,136.8098907470703
155.34463500976562,79.69454956054688,49.064762115478516,136.1536865234375
156.72808837890625,77.30121612548828,47.64643859863281,133.80555725097656
155.510009765625,78.35738372802734,50.62508010864258,133.7869110107422
157.08795166015625,77.48881530761719,51.74769592285156,127.30010986328125
153.7068634033203,80.58909606933594,56.247188568115234,116.8176498413086
156.3536376953125,77.99125671386719,52.91569900512695,120.949462890625
153.81040954589844,74.60311889648438,58.0567512512207,121.46868896484375
154.16395568847656,69.32852172851562,56.87188720703125,125.4267807006836
154.94830322265625,74.86829376220703,55.321537017822266,117.70011901855469
152.78448486328125,76.02467346191406,58.31672668457031,110.44489288330078
154.1270751953125,76.9104995727539,61.90632629394531,108.54475402832031
156.81405639648438,59.316524505615234,75.88884735107422,117.13233184814453
156.34906005859375,69.14836120605469,85.54412078857422,105.2697525024414
150.56068420410156,63.33442306518555,96.87220001220703,102.91796112060547
157.15255737304688,72.25822448730469,88.24637603759766,99.74618530273438
158.17124938964844,67.65567016601562,82.5423583984375,97.08421325683594
157.23651123046875,71.19442749023438,73.14921569824219,90.24698638916016
155.00987243652344,67.99159240722656,70.97510528564453,93.96233367919922
157.95201110839844,68.34835815429688,72.92896270751953,94.53785705566406
158.52491760253906,65.28849792480469,70.05110931396484,87.05606079101562
160.7493896484375,66.14051818847656,66.41780090332031,84.7796401977539
162.9124755859375,64.72955322265625,61.00851058959961,83.6585922241211
160.18746948242188,63.13768768310547,61.04349136352539,94.25325012207031
162.45281982421875,60.04940414428711,60.25428771972656,96.75788116455078
152.88430786132812,59.792564392089844,66.8210220336914,108.46603393554688
151.46401977539062,45.54634094238281,64.9488296508789,99.34109497070312
154.16342163085938,59.34588623046875,61.695335388183594,113.47528076171875
150.69912719726562,60.57260513305664,67.61851501464844,112.01140594482422
152.07603454589844,62.80276870727539,69.52792358398438,114.66846466064453
153.49647521972656,64.38755798339844,63.956695556640625,122.05604553222656
152.97010803222656,55.87847900390625,66.3832015991211,128.15760803222656
139.2888641357422,62.12689971923828,82.7168960571289,138.6329803466797
134.23062133789062,48.45404052734375,86.87706756591797,110.29704284667969
136.44619750976562,44.94129180908203,89.2299575805664,101.85145568847656
137.5389404296875,53.813724517822266,88.06935119628906,90.96508026123047
135.85507202148438,49.61415481567383,87.96006774902344,95.5615005493164
134.735107421875,55.05923843383789,87.95161437988281,91.15579986572266
145.93028259277344,52.46342086791992,78.54779052734375,85.53694915771484
147.575439453125,52.87238311767578,74.69386291503906,95.88636779785156
142.33985900878906,20.035877227783203,76.1656723022461,98.90023040771484
142.80917358398438,36.735931396484375,76.4457015991211,117.23509216308594
158.19354248046875,52.15087127685547,60.27570343017578,104.06552124023438
161.84552001953125,52.69239044189453,52.85588455200195,100.84770202636719
163.99594116210938,48.95878601074219,47.884307861328125,109.64669799804688
162.66622924804688,48.97298812866211,49.287479400634766,110.60958099365234
162.29876708984375,37.871192932128906,53.113834381103516,111.64973449707031
160.42881774902344,48.31745910644531,54.9704704284668,88.11407470703125
156.84336853027344,50.996238708496094,54.5643196105957,79.43690490722656
159.61837768554688,54.1929817199707,52.96522903442383,71.74140167236328
158.4688262939453,59.18633270263672,47.073848724365234,58.20182800292969
158.41294860839844,60.28338623046875,51.67669677734375,47.804508209228516
158.2545928955078,62.066627502441406,53.28044891357422,49.98029708862305
158.23956298828125,62.296112060546875,56.28117370605469,52.64483642578125
158.3208465576172,59.88523864746094,56.532039642333984,62.637298583984375
157.88621520996094,59.8106575012207,57.744590759277344,66.61199188232422
163.0213623046875,56.040096282958984,48.87709045410156,78.7776870727539
166.0824432373047,48.03813934326172,41.18037033081055,83.7518310546875
166.41558837890625,46.96455764770508,38.65922164916992,84.93749237060547
168.48748779296875,45.591678619384766,38.9704704284668,81.65828704833984
167.1293182373047,46.60280990600586,40.14742660522461,75.6515884399414
162.2496795654297,49.12548828125,45.57720184326172,69.99252319335938
152.42762756347656,50.136207580566406,53.38945770263672,69.00332641601562
150.59133911132812,55.74446105957031,59.05745315551758,57.16208267211914
149.56185913085938,58.97722625732422,60.804969787597656,53.97432327270508
145.53204345703125,62.132511138916016,67.60368347167969,45.557518005371094
144.90769958496094,64.63931274414062,69.59807586669922,45.22100067138672
144.59127807617188,66.51382446289062,75.94383239746094,40.50569534301758
136.76109313964844,60.5952033996582,81.79488372802734,43.86479949951172
139.92137145996094,54.7801628112793,88.58358001708984,49.49663543701172
142.8345184326172,41.02928924560547,78.8217544555664,63.91566848754883
151.8428955078125,38.347068786621094,66.62324523925781,73.17811584472656
155.58763122558594,33.45828628540039,60.37872314453125,77.46814727783203
155.86257934570312,31.51616668701172,56.7604866027832,82.19905090332031
158.4464874267578,30.88610076904297,53.14212417602539,92.13336181640625
157.16262817382812,28.630844116210938,53.90748596191406,88.6595458984375
160.13812255859375,36.621028900146484,52.69194412231445,84.1178207397461
159.83160400390625,34.96831512451172,53.77973937988281,89.00862121582031
161.06265258789062,43.91950988769531,48.17211151123047,77.90541076660156
163.28892517089844,54.12885665893555,44.20130157470703,64.5063247680664
160.1725311279297,54.2215690612793,52.131431579589844,64.60759735107422
157.0809326171875,60.98274612426758,49.17058563232422,57.830345153808594
157.7296142578125,60.503684997558594,44.55366897583008,52.22599792480469
158.90631103515625,68.13618469238281,40.547813415527344,42.149085998535156
162.35183715820312,68.83740234375,42.84954833984375,38.92304992675781
157.323486328125,71.2109375,48.9782829284668,38.42020034790039
155.3726043701172,69.7779541015625,56.312591552734375,40.5785026550293
156.94979858398438,69.45719146728516,57.07345199584961,50.12827682495117
157.9609375,68.95881652832031,58.05857467651367,55.0728645324707
160.78457641601562,69.50763702392578,55.9119873046875,63.45082092285156
164.4398651123047,66.60736083984375,46.658809661865234,66.11882781982422
165.5858917236328,66.69528198242188,43.61288833618164,63.93317794799805
169.80380249023438,66.76158142089844,39.67304992675781,63.508785247802734
170.56607055664062,69.24130249023438,37.3017463684082,69.79443359375
170.32388305664062,68.19878387451172,43.483734130859375,63.21256637573242
165.6570281982422,67.41071319580078,51.451568603515625,57.56052780151367
166.91079711914062,72.06185913085938,52.259456634521484,57.761024475097656
165.40628051757812,68.96341705322266,56.86651611328125,65.6358642578125
143.33609008789062,84.05804443359375,62.372013092041016,74.37869262695312
140.10955810546875,81.54704284667969,80.24980163574219,90.38153839111328
139.02076721191406,78.4273681640625,84.24121856689453,90.88111114501953
135.81704711914062,78.21220397949219,88.1937255859375,88.96479034423828
140.92054748535156,84.39862060546875,79.3586196899414,81.9303970336914
138.15106201171875,75.03648376464844,81.02978515625,87.69467163085938
143.6495361328125,72.72470092773438,75.38490295410156,85.21337127685547
152.072265625,70.6033935546875,64.30928039550781,83.53070831298828
153.8235321044922,73.48702239990234,60.6919059753418,80.54344177246094
160.67677307128906,78.68282318115234,54.2441520690918,70.70785522460938
161.92774963378906,75.39250183105469,51.453948974609375,70.83092498779297
161.52529907226562,86.60626983642578,49.17378234863281,59.63432312011719
160.95831298828125,87.89955139160156,42.52701950073242,69.18712615966797
159.9993438720703,86.83707427978516,38.524723052978516,70.61245727539062
160.37857055664062,80.8704833984375,38.943729400634766,71.39427185058594
157.69163513183594,74.03276062011719,45.72916793823242,74.40929412841797
154.85223388671875,89.7286148071289,57.11921691894531,78.64610290527344
152.74908447265625,89.11868286132812,65.15726470947266,75.02127075195312
151.21640014648438,95.02729797363281,68.30509185791016,66.64346313476562
153.59890747070312,94.39051055908203,58.06972885131836,49.4125862121582
153.91693115234375,100.55748748779297,56.74839401245117,39.42134094238281
154.57115173339844,98.6414794921875,54.457366943359375,47.931297302246094
155.3760223388672,99.18197631835938,54.64030838012695,46.58903884887695
154.6978759765625,99.06070709228516,55.754371643066406,43.27864074707031
155.10545349121094,109.056640625,53.023109436035156,50.10757064819336
157.39511108398438,100.9307861328125,56.56516647338867,51.176109313964844
158.2515411376953,101.5601577758789,58.90242385864258,47.6649055480957
157.3406219482422,101.29216003417969,59.34194564819336,50.84135437011719
153.9143829345703,100.04815673828125,65.29436492919922,60.011199951171875
149.19090270996094,102.67835998535156,71.70471954345703,57.36490249633789
144.01112365722656,101.80549621582031,76.12100219726562,57.68743896484375
128.4862823486328,101.66069793701172,90.28821563720703,62.01060485839844
120.65870666503906,104.07036590576172,101.3779525756836,57.19392395019531
115.69424438476562,103.99285888671875,107.53746795654297,56.95840835571289
113.8974838256836,104.94926452636719,114.27000427246094,56.143516540527344
110.52653503417969,104.01449584960938,119.31224822998047,58.177886962890625
108.79141235351562,103.71723937988281,123.18438720703125,60.78848648071289
107.68701171875,105.05699920654297,122.84369659423828,59.96541213989258
105.96035766601562,104.52131652832031,126.29088592529297,65.15890502929688
112.04125213623047,103.50634002685547,117.52729797363281,70.64128112792969
112.408935546875,97.98753356933594,117.51248168945312,76.17621612548828
113.61727905273438,94.3963623046875,116.436279296875,84.490234375
113.92793273925781,89.88365173339844,113.73688507080078,92.24958038330078
115.91541290283203,85.81123352050781,110.99717712402344,97.454833984375
118.3865737915039,80.66181945800781,107.21061706542969,101.94145965576172
120.46519470214844,78.55513000488281,106.23163604736328,104.12276458740234
127.55340576171875,75.36573791503906,92.05098724365234,113.90191650390625
127.95048522949219,71.7010498046875,90.65121459960938,122.31804656982422
131.31619262695312,70.20979309082031,90.23746490478516,123.21674346923828
137.13522338867188,69.29057312011719,81.89887237548828,122.83997344970703
139.6726531982422,70.94587707519531,77.54926300048828,114.61408233642578
