245.0,64.0,12.0,13.0
245.27444458007812,63.392940521240234,11.834609031677246,13.94147777557373
244.64337158203125,63.23344039916992,12.314619064331055,14.285758018493652
245.31661987304688,63.03095245361328,11.748204231262207,14.6469144821167
245.7498779296875,62.88523864746094,12.109187126159668,14.873533248901367
246.1743621826172,62.89238357543945,12.119574546813965,14.861626625061035
245.4580841064453,62.7311897277832,12.215768814086914,14.799921989440918
245.5264892578125,62.741153717041016,12.020061492919922,14.64024829864502
245.7670135498047,62.47811508178711,11.967928886413574,15.397160530090332
246.0147705078125,62.68588638305664,11.874934196472168,14.947731971740723
245.93946838378906,62.68398666381836,12.453190803527832,15.067392349243164
245.61557006835938,62.74029541015625,12.39538288116455,14.704586029052734
246.3320770263672,62.62467575073242,11.811388969421387,15.294560432434082
246.37918090820312,62.42813491821289,12.075121879577637,15.894888877868652
246.34730529785156,62.70327377319336,12.420574188232422,14.72272777557373
246.59011840820312,62.78616714477539,12.055953979492188,14.675634384155273
246.52435302734375,62.728981018066406,12.117612838745117,14.625520706176758
246.40701293945312,62.833351135253906,12.293700218200684,14.572002410888672
245.72569274902344,62.77442169189453,12.263066291809082,15.205078125
246.22232055664062,62.87276077270508,11.965604782104492,14.512537002563477
245.6302032470703,62.46220016479492,12.248674392700195,15.644554138183594
245.42904663085938,62.6999397277832,12.17758560180664,14.935221672058105
245.3892059326172,62.609283447265625,12.146204948425293,15.24029541015625
245.1383514404297,62.66044235229492,12.581036567687988,15.620931625366211
244.51589965820312,62.777931213378906,12.220657348632812,15.506834983825684
243.91860961914062,62.793888092041016,12.623405456542969,15.711599349975586
243.02285766601562,63.136817932128906,12.978946685791016,14.925905227661133
242.55227661132812,63.05284118652344,12.692699432373047,15.15758991241455
241.54006958007812,62.97240447998047,12.699433326721191,15.27355670928955
240.90940856933594,63.005653381347656,12.679811477661133,15.0006685256958
239.7478485107422,63.1266975402832,12.694923400878906,14.843482971191406
238.8301239013672,63.352508544921875,12.850622177124023,14.742191314697266
237.819091796875,63.473018646240234,12.877416610717773,15.029839515686035
236.75880432128906,63.68706512451172,12.98290729522705,15.168195724487305
235.27023315429688,63.971160888671875,13.12155818939209,14.45202922821045
233.86233520507812,64.19522094726562,13.200126647949219,14.819243431091309
232.72499084472656,64.41474914550781,13.082637786865234,14.87028980255127
230.97943115234375,64.55477905273438,13.216927528381348,14.146684646606445
229.33511352539062,64.65574645996094,13.370050430297852,14.196342468261719
227.81259155273438,64.73882293701172,12.924295425415039,14.38834285736084
225.77134704589844,64.60775756835938,13.51595687866211,14.122801780700684
223.71217346191406,64.86031341552734,13.352705001831055,13.224976539611816
222.29779052734375,64.6776351928711,12.774331092834473,13.550423622131348
220.04873657226562,64.05093383789062,13.149353981018066,14.314114570617676
218.68228149414062,63.73503875732422,12.315163612365723,13.593016624450684
216.87185668945312,63.20673370361328,12.116622924804688,13.859996795654297
215.020751953125,62.86204147338867,12.442519187927246,14.123072624206543
213.33338928222656,62.4442253112793,12.438559532165527,13.781744003295898
211.331787109375,61.93084716796875,12.582358360290527,14.480425834655762
209.27734375,61.706298828125,12.653180122375488,14.518523216247559
207.6551055908203,61.55855178833008,12.52556037902832,14.564401626586914
206.14285278320312,61.475337982177734,12.134264945983887,14.142934799194336
204.2190399169922,61.59923553466797,12.412336349487305,14.419512748718262
202.24058532714844,61.83087158203125,12.690335273742676,14.798824310302734
200.96884155273438,62.064308166503906,12.236969947814941,14.447391510009766
199.16485595703125,62.18765640258789,12.31723403930664,14.578531265258789
197.57762145996094,62.468597412109375,11.718828201293945,14.652132034301758
195.88497924804688,62.32078552246094,11.936094284057617,15.269865989685059
193.89747619628906,62.45918655395508,12.283242225646973,15.401066780090332
192.1408233642578,62.2635498046875,12.254137992858887,15.138672828674316
190.2376251220703,61.936859130859375,12.379274368286133,15.72460651397705
188.74737548828125,61.8267936706543,12.71056842803955,14.85533618927002
187.02609252929688,61.49683380126953,12.168655395507812,15.651748657226562
185.4921417236328,60.92668151855469,11.789326667785645,15.540005683898926
183.78390502929688,60.8363037109375,12.313292503356934,15.511414527893066
181.83485412597656,60.387229919433594,12.524698257446289,15.219466209411621
180.39898681640625,59.91980743408203,12.1524019241333,16.175403594970703
178.45767211914062,59.72366714477539,12.078742980957031,16.082067489624023
176.67454528808594,59.81621170043945,12.491432189941406,15.412195205688477
174.68392944335938,59.61284637451172,12.5564603805542,16.197383880615234
172.86703491210938,59.75208282470703,12.924918174743652,15.680874824523926
171.16322326660156,59.88805389404297,12.628575325012207,16.49832534790039
169.4082489013672,60.138946533203125,12.556907653808594,16.854965209960938
166.81121826171875,60.48750686645508,12.913692474365234,15.367011070251465
165.5932159423828,60.87889862060547,12.188084602355957,15.346797943115234
163.55364990234375,60.99361038208008,11.965950965881348,15.55068302154541
161.9761505126953,61.231868743896484,11.96654987335205,16.19367027282715
160.09349060058594,61.33203887939453,12.562859535217285,15.725969314575195
158.30213928222656,61.13909912109375,13.09516716003418,16.348512649536133
156.6763916015625,61.39980697631836,12.529789924621582,15.302618026733398
155.00022888183594,60.84513854980469,12.248555183410645,15.638824462890625
153.58154296875,60.508216857910156,12.31609058380127,15.139129638671875
152.69287109375,59.95429229736328,12.051630973815918,16.01500129699707
151.75967407226562,59.12765121459961,11.987950325012207,16.947362899780273
150.8284149169922,58.94233322143555,12.35686206817627,15.585332870483398
149.63194274902344,58.58440399169922,12.03544807434082,15.661542892456055
149.9212646484375,58.43700408935547,12.371417999267578,15.568696022033691
149.2161865234375,58.310218811035156,12.348663330078125,16.298887252807617
149.28709411621094,58.355018615722656,12.395061492919922,16.453245162963867
149.16429138183594,58.567413330078125,12.686910629272461,16.62930679321289
148.5882110595703,59.072166442871094,12.340827941894531,16.955364227294922
149.1811065673828,59.547515869140625,12.76473617553711,16.462114334106445
149.36647033691406,59.5455207824707,12.347928047180176,18.08562469482422
149.79159545898438,60.017860412597656,13.168476104736328,16.99437141418457
150.05166625976562,59.88152313232422,13.378417015075684,17.659534454345703
150.48458862304688,59.8240966796875,12.59583568572998,16.72429084777832
150.80303955078125,59.64518737792969,12.955842971801758,17.965848922729492
151.51394653320312,59.79762268066406,13.094826698303223,17.998882293701172
151.8522186279297,59.50892639160156,13.06922435760498,18.040241241455078
151.90811157226562,59.558250427246094,13.306339263916016,17.51388931274414
151.49462890625,59.233402252197266,13.22830867767334,17.18718910217285
152.1109619140625,58.90940856933594,13.087554931640625,17.265254974365234
151.8776092529297,58.8843994140625,13.07768440246582,17.384883880615234
152.62384033203125,58.63426971435547,12.980956077575684,17.26142692565918
153.02024841308594,58.34907531738281,12.715044975280762,17.88620376586914
152.89984130859375,58.36853790283203,13.499855041503906,17.858417510986328
152.3880157470703,58.44084548950195,13.384160995483398,17.82926368713379
153.07632446289062,58.91957473754883,13.434511184692383,16.647058486938477
152.8135223388672,58.86739730834961,13.020509719848633,17.472633361816406
153.0036163330078,58.87294006347656,13.31585693359375,17.863414764404297
153.51004028320312,59.35303497314453,13.517192840576172,17.652523040771484
153.10609436035156,60.05708694458008,13.97333812713623,17.09783172607422
153.47064208984375,60.06343078613281,13.97439956665039,17.03390884399414
153.77935791015625,60.832115173339844,13.986300468444824,17.559322357177734
153.33453369140625,61.485408782958984,13.769518852233887,17.742666244506836
153.89877319335938,61.88826370239258,14.232490539550781,18.11817169189453
154.3256378173828,62.133697509765625,14.164998054504395,18.140609741210938
154.72625732421875,62.8761100769043,14.224124908447266,17.57587242126465
154.92575073242188,62.82482147216797,14.814513206481934,18.327104568481445
155.17266845703125,63.25318145751953,14.82007122039795,17.22177505493164
155.1103515625,62.87922668457031,14.868118286132812,17.949016571044922
155.5041961669922,62.7144660949707,15.661004066467285,18.41473960876465
154.69647216796875,62.693782806396484,16.410526275634766,18.022117614746094
155.04681396484375,62.110008239746094,16.034454345703125,19.320682525634766
154.32138061523438,62.07497024536133,15.367934226989746,18.53943634033203
154.2230682373047,61.44266128540039,16.919572830200195,18.498571395874023
153.32827758789062,60.9403076171875,17.328577041625977,18.452075958251953
153.2189483642578,60.19905090332031,16.64063835144043,19.098615646362305
152.79405212402344,59.408912658691406,16.423852920532227,19.20895004272461
152.46969604492188,58.43461990356445,17.418315887451172,20.47832679748535
151.92918395996094,58.053436279296875,16.465612411499023,19.703800201416016
151.0608367919922,57.714962005615234,16.320947647094727,20.04645347595215
150.53163146972656,57.609710693359375,15.341657638549805,19.760772705078125
149.64077758789062,57.544525146484375,15.662456512451172,20.00167465209961
148.7781982421875,57.486820220947266,16.121244430541992,20.320581436157227
148.34890747070312,57.34267807006836,16.123672485351562,20.595924377441406
147.71890258789062,57.295257568359375,16.76459312438965,20.256423950195312
147.33226013183594,57.44255828857422,16.210203170776367,20.31849479675293
146.66897583007812,57.55795669555664,16.513721466064453,20.510963439941406
146.31613159179688,57.90660858154297,16.433183670043945,20.352846145629883
146.14064025878906,58.00910186767578,16.288768768310547,20.348861694335938
145.8043212890625,57.755279541015625,16.768686294555664,20.820966720581055
146.02069091796875,57.84223175048828,16.768524169921875,20.802961349487305
145.7161407470703,57.57577896118164,17.09376335144043,20.329214096069336
145.60928344726562,56.98668670654297,17.199634552001953,20.70302963256836
145.35848999023438,56.1550178527832,17.100746154785156,21.031532287597656
144.70932006835938,55.357547760009766,17.535869598388672,20.517234802246094
143.95355224609375,54.618099212646484,17.504079818725586,20.76032066345215
143.0198974609375,54.76348876953125,17.588726043701172,20.739791870117188
142.00881958007812,54.422401428222656,18.00136375427246,20.965999603271484
141.12457275390625,54.651554107666016,17.900991439819336,20.360300064086914
139.89747619628906,54.57815933227539,18.144392013549805,20.808372497558594
139.0364532470703,54.99538803100586,17.1133975982666,20.469945907592773
137.71304321289062,54.97172927856445,17.793672561645508,21.82988739013672
136.17298889160156,55.315956115722656,17.416908264160156,20.979686737060547
134.43360900878906,55.551944732666016,17.189075469970703,21.032278060913086
131.69546508789062,55.863948822021484,18.403783798217773,20.487693786621094
129.58106994628906,56.06975173950195,17.960163116455078,20.42511558532715
128.25257873535156,55.7698974609375,17.480255126953125,20.51085090637207
126.70468139648438,56.00366973876953,17.01311492919922,20.16946029663086
125.04478454589844,55.7718505859375,17.354188919067383,21.332014083862305
123.31381225585938,55.82143020629883,17.11483383178711,21.247779846191406
121.50582122802734,55.187591552734375,17.32407569885254,22.102846145629883
119.68771362304688,54.86649703979492,17.291248321533203,22.1868953704834
118.42953491210938,54.392486572265625,17.22615623474121,21.678239822387695
116.48619079589844,53.508819580078125,17.577604293823242,22.114686965942383
115.24916076660156,52.975807189941406,17.640270233154297,21.427780151367188
114.16231536865234,51.751441955566406,17.644990921020508,22.11946678161621
112.41259002685547,51.27983856201172,17.936758041381836,21.675552368164062
111.0465087890625,50.530731201171875,17.62151336669922,22.903087615966797
110.05577087402344,50.325347900390625,16.9610652923584,21.957111358642578
108.6090316772461,49.980934143066406,17.759578704833984,22.422691345214844
107.1199722290039,49.594703674316406,17.580806732177734,23.27358627319336
105.24290466308594,50.230499267578125,17.541133880615234,22.485641479492188
104.1205825805664,49.55181884765625,17.549083709716797,23.79568862915039
103.23686218261719,49.95802688598633,17.721206665039062,22.707975387573242
102.02255249023438,50.087860107421875,18.359825134277344,23.210405349731445
101.15615844726562,50.18440246582031,18.262590408325195,23.27902603149414
100.76142120361328,50.06340789794922,18.263202667236328,23.753398895263672
99.97442626953125,50.45301818847656,18.46609115600586,23.816734313964844
99.44104766845703,50.76800537109375,17.895320892333984,23.219524383544922
98.69408416748047,50.382102966308594,18.545209884643555,23.957857131958008
99.21836853027344,50.177818298339844,18.728633880615234,23.92027473449707
97.57384490966797,50.04572296142578,18.447607040405273,23.375879287719727
97.95003509521484,49.46565246582031,18.748889923095703,23.748672485351562
97.29791259765625,48.93977355957031,18.19594955444336,24.22154426574707
96.81143188476562,48.15154266357422,19.63396453857422,24.93486213684082
95.36537170410156,47.83710861206055,19.264230728149414,25.21549415588379
94.41275787353516,48.05788040161133,19.529863357543945,25.457544326782227
93.80892181396484,48.03983688354492,19.758342742919922,24.43950653076172
92.93474578857422,47.824378967285156,19.9670467376709,25.366846084594727
91.62040710449219,48.2147331237793,18.766292572021484,25.119428634643555
90.80828094482422,48.069183349609375,19.164682388305664,25.449798583984375
89.10553741455078,48.514888763427734,19.0740909576416,25.720460891723633
87.52226257324219,48.3565673828125,19.510828018188477,26.485841751098633
85.50714111328125,49.104679107666016,19.285139083862305,25.59366798400879
84.36196899414062,49.64139938354492,19.176408767700195,25.897478103637695
83.007568359375,50.15443420410156,18.742820739746094,25.731334686279297
80.7795181274414,50.589813232421875,19.03780746459961,25.43117332458496
79.22779083251953,50.75586700439453,18.910207748413086,25.905990600585938
77.21043395996094,50.512046813964844,19.73697853088379,26.44613265991211
75.70185852050781,50.69031524658203,19.404647827148438,25.530126571655273
74.99940490722656,49.63639831542969,19.313194274902344,26.92857551574707
72.6244888305664,49.021541595458984,20.05806541442871,27.045392990112305
72.95149993896484,47.99463653564453,20.11556053161621,26.403751373291016
71.50626373291016,47.171669006347656,20.2532901763916,27.06114959716797
70.46748352050781,46.89182662963867,21.044715881347656,26.07152557373047
71.47067260742188,46.04597854614258,21.506324768066406,27.809011459350586
70.85446166992188,45.829505920410156,20.723512649536133,27.408952713012695
71.10142517089844,45.777687072753906,21.887737274169922,26.993770599365234
70.78352355957031,45.256805419921875,21.595531463623047,27.95673370361328
71.66534423828125,45.57048797607422,21.965980529785156,28.800243377685547
72.08592987060547,45.77811050415039,21.531896591186523,27.791656494140625
73.6067123413086,45.85600280761719,21.256103515625,28.591583251953125
74.78657531738281,46.0713996887207,21.89695167541504,29.10284423828125
74.69056701660156,46.45391082763672,23.144634246826172,28.811010360717773
76.93336486816406,46.0938835144043,22.73444366455078,29.225595474243164
78.23845672607422,45.845542907714844,22.374576568603516,29.26382827758789
80.49382781982422,45.37458038330078,22.00295639038086,29.162689208984375
80.9764633178711,44.72406768798828,21.578706741333008,28.921222686767578
80.60877990722656,44.05384826660156,23.0654354095459,31.55271339416504
82.64006042480469,43.90971374511719,22.795650482177734,30.327762603759766
81.51692962646484,43.36669921875,21.76572608947754,29.961383819580078
83.02548217773438,43.342586517333984,21.261232376098633,29.864770889282227
81.77813720703125,43.251441955566406,22.589054107666016,30.37175941467285
83.4023208618164,43.00086975097656,22.937623977661133,29.978300094604492
83.99996948242188,42.406715393066406,23.05776596069336,31.588748931884766
85.12844848632812,42.070011138916016,22.464990615844727,32.784332275390625
85.41902923583984,42.30377197265625,22.177534103393555,32.3879508972168
85.85755920410156,42.9085578918457,22.456069946289062,31.126914978027344
86.22019958496094,43.00052261352539,22.856597900390625,31.17383575439453
85.7996597290039,43.092132568359375,23.97212791442871,32.50635528564453
86.84969329833984,44.069129943847656,23.738773345947266,31.057941436767578
85.67096710205078,44.02735900878906,23.546571731567383,32.37578582763672
87.67410278320312,44.149559020996094,23.98866081237793,32.38431167602539
86.37882232666016,43.58181381225586,24.577863693237305,32.72667694091797
87.62542724609375,43.59516143798828,24.236583709716797,32.4968376159668
87.80724334716797,43.26995086669922,24.2114200592041,31.68449592590332
87.23117065429688,43.00403594970703,24.576580047607422,31.996990203857422
88.29849243164062,42.664283752441406,25.344024658203125,32.07371520996094
89.40704345703125,41.62626647949219,24.408254623413086,33.41853713989258
90.88969421386719,41.11521911621094,24.181554794311523,34.14878463745117
89.75377655029297,41.00901794433594,24.11043357849121,33.448333740234375
90.12680053710938,40.524009704589844,24.79110336303711,33.46218490600586
90.58206176757812,39.869300842285156,24.12380027770996,33.54813003540039
91.2576904296875,39.261661529541016,24.546865463256836,33.632049560546875
90.57247161865234,39.01396942138672,24.470430374145508,32.85914611816406
92.99298095703125,38.64305114746094,25.101451873779297,33.5219841003418
92.27911376953125,37.558738708496094,24.097999572753906,34.80527114868164
93.88561248779297,38.069393157958984,25.15218162536621,34.16316223144531
94.93443298339844,37.91379165649414,24.9440860748291,34.263328552246094
95.479736328125,38.510475158691406,26.741565704345703,34.47864532470703
96.92143249511719,38.85548400878906,27.172264099121094,34.48939895629883
97.64994049072266,38.93455505371094,27.656436920166016,33.631961822509766
100.46470642089844,39.71068572998047,27.64700698852539,34.09856033325195
102.54792785644531,40.265254974365234,28.654155731201172,33.55909729003906
104.55915832519531,41.214393615722656,29.255815505981445,34.22632598876953
107.90241241455078,41.758460998535156,28.152292251586914,34.46184539794922
109.83865356445312,42.34977340698242,30.087942123413086,35.10331726074219
113.03536987304688,42.68650817871094,28.788616180419922,33.855194091796875
116.81061553955078,43.17481231689453,29.417917251586914,34.49745559692383
119.20726013183594,43.76215362548828,30.919069290161133,35.1130256652832
122.1402359008789,43.58818054199219,30.887252807617188,34.49502944946289
125.94856262207031,42.67647171020508,29.897790908813477,34.457908630371094
127.63449096679688,42.466068267822266,31.6368465423584,35.63243865966797
130.98265075683594,41.97722625732422,29.36349868774414,33.95248794555664
133.12875366210938,41.53234100341797,30.161575317382812,33.496986389160156
134.48104858398438,41.59387969970703,30.31863021850586,32.32887649536133
135.26927185058594,40.51429748535156,30.842859268188477,32.70058822631836
137.7604217529297,40.66659164428711,30.02828025817871,30.661386489868164
138.99334716796875,39.867488861083984,28.895273208618164,29.873870849609375
140.35040283203125,39.55363082885742,30.317550659179688,29.771211624145508
141.78858947753906,38.855220794677734,28.75811767578125,30.43824005126953
142.84503173828125,38.153602600097656,30.988523483276367,31.176197052001953
144.4835968017578,37.907676696777344,31.899580001831055,32.602989196777344
145.65603637695312,37.72267532348633,31.01820945739746,34.399742126464844
147.7382049560547,38.0478515625,31.691173553466797,32.73207473754883
150.1063690185547,38.41527557373047,32.34897232055664,31.684223175048828
154.33380126953125,37.953147888183594,32.16163635253906,34.500423431396484
158.3093719482422,38.340362548828125,31.115726470947266,34.65680694580078
161.52066040039062,38.82740783691406,33.01255798339844,32.47359848022461
164.6042022705078,40.00780487060547,33.63640213012695,34.031639099121094
166.73611450195312,40.52879333496094,33.44600296020508,32.05732345581055
171.9900665283203,41.04462432861328,33.1818962097168,34.23018264770508
175.83567810058594,42.34706115722656,33.09685134887695,31.328903198242188
180.6698455810547,42.19448471069336,32.20797348022461,34.338096618652344
185.73753356933594,42.36085510253906,31.63591766357422,34.38039016723633
191.337646484375,42.853912353515625,31.542640686035156,32.846012115478516
194.28175354003906,42.40134048461914,31.429832458496094,33.63921356201172
199.09181213378906,42.033748626708984,31.695289611816406,34.060264587402344
201.5716094970703,41.783470153808594,33.60944366455078,33.24688720703125
204.41006469726562,40.849143981933594,33.15077209472656,34.65934371948242
206.80032348632812,40.85624694824219,34.02330017089844,32.31084060668945
212.2975311279297,39.4788932800293,32.00132369995117,34.813720703125
213.63177490234375,38.58042907714844,32.28208923339844,34.99179458618164
215.84243774414062,39.11937713623047,32.9254264831543,33.729732513427734
218.8822021484375,39.300872802734375,32.319664001464844,32.9574089050293
221.92294311523438,38.901466369628906,32.89072799682617,34.88015365600586
224.7500762939453,40.200836181640625,32.28179931640625,32.249202728271484
228.00074768066406,40.64994812011719,32.12440872192383,33.427818298339844
231.71302795410156,40.770748138427734,31.415258407592773,34.144317626953125
234.95350646972656,41.267494201660156,30.82559585571289,34.19545364379883
237.89755249023438,42.196388244628906,31.694257736206055,35.4188232421875
240.53436279296875,43.30146408081055,32.29442596435547,34.216941833496094
244.11122131347656,45.02386474609375,32.48441696166992,31.720401763916016
246.55154418945312,46.20467758178711,32.63508224487305,31.880149841308594
250.35879516601562,45.63391876220703,30.25682258605957,33.316505432128906
253.95252990722656,46.224822998046875,29.514989852905273,32.58066940307617
256.4853210449219,45.921043395996094,30.358552932739258,32.78036117553711
259.1859436035156,45.458251953125,30.16146469116211,32.93962478637695
261.31011962890625,45.20389175415039,29.60300064086914,31.981054306030273
264.94549560546875,44.63315963745117,28.327844619750977,32.68364715576172
268.10845947265625,44.27268600463867,27.65220832824707,33.0216064453125
270.71051025390625,44.01393508911133,27.025461196899414,33.68962860107422
273.4625244140625,43.164974212646484,25.905010223388672,34.519073486328125
273.801513671875,43.60400390625,27.086933135986328,34.1676025390625
276.4609680175781,43.98782730102539,26.52202033996582,33.710960388183594
280.5833740234375,44.093109130859375,23.96061134338379,35.10358810424805
283.1947937011719,44.715576171875,25.856060028076172,35.40694808959961
283.99383544921875,44.293975830078125,26.988595962524414,36.332435607910156
285.6078186035156,45.208003997802734,27.435279846191406,35.95368194580078
288.47467041015625,44.75295639038086,26.30802345275879,36.82447814941406
290.251953125,44.75068664550781,27.9022216796875,37.00349807739258
291.9900817871094,44.358848571777344,27.8929500579834,35.495574951171875
292.5103759765625,43.24482727050781,26.68394660949707,36.36178207397461
294.54779052734375,42.92342758178711,26.121084213256836,35.7275390625
295.1504821777344,42.27544021606445,28.04909324645996,35.161102294921875
296.38531494140625,41.253623962402344,26.337993621826172,36.14748764038086
295.8951416015625,40.595558166503906,27.18466567993164,36.253456115722656
297.5976867675781,39.28525161743164,27.54724884033203,36.971656799316406
297.7117004394531,38.594993591308594,27.14551544189453,34.93259811401367
298.04693603515625,37.18329620361328,27.939552307128906,36.54427719116211
298.3685302734375,35.89604949951172,28.11973762512207,35.51808166503906
298.52081298828125,34.4945182800293,28.05149269104004,36.761802673339844
299.83636474609375,33.3240966796875,28.999208450317383,37.695064544677734
300.80535888671875,32.77136993408203,28.6140193939209,37.22482681274414
301.04315185546875,32.35798645019531,29.365619659423828,38.851436614990234
302.9963684082031,33.84765625,27.59923553466797,37.311553955078125
304.6611633300781,34.66462707519531,28.45505714416504,37.86603927612305
306.74920654296875,35.6622428894043,28.818330764770508,38.38525390625
308.2280578613281,37.62563705444336,27.87783432006836,38.28582763671875
310.2627258300781,38.31418991088867,29.059602737426758,39.79261779785156
312.68994140625,39.39778518676758,29.12639617919922,39.80242156982422
314.44476318359375,39.394737243652344,30.429527282714844,40.03318405151367
316.70257568359375,39.03684616088867,31.27685546875,39.476402282714844
319.36627197265625,38.65103530883789,31.115177154541016,39.29786682128906
321.2512512207031,37.39970397949219,31.427326202392578,39.40206527709961
322.4345397949219,36.142799377441406,32.98691177368164,39.78969192504883
323.4793395996094,34.444358825683594,33.1236457824707,40.65018844604492
324.3105773925781,32.9126091003418,32.34300231933594,41.034751892089844
324.9454040527344,31.58988380432129,32.76454162597656,42.411380767822266
326.0663757324219,30.2864990234375,32.95896530151367,43.34928894042969
325.1260986328125,28.864290237426758,32.81735610961914,44.15330123901367
323.8736877441406,27.90922737121582,33.89265823364258,44.586299896240234
322.3337097167969,27.344287872314453,36.019630432128906,43.62133026123047
320.4940490722656,26.391836166381836,37.03825378417969,45.92753982543945
318.7117614746094,26.419309616088867,37.224510192871094,44.9261589050293
316.74566650390625,26.397817611694336,37.87833023071289,46.346195220947266
313.5333251953125,27.259567260742188,39.65198516845703,45.49492645263672
312.04876708984375,26.997127532958984,39.7595329284668,48.697242736816406
310.2304992675781,28.115619659423828,38.56106185913086,48.80860137939453
306.79974365234375,29.158693313598633,40.2193717956543,47.88380813598633
303.0145263671875,30.26547622680664,41.67133331298828,48.20689392089844
300.9018249511719,31.51616859436035,39.85044479370117,48.67026901245117
297.1380920410156,31.630765914916992,41.013221740722656,49.36626052856445
293.4712219238281,31.46904945373535,42.90896987915039,50.182132720947266
290.53564453125,31.236404418945312,42.33033752441406,48.869773864746094
287.08203125,30.19449234008789,45.03314971923828,50.75221252441406
285.22064208984375,29.32012367248535,46.05167770385742,49.8643913269043
281.9001770019531,28.907373428344727,46.5450439453125,49.196353912353516
280.7169189453125,26.879287719726562,47.053524017333984,49.490943908691406
277.5948791503906,25.63579750061035,48.17511749267578,50.986141204833984
274.6012878417969,24.79291343688965,49.969749450683594,50.69142532348633
272.2805480957031,25.58446502685547,49.46271896362305,49.7640380859375
268.8478698730469,24.371429443359375,51.111026763916016,53.314476013183594
267.2602233886719,25.609031677246094,46.943321228027344,52.05901336669922
262.7187805175781,25.250459671020508,49.67179489135742,51.86275863647461
258.86236572265625,25.45969581604004,50.3753776550293,52.6692008972168
254.75344848632812,25.682048797607422,54.0720100402832,50.976173400878906
252.2593536376953,24.70707130432129,50.90865707397461,54.5599250793457
248.82803344726562,25.313724517822266,55.085628509521484,51.33654022216797
246.65036010742188,24.716522216796875,54.35540771484375,53.29985809326172
244.64903259277344,24.30390167236328,53.23820114135742,52.92157745361328
241.25350952148438,23.809917449951172,55.91448974609375,54.125640869140625
238.01052856445312,23.0450382232666,58.2651481628418,53.91508102416992
235.61656188964844,22.69351577758789,58.691375732421875,54.456878662109375
232.92080688476562,22.924007415771484,59.831485748291016,56.24705505371094
230.80465698242188,21.361515045166016,59.20873260498047,55.849708557128906
228.03929138183594,23.454294204711914,58.71281051635742,56.77396774291992
225.05508422851562,24.248600006103516,60.00513458251953,54.670066833496094
223.37660217285156,24.411277770996094,57.53498077392578,55.82434844970703
220.794921875,24.909561157226562,58.80783462524414,57.73719024658203
218.25595092773438,25.995624542236328,63.76155471801758,56.37420654296875
217.90469360351562,25.831172943115234,61.74560546875,55.40171813964844
216.39028930664062,25.036693572998047,64.72968292236328,57.589630126953125
218.37081909179688,24.324281692504883,61.09695053100586,59.14328384399414
218.11984252929688,23.613218307495117,60.7903938293457,58.81240463256836
218.3437042236328,22.90168571472168,60.54376220703125,58.35385513305664
218.1471405029297,21.609113693237305,62.54642105102539,58.02998733520508
219.20794677734375,20.83778953552246,61.29191970825195,57.95241928100586
219.57070922851562,20.091262817382812,61.03230285644531,56.46868133544922
220.13827514648438,17.597347259521484,59.4413948059082,59.587486267089844
220.6387939453125,15.938777923583984,58.53228759765625,61.32606506347656
221.1310272216797,15.605422973632812,56.980953216552734,58.17266845703125
221.23025512695312,12.472833633422852,55.0909538269043,59.69346237182617
221.8794708251953,11.362720489501953,56.54436111450195,59.82032775878906
223.51979064941406,11.79368782043457,54.628822326660156,57.205501556396484
224.29449462890625,10.408721923828125,54.25718307495117,57.425209045410156
225.9956512451172,9.024499893188477,52.19559097290039,59.2355842590332
224.71514892578125,9.230440139770508,53.64249801635742,57.946475982666016
225.22244262695312,10.232471466064453,51.20229721069336,55.970916748046875
222.87818908691406,9.611143112182617,53.277740478515625,55.705448150634766
220.65184020996094,11.223228454589844,53.235313415527344,54.248008728027344
216.9568634033203,12.006561279296875,52.77796173095703,56.30189514160156
214.5380401611328,13.386972427368164,52.213340759277344,53.02206802368164
210.3392333984375,13.832487106323242,51.58641052246094,54.657840728759766
204.61614990234375,15.00886344909668,53.742713928222656,56.147464752197266
199.99485778808594,16.951169967651367,51.66558074951172,53.95012283325195
191.4766387939453,18.424673080444336,52.93929672241211,55.06251907348633
183.5472412109375,20.16986083984375,52.24317932128906,53.81156921386719
173.81216430664062,22.60128402709961,52.914756774902344,53.226051330566406
164.66763305664062,24.2783203125,50.45933151245117,53.947288513183594
154.12252807617188,26.396408081054688,49.55375671386719,53.836341857910156
140.86468505859375,26.989276885986328,51.275997161865234,54.29985046386719
125.69949340820312,28.589448928833008,54.985050201416016,53.34598922729492
116.07746124267578,29.57712745666504,53.39445495605469,52.9304084777832
106.2718505859375,29.004465103149414,53.69554901123047,52.31575393676758
95.23798370361328,28.999557495117188,53.55801010131836,51.38398742675781
86.48026275634766,27.967374801635742,51.58596420288086,54.3686408996582
78.63021850585938,27.044883728027344,50.55499267578125,53.35499572753906
72.04993438720703,26.05542755126953,49.86990737915039,53.138877868652344
65.71492004394531,25.78516387939453,52.0606689453125,52.399864196777344
60.58060073852539,25.624441146850586,52.126869201660156,51.944461822509766
55.78425979614258,23.664920806884766,52.310462951660156,55.16424560546875
51.08753967285156,24.19623565673828,53.16892623901367,54.413787841796875
47.01960372924805,25.39362907409668,54.36829376220703,51.60648727416992
44.36456298828125,24.993202209472656,53.55501937866211,52.189491271972656
42.54151153564453,25.0113468170166,51.91456985473633,52.43625259399414
41.193485260009766,24.650449752807617,50.94951629638672,51.98371505737305
39.644798278808594,24.408979415893555,52.20450973510742,51.094173431396484
38.75293731689453,22.572248458862305,52.371246337890625,53.240116119384766
38.42346954345703,22.035179138183594,52.01340866088867,52.90552520751953
37.7269172668457,20.60205841064453,53.410499572753906,53.30036926269531
38.04892349243164,19.54316520690918,48.81664276123047,53.20163345336914
37.591796875,17.13928985595703,50.54977798461914,53.076942443847656
36.83708190917969,15.269466400146484,50.88826370239258,53.747779846191406
37.099266052246094,14.03640365600586,49.58002853393555,52.65869140625
36.02159118652344,13.245277404785156,51.05068588256836,51.46092987060547
34.73474884033203,12.77564811706543,51.64899444580078,49.8997688293457
35.11817169189453,10.727218627929688,49.89851760864258,51.247344970703125
33.04861831665039,9.331134796142578,51.60363006591797,52.05784606933594
31.695457458496094,8.567344665527344,51.468650817871094,51.17381286621094
30.416791915893555,8.322443008422852,51.24692916870117,50.607967376708984
27.11757469177246,8.391056060791016,52.1736946105957,50.70231628417969
24.928743362426758,8.997922897338867,52.3221321105957,51.29818344116211
22.36423683166504,9.155330657958984,50.98824691772461,51.08204650878906
18.244699478149414,9.496652603149414,51.96549606323242,50.3610954284668
13.311174392700195,9.402231216430664,53.345584869384766,51.4448356628418
7.111627578735352,8.636665344238281,55.00869369506836,52.72914123535156
1.2399120330810547,8.42557144165039,56.34614944458008,51.79029846191406
