340.0,358.0,18.0,55.0
338.9195556640625,358.13201904296875,18.587717056274414,53.94815444946289
339.3330078125,358.3522033691406,18.176979064941406,54.89690399169922
338.05078125,361.0662841796875,17.51660919189453,52.41719436645508
335.52740478515625,360.6404113769531,18.928754806518555,53.692195892333984
334.2249450683594,360.29974365234375,20.056596755981445,53.39076232910156
333.0213623046875,359.73046875,20.55988121032715,53.236610412597656
329.2361755371094,358.41717529296875,21.781370162963867,55.24258804321289
325.73785400390625,357.7817687988281,22.958223342895508,52.81831741333008
321.3814392089844,357.39898681640625,25.040294647216797,53.79936218261719
320.44451904296875,359.021484375,23.559152603149414,55.623504638671875
318.9886779785156,358.5201110839844,20.517963409423828,54.54081726074219
317.5998840332031,358.5728454589844,19.141483306884766,54.16880416870117
314.7168273925781,358.5784606933594,18.33663558959961,56.31880569458008
313.3713073730469,360.6678771972656,17.29213523864746,55.84339141845703
312.89990234375,363.18310546875,17.295743942260742,55.20354461669922
310.5111083984375,363.2384338378906,16.60685157775879,55.213233947753906
307.986083984375,364.1850891113281,18.09464454650879,54.74562454223633
304.76068115234375,365.59698486328125,18.304967880249023,55.57386016845703
304.1152038574219,366.98736572265625,19.603038787841797,54.892913818359375
303.7921447753906,366.7912902832031,21.248374938964844,52.860435485839844
303.3708801269531,368.7691650390625,21.83563232421875,54.511573791503906
301.94537353515625,369.97650146484375,23.070711135864258,51.977073669433594
301.16937255859375,370.19244384765625,23.212078094482422,53.73606491088867
299.8805236816406,371.5299987792969,25.64386558532715,54.47487258911133
299.6278991699219,372.085693359375,22.130695343017578,52.06480407714844
298.2943420410156,372.48760986328125,20.81148910522461,53.74873352050781
298.09527587890625,373.7741394042969,19.347496032714844,52.69144821166992
296.9881591796875,375.8058166503906,19.076351165771484,53.53714370727539
297.3898620605469,375.271240234375,17.357315063476562,53.552040100097656
297.2138977050781,376.4678649902344,16.482755661010742,54.0240364074707
296.6430358886719,376.8961181640625,17.509197235107422,55.08098602294922
295.4867858886719,378.17901611328125,16.382089614868164,56.005096435546875
296.4103088378906,379.4902038574219,17.18939971923828,54.05061721801758
296.6566162109375,380.0116882324219,17.683210372924805,53.16486740112305
296.54156494140625,379.7414855957031,19.673709869384766,53.416019439697266
295.4207763671875,377.94622802734375,20.692508697509766,54.524391174316406
295.82086181640625,380.6244201660156,22.052736282348633,52.78009033203125
296.783935546875,381.224853515625,21.79388427734375,51.91853713989258
296.84967041015625,379.65179443359375,22.33999252319336,51.66588592529297
295.2879943847656,379.7508544921875,21.38428497314453,52.8033332824707
294.6434631347656,378.5644226074219,20.14478874206543,52.62636947631836
294.0936584472656,377.5251159667969,18.358905792236328,52.406986236572266
293.74560546875,377.44989013671875,18.204870223999023,53.613075256347656
293.9503173828125,376.3910217285156,16.429771423339844,52.72317123413086
292.5939636230469,377.08477783203125,15.842144012451172,52.66081619262695
292.1023254394531,377.28973388671875,16.46240997314453,53.553863525390625
292.03607177734375,377.2523498535156,15.873867988586426,53.55581283569336
291.44781494140625,375.13397216796875,15.888115882873535,53.2108039855957
292.6199645996094,375.6906433105469,15.857988357543945,54.26417541503906
291.05584716796875,375.713623046875,17.64736557006836,53.604793548583984
291.0616760253906,375.7598876953125,18.276227951049805,52.40481185913086
291.1300048828125,377.556396484375,19.133502960205078,54.2846794128418
289.8967590332031,376.47698974609375,19.458101272583008,53.07141876220703
288.1160888671875,379.0274658203125,22.36558723449707,51.54762649536133
287.9410095214844,377.8436584472656,22.47249412536621,52.010738372802734
288.0986022949219,380.1510925292969,20.921812057495117,52.41114044189453
286.88958740234375,381.2470397949219,22.48195457458496,51.15899658203125
286.3853759765625,382.331787109375,20.944795608520508,51.4079704284668
284.42303466796875,381.6471252441406,19.766340255737305,52.82199478149414
282.3749084472656,383.8744201660156,21.0897274017334,53.07249069213867
282.1869201660156,385.640625,18.538475036621094,51.933597564697266
280.7263488769531,386.43017578125,18.058900833129883,53.59955596923828
279.858154296875,387.5144348144531,16.73737907409668,53.427608489990234
278.1651611328125,389.0695495605469,16.15562629699707,53.81602478027344
276.97247314453125,387.4649963378906,15.161457061767578,53.891658782958984
275.58349609375,386.81829833984375,15.795257568359375,53.75082778930664
273.76123046875,385.4468688964844,16.926612854003906,53.71735763549805
273.2724304199219,386.29058837890625,18.126224517822266,53.27313232421875
272.0113830566406,384.1723327636719,19.18008041381836,52.596256256103516
270.0272216796875,381.40142822265625,19.491863250732422,53.11355209350586
271.4169006347656,380.3602294921875,18.437170028686523,51.84374237060547
271.8455810546875,381.95269775390625,20.05379295349121,50.58944320678711
271.58642578125,377.8286437988281,19.973432540893555,51.56703186035156
270.2193603515625,374.59906005859375,19.352436065673828,52.408599853515625
268.1685485839844,372.6158752441406,19.595340728759766,53.27703857421875
266.8827209472656,372.67510986328125,19.055574417114258,52.60456848144531
266.24542236328125,370.4654541015625,17.73372459411621,53.092254638671875
264.68719482421875,370.8966979980469,18.98304557800293,54.89668655395508
266.0411071777344,369.6495361328125,16.771366119384766,54.729766845703125
266.14825439453125,370.4068603515625,16.456199645996094,53.796424865722656
265.97979736328125,371.3721008300781,16.856006622314453,53.72681427001953
265.03076171875,372.966552734375,16.199975967407227,53.500057220458984
265.4243469238281,375.0231018066406,17.233259201049805,54.010459899902344
263.3052062988281,373.9086608886719,17.457895278930664,52.42904281616211
261.5537109375,374.6173095703125,18.866958618164062,51.61159896850586
259.82550048828125,371.7174377441406,19.960161209106445,51.87362289428711
258.6793212890625,371.4600524902344,20.096895217895508,52.15336227416992
257.5719299316406,369.6397705078125,20.567424774169922,50.07294845581055
256.6392517089844,370.9383239746094,19.859485626220703,50.592506408691406
255.58843994140625,371.1943054199219,19.8930721282959,51.24015426635742
250.89439392089844,370.6282958984375,23.22048568725586,51.446258544921875
252.1327667236328,371.7642517089844,20.02750015258789,50.64228439331055
251.00900268554688,368.72003173828125,20.004640579223633,51.861480712890625
250.69024658203125,367.45452880859375,19.068424224853516,51.80055618286133
248.51171875,366.8016662597656,19.531192779541016,52.766544342041016
248.1629638671875,367.2611083984375,18.601741790771484,53.0307731628418
248.6966552734375,365.24774169921875,17.32879638671875,52.77355194091797
249.0669403076172,365.7827453613281,17.374065399169922,51.336917877197266
247.78504943847656,363.7795715332031,16.98692512512207,50.690860748291016
248.60682678222656,365.10003662109375,16.174089431762695,52.997432708740234
247.26109313964844,364.52520751953125,15.919332504272461,53.257293701171875
246.96067810058594,365.57421875,16.535980224609375,52.56941604614258
245.39541625976562,363.1263427734375,17.26342010498047,52.440067291259766
244.2203369140625,362.9138488769531,18.111042022705078,52.7676887512207
244.2728271484375,362.4846496582031,18.329652786254883,54.02497100830078
242.94174194335938,365.2331848144531,17.795269012451172,53.171775817871094
240.96258544921875,363.9065856933594,19.916776657104492,51.56328582763672
240.27328491210938,364.6775207519531,18.38375473022461,53.30044937133789
239.16842651367188,367.35125732421875,19.8253116607666,53.39896774291992
237.82276916503906,364.9197998046875,20.31398582458496,52.73398208618164
238.496826171875,363.8103332519531,17.254440307617188,53.141029357910156
240.40557861328125,361.7772216796875,16.805747985839844,53.14167404174805
241.8699951171875,361.8620910644531,17.936172485351562,54.4173469543457
246.9653778076172,357.54705810546875,16.941631317138672,55.54922103881836
249.71681213378906,353.81060791015625,16.74349594116211,51.763641357421875
251.98800659179688,350.8353576660156,15.578237533569336,51.63976287841797
250.83702087402344,348.42205810546875,16.560876846313477,52.29845428466797
250.01547241210938,351.75836181640625,16.36170196533203,52.33381652832031
249.63804626464844,351.1954650878906,17.66561508178711,50.70507049560547
250.50131225585938,350.5340576171875,17.666183471679688,50.21748352050781
252.09605407714844,350.9147033691406,18.122392654418945,50.95381546020508
254.62255859375,352.5887756347656,17.17157745361328,50.43233871459961
255.1497039794922,353.94873046875,19.636701583862305,51.758880615234375
257.1844787597656,351.5337219238281,19.532995223999023,51.115299224853516
258.73040771484375,351.9843444824219,18.67429542541504,52.554378509521484
260.6004943847656,352.074951171875,18.778202056884766,49.610565185546875
259.989501953125,354.4593811035156,20.48951530456543,48.34273147583008
260.5943298339844,352.5084533691406,20.923629760742188,47.45893096923828
259.21905517578125,355.3502502441406,22.52226448059082,49.26724624633789
258.7609558105469,354.6590576171875,21.251014709472656,48.538536071777344
259.5110168457031,354.1683044433594,20.433412551879883,50.328880310058594
260.3397216796875,354.62152099609375,19.38202667236328,49.21692657470703
262.1549072265625,353.8526916503906,18.564350128173828,51.56471633911133
263.00189208984375,351.920654296875,17.597183227539062,53.24683380126953
262.1741027832031,352.9322204589844,16.924015045166016,50.2762451171875
261.628173828125,350.7977600097656,16.39623260498047,50.54258346557617
261.42449951171875,350.4561767578125,16.152851104736328,50.07200241088867
261.5265197753906,347.9559326171875,16.276002883911133,52.217411041259766
262.9029846191406,348.1581726074219,16.570653915405273,52.25995635986328
261.5058898925781,347.6658020019531,17.930017471313477,50.337364196777344
261.8255920410156,347.7417297363281,18.73659896850586,51.57945251464844
259.1548156738281,348.9151611328125,18.974802017211914,50.73332595825195
258.16143798828125,348.960205078125,18.782852172851562,51.29840087890625
257.9156799316406,349.79345703125,18.83761215209961,51.83002471923828
258.4696960449219,348.995361328125,18.565929412841797,50.38138198852539
259.9484558105469,349.3297119140625,18.8450927734375,50.51521301269531
259.2817077636719,352.3028259277344,19.258806228637695,51.46516418457031
258.2204284667969,354.1905822753906,18.221208572387695,51.935081481933594
256.6917724609375,357.022216796875,17.711210250854492,53.485015869140625
255.15771484375,356.46142578125,17.800844192504883,51.79607009887695
252.19329833984375,356.23193359375,16.864686965942383,53.717220306396484
248.32516479492188,358.0234680175781,17.190689086914062,52.29609298706055
245.2178497314453,359.1455383300781,18.114118576049805,51.2744140625
243.6905059814453,357.86328125,17.135568618774414,51.307373046875
242.986328125,356.810302734375,16.312620162963867,51.089271545410156
243.2455596923828,358.8865051269531,17.075780868530273,52.01333236694336
241.58447265625,356.69732666015625,17.44062614440918,51.790313720703125
240.52169799804688,358.203857421875,18.744054794311523,54.00927734375
239.45327758789062,357.4068603515625,19.21820640563965,52.619327545166016
237.92420959472656,358.9288330078125,19.219703674316406,54.18465042114258
236.61514282226562,359.475830078125,20.001482009887695,55.287384033203125
233.73403930664062,361.68194580078125,22.436376571655273,54.688045501708984
233.52772521972656,359.54241943359375,21.951231002807617,55.619895935058594
232.6918182373047,359.369140625,22.533382415771484,56.22019577026367
231.72442626953125,361.2180480957031,22.477642059326172,55.22013854980469
228.49844360351562,362.5398864746094,26.610353469848633,57.16877746582031
226.5668487548828,361.5461730957031,28.4211368560791,56.18880844116211
226.12118530273438,359.77313232421875,25.319869995117188,56.46734619140625
223.86859130859375,357.4499816894531,25.108434677124023,57.9200439453125
222.92880249023438,355.6225891113281,24.018301010131836,61.35452651977539
221.5146026611328,351.69140625,24.744800567626953,63.01911926269531
221.87034606933594,350.1318359375,22.413930892944336,63.66825866699219
220.20062255859375,345.288330078125,21.09537696838379,65.60205078125
219.43809509277344,342.1831970214844,20.92473602294922,67.17012023925781
217.1055908203125,345.862060546875,20.50830841064453,66.64327239990234
215.24562072753906,344.93328857421875,21.789997100830078,68.02023315429688
211.5610809326172,345.72039794921875,22.625587463378906,68.35649108886719
213.70855712890625,344.9607238769531,23.729150772094727,67.7599868774414
212.44598388671875,344.17578125,24.660316467285156,69.64854431152344
210.54129028320312,343.4571838378906,25.833410263061523,71.55071258544922
208.05877685546875,346.5011291503906,27.93985366821289,70.97486114501953
207.2606658935547,347.0528869628906,28.421154022216797,75.14482879638672
206.88597106933594,345.77667236328125,28.96407127380371,73.50605773925781
205.21372985839844,347.82373046875,29.469438552856445,75.56212615966797
203.34193420410156,346.5376281738281,29.180870056152344,76.9095230102539
201.78489685058594,349.8348388671875,28.464374542236328,77.17091369628906
199.5271759033203,349.7268981933594,29.551374435424805,81.55042266845703
197.9576416015625,347.5726318359375,28.012670516967773,80.91944122314453
196.03208923339844,348.4853515625,25.834545135498047,81.51233673095703
192.24697875976562,348.3865966796875,27.293075561523438,82.448974609375
189.54693603515625,347.8080139160156,29.81974220275879,83.13878631591797
187.11875915527344,348.7099914550781,27.5452938079834,88.6368637084961
184.60372924804688,347.4013977050781,28.653793334960938,87.83654022216797
183.22915649414062,343.2244873046875,31.202816009521484,91.7249526977539
179.73281860351562,352.1177673339844,32.19270324707031,91.25298309326172
177.1898956298828,353.04962158203125,34.930694580078125,92.12579345703125
174.4446258544922,354.6286926269531,38.396785736083984,93.2343521118164
172.68280029296875,350.42498779296875,36.018333435058594,94.57012939453125
169.98777770996094,356.1241149902344,37.9669189453125,92.72522735595703
168.01388549804688,355.938232421875,38.98844909667969,91.04286193847656
166.2648162841797,357.82159423828125,37.17530059814453,94.81330871582031
164.87799072265625,360.46417236328125,34.69330596923828,100.5706787109375
160.07177734375,358.11175537109375,36.60581970214844,99.71711730957031
160.32159423828125,359.3509826660156,35.95826721191406,102.18968963623047
161.96424865722656,360.6208190917969,34.781131744384766,104.68183898925781
161.30691528320312,361.6689147949219,35.739505767822266,109.77632904052734
159.045654296875,362.20086669921875,37.364601135253906,110.40985870361328
153.60751342773438,361.29608154296875,42.27696990966797,110.32154083251953
149.42564392089844,362.6379089355469,46.206092834472656,113.4671630859375
145.6318817138672,367.4586181640625,45.46704864501953,115.8232421875
143.39361572265625,368.37078857421875,46.32838439941406,112.16777801513672
142.34152221679688,362.5172119140625,47.559600830078125,113.23013305664062
140.1500244140625,369.73193359375,49.896244049072266,116.64730834960938
138.70919799804688,366.0065612792969,47.24755859375,117.0843505859375
133.44561767578125,355.3031005859375,52.36805725097656,125.63996124267578
128.08546447753906,358.22418212890625,57.34588623046875,117.75479125976562
124.67045593261719,357.96063232421875,62.277442932128906,120.62933349609375
120.19158935546875,350.3493347167969,72.88892364501953,119.37737274169922
119.28334045410156,340.8914794921875,75.85462188720703,123.64669036865234
118.99058532714844,344.1955261230469,84.22647857666016,123.37004089355469
129.96530151367188,345.4648742675781,69.68156433105469,124.77648162841797
144.2404327392578,343.2210998535156,53.078060150146484,127.00704193115234
156.27993774414062,340.3770751953125,51.415313720703125,132.4075469970703
168.08302307128906,336.01397705078125,51.17624282836914,132.54440307617188
178.176513671875,325.6051025390625,45.786930084228516,140.349853515625
186.78741455078125,326.3857727050781,47.1927375793457,143.0508575439453
193.83013916015625,332.2425537109375,47.26848220825195,147.10926818847656
199.1347198486328,336.2334289550781,53.883243560791016,152.13897705078125
201.7482147216797,336.6785583496094,57.640830993652344,158.83673095703125
198.2277374267578,339.2940979003906,72.6287841796875,156.82276916503906
204.84580993652344,342.18359375,70.65901947021484,155.36810302734375
201.72486877441406,345.79376220703125,82.26941680908203,158.69332885742188
201.16494750976562,345.4853515625,88.19818115234375,165.99562072753906
200.46417236328125,354.9805908203125,102.7025146484375,163.90663146972656
204.20626831054688,360.217529296875,97.83897399902344,165.60360717773438
211.044189453125,356.43731689453125,80.40990447998047,168.6350860595703
216.63742065429688,359.31005859375,69.65165710449219,170.53785705566406
221.021484375,361.2291259765625,66.93228912353516,171.74124145507812
230.12530517578125,359.72039794921875,61.11083984375,182.17227172851562
236.6022186279297,362.3643493652344,63.75392532348633,187.58961486816406
242.35182189941406,359.12518310546875,59.33072280883789,190.59713745117188
243.36016845703125,345.8453369140625,56.8290901184082,200.25433349609375
239.02569580078125,338.25433349609375,60.571044921875,204.1834259033203
232.86468505859375,329.43206787109375,62.89642333984375,208.51248168945312
223.34573364257812,317.7362976074219,65.43955993652344,210.0936279296875
219.36854553222656,310.59716796875,76.6438980102539,207.9061737060547
216.18727111816406,301.8720703125,77.51619720458984,203.59915161132812
219.09950256347656,294.3050537109375,82.71817779541016,199.27377319335938
219.34353637695312,283.293212890625,78.27569580078125,201.04519653320312
225.1433563232422,292.2787780761719,80.6326675415039,201.7222900390625
225.44113159179688,285.0499572753906,81.80690002441406,203.4700927734375
230.46044921875,277.70916748046875,77.57731628417969,202.3112335205078
238.88504028320312,285.1502380371094,72.35150146484375,202.2318115234375
245.22564697265625,291.13360595703125,68.19396209716797,204.2117919921875
250.19090270996094,286.76226806640625,62.28634262084961,198.92466735839844
255.50222778320312,283.2080383300781,59.8712272644043,202.128173828125
265.9272155761719,284.6332092285156,60.2625617980957,200.3593292236328
269.9301452636719,286.6514892578125,61.1637077331543,203.18614196777344
268.65020751953125,291.5531005859375,66.43341827392578,204.40655517578125
271.0456237792969,293.91082763671875,67.33454895019531,201.7356414794922
269.4213562011719,296.2712707519531,72.087646484375,206.0280303955078
264.5823974609375,302.3616943359375,76.6146240234375,203.99928283691406
264.58978271484375,302.89117431640625,77.21414947509766,199.96957397460938
261.7018127441406,296.9391174316406,75.73149871826172,200.0018768310547
254.27032470703125,293.8258056640625,81.77079772949219,202.03575134277344
248.75144958496094,298.66943359375,87.27676391601562,195.02066040039062
238.80764770507812,290.03155517578125,93.01624298095703,198.65599060058594
239.7618408203125,283.83404541015625,91.54120635986328,202.89730834960938
235.1817626953125,285.4477844238281,86.06047821044922,201.20770263671875
237.40423583984375,285.0374755859375,82.71348571777344,199.87205505371094
244.75636291503906,285.5323486328125,73.7535171508789,191.81288146972656
259.88970947265625,281.8178405761719,68.24652862548828,210.19244384765625
267.59429931640625,278.84033203125,63.85213088989258,202.72988891601562
274.7321472167969,266.7131042480469,60.32418441772461,206.83935546875
274.08184814453125,265.1238098144531,56.563350677490234,211.55792236328125
282.930419921875,260.30792236328125,57.3686637878418,206.9186553955078
289.9165954589844,252.18309020996094,61.618587493896484,207.63882446289062
285.0474853515625,246.72412109375,65.90348815917969,209.12852478027344
287.73321533203125,249.11273193359375,68.17489624023438,207.18157958984375
285.0007629394531,258.244140625,71.44590759277344,204.14181518554688
289.2054748535156,261.31121826171875,72.83753967285156,199.44497680664062
297.2852478027344,265.63568115234375,73.45873260498047,195.18820190429688
298.2808837890625,265.36444091796875,72.79360961914062,205.93943786621094
297.63433837890625,266.04864501953125,76.03682708740234,211.3863525390625
296.65972900390625,265.9129638671875,74.26488494873047,208.41302490234375
299.2144470214844,264.5626525878906,67.50599670410156,206.18638610839844
302.5987854003906,263.5400390625,63.97726058959961,196.07699584960938
297.23492431640625,266.3533020019531,61.085044860839844,198.88624572753906
287.82806396484375,270.6071472167969,58.905094146728516,195.14149475097656
282.9414367675781,267.9834899902344,57.796043395996094,198.94798278808594
278.0084228515625,272.198974609375,57.46260070800781,193.9199676513672
275.1869201660156,263.995361328125,64.684814453125,200.1155242919922
267.20855712890625,262.8177490234375,65.95026397705078,187.76773071289062
267.1507568359375,262.9537048339844,70.3609390258789,191.3982391357422
254.443359375,269.5635681152344,77.17347717285156,185.75596618652344
249.67454528808594,275.3907470703125,77.8590316772461,181.75942993164062
248.58721923828125,276.55450439453125,78.96479797363281,178.931884765625
243.99951171875,276.11651611328125,82.41508483886719,180.70571899414062
240.16746520996094,279.0976867675781,85.1716079711914,184.13975524902344
242.0146484375,277.8810729980469,82.38953399658203,181.778564453125
244.4560546875,275.87420654296875,83.55284118652344,183.5189666748047
242.07958984375,278.35205078125,79.57202911376953,184.47525024414062
242.66259765625,270.86962890625,74.14783477783203,190.75601196289062
241.63609313964844,262.78021240234375,68.1421127319336,195.67013549804688
237.42474365234375,264.82098388671875,63.149898529052734,191.41067504882812
232.11810302734375,259.8414306640625,59.56304931640625,187.6154022216797
239.65220642089844,266.71759033203125,60.10349655151367,186.3273468017578
247.52386474609375,269.2210998535156,56.34093475341797,189.67430114746094
255.91839599609375,277.8533020019531,58.84563446044922,188.82763671875
261.2355041503906,279.15643310546875,63.696346282958984,192.59136962890625
262.02301025390625,288.1644592285156,71.23352813720703,183.78797912597656
268.4711608886719,294.611572265625,69.23113250732422,181.7052459716797
278.5625305175781,303.23406982421875,68.87928771972656,189.60462951660156
281.94793701171875,322.4429016113281,72.03607177734375,189.27423095703125
285.4414367675781,324.0000305175781,70.73722839355469,192.94537353515625
291.7965393066406,326.2427062988281,68.3036117553711,197.1974334716797
293.094482421875,330.29693603515625,70.32799530029297,198.5408935546875
295.45361328125,338.2525939941406,67.72146606445312,198.9952850341797
296.36956787109375,340.81500244140625,65.6127700805664,192.67062377929688
301.8913269042969,352.09136962890625,60.97781753540039,183.87509155273438
300.8452453613281,347.8061218261719,59.0441780090332,183.4820556640625
301.873291015625,352.86297607421875,58.63078689575195,183.2774658203125
302.6273193359375,352.84442138671875,60.50361251831055,187.59201049804688
304.45806884765625,358.242919921875,61.98534393310547,195.20713806152344
296.96258544921875,365.26348876953125,66.8101806640625,193.03961181640625
293.2755432128906,366.87664794921875,72.11685943603516,193.82681274414062
288.2971496582031,369.26983642578125,74.40471649169922,194.89024353027344
281.82177734375,374.5186767578125,81.24296569824219,189.8595733642578
278.47442626953125,380.7529602050781,82.45181274414062,184.8273468017578
273.56610107421875,392.4178466796875,84.67887878417969,182.6459197998047
266.2262268066406,405.750244140625,91.74601745605469,174.79881286621094
263.48431396484375,401.57159423828125,93.90740966796875,171.30679321289062
268.30303955078125,402.6527099609375,90.39623260498047,168.92520141601562
268.4123840332031,398.19451904296875,83.22270202636719,167.15931701660156
268.88555908203125,387.29522705078125,75.6344985961914,172.54750061035156
268.5077209472656,378.95355224609375,72.5962905883789,176.28439331054688
269.1399230957031,373.34893798828125,66.15555572509766,178.4740753173828
268.9840087890625,370.18719482421875,58.328826904296875,181.8964080810547
274.71087646484375,357.0193176269531,53.348175048828125,185.47637939453125
278.36456298828125,350.1479797363281,51.3685417175293,187.60211181640625
280.1849670410156,346.3332824707031,54.77363204956055,188.8616180419922
274.0060119628906,345.1838684082031,62.51376724243164,185.3253173828125
271.166748046875,344.192138671875,69.01181030273438,187.1356201171875
268.6434020996094,354.3451232910156,74.4582748413086,180.51104736328125
269.2159423828125,352.379150390625,76.1387710571289,185.50326538085938
268.7588195800781,355.42730712890625,76.49382781982422,184.86398315429688
270.5272216796875,356.6548156738281,76.97762298583984,191.2926483154297
266.9624938964844,358.4349670410156,80.46117401123047,191.521728515625
260.3582763671875,364.8380432128906,94.2149887084961,188.24957275390625
244.7515106201172,372.7330627441406,114.04989624023438,190.0875244140625
237.4778289794922,359.0242004394531,104.72927856445312,204.50315856933594
242.67111206054688,352.1063537597656,91.55931854248047,209.93804931640625
245.48184204101562,348.43450927734375,82.34784698486328,213.14364624023438
248.16293334960938,342.59307861328125,77.19126892089844,219.80133056640625
254.03118896484375,342.8058776855469,67.21783447265625,213.9451446533203
259.46527099609375,367.83917236328125,58.682132720947266,187.619140625
257.52850341796875,360.3769226074219,62.195491790771484,192.1374969482422
258.5793762207031,345.5400695800781,71.72469329833984,204.84214782714844
263.5179138183594,337.320556640625,72.0983657836914,208.50192260742188
263.1930847167969,331.2279052734375,83.57135772705078,218.83432006835938
277.21112060546875,328.2129821777344,79.2179946899414,218.2608184814453
283.44287109375,323.4399719238281,87.9173355102539,219.76283264160156
286.92352294921875,324.85302734375,96.58757019042969,211.65682983398438
296.6617736816406,322.48724365234375,110.34441375732422,210.09765625
306.518310546875,323.29290771484375,114.9241943359375,211.88133239746094
320.7156982421875,332.6943359375,112.1269760131836,209.57688903808594
332.84716796875,341.870361328125,120.25037384033203,198.79344177246094
347.5263366699219,340.88385009765625,130.0272216796875,199.88978576660156
365.2822265625,342.0752258300781,119.72980499267578,203.04998779296875
380.6474914550781,352.5478210449219,97.8208999633789,193.07041931152344
389.26812744140625,352.3079833984375,83.30237579345703,196.07345581054688
404.6909484863281,350.71160888671875,61.965415954589844,187.69314575195312
417.4388732910156,349.6824035644531,55.50501251220703,186.33164978027344
436.4574279785156,341.09735107421875,51.32691192626953,191.8447723388672
446.32403564453125,336.39434814453125,47.477291107177734,183.23117065429688
454.6259460449219,348.8446960449219,34.91608810424805,168.77740478515625
457.825927734375,355.58758544921875,30.79535675048828,168.28115844726562
460.9430847167969,373.51849365234375,29.519699096679688,149.92352294921875
461.3466796875,379.72955322265625,28.94450569152832,145.394287109375
461.3542785644531,390.5808410644531,27.858078002929688,136.06922912597656
461.4098205566406,384.1949157714844,27.705219268798828,137.68067932128906
458.633544921875,383.2503967285156,26.559030532836914,140.23707580566406
448.4416198730469,365.8913879394531,35.5530891418457,149.32701110839844
440.0297546386719,356.6424560546875,43.58220291137695,168.18051147460938
424.01568603515625,352.95111083984375,56.40153503417969,177.3485565185547
405.84027099609375,356.0087890625,57.441375732421875,183.28402709960938
391.9241943359375,359.063232421875,56.09239196777344,182.08677673339844
378.3801574707031,357.3340148925781,57.91801452636719,182.74864196777344
364.1878356933594,358.6957702636719,57.804264068603516,182.96728515625
352.7293701171875,360.46624755859375,56.668174743652344,184.10250854492188
338.8389587402344,355.6041259765625,63.10517883300781,191.40780639648438
330.8216552734375,363.2423095703125,61.406131744384766,183.96934509277344
319.49871826171875,370.2507019042969,71.03296661376953,184.2500457763672
321.1354064941406,362.410400390625,62.26894760131836,181.62088012695312
313.51495361328125,362.60931396484375,70.245361328125,183.39486694335938
305.76324462890625,370.774658203125,76.93637084960938,179.00006103515625
296.873779296875,367.43792724609375,83.9320297241211,181.23277282714844
294.086181640625,367.7573547363281,83.30093383789062,181.17613220214844
286.81097412109375,366.0915832519531,79.26669311523438,180.44044494628906
282.0265808105469,368.5325927734375,71.52274322509766,183.40713500976562
279.65704345703125,371.4349365234375,68.67574310302734,178.1768341064453
279.34381103515625,376.6637878417969,61.74905014038086,177.3751220703125
276.90155029296875,373.24945068359375,56.51209259033203,181.9376678466797
280.5299072265625,377.014404296875,54.75056457519531,178.15554809570312
277.3912353515625,377.0030212402344,51.86927795410156,183.14952087402344
279.67193603515625,378.95513916015625,50.85934829711914,185.15045166015625
283.2230224609375,378.86419677734375,51.343448638916016,186.12582397460938
279.2099304199219,382.9632263183594,53.8433837890625,183.3380584716797
280.66748046875,379.1231689453125,57.10833740234375,184.67453002929688
278.43182373046875,386.6710205078125,61.06021499633789,180.37252807617188
282.37823486328125,387.0107116699219,62.52151107788086,181.65618896484375
282.9234924316406,380.7677917480469,64.93574523925781,173.98248291015625
283.01654052734375,378.155517578125,64.83621978759766,170.77194213867188
281.1554260253906,373.1807861328125,65.99577331542969,177.65994262695312
283.08160400390625,370.579833984375,64.67208862304688,179.78053283691406
281.8376770019531,368.6066589355469,64.92327117919922,177.25030517578125
282.4690246582031,363.6752014160156,59.351844787597656,177.93565368652344
282.4444580078125,363.1631774902344,57.405059814453125,172.69618225097656
284.5987243652344,359.67559814453125,51.5034065246582,172.1853790283203
280.16607666015625,357.1616516113281,50.030372619628906,174.15809631347656
279.3540954589844,358.845947265625,54.48384475708008,172.04901123046875
269.6097106933594,352.63165283203125,65.24305725097656,178.8192901611328
267.9838562011719,354.2352600097656,68.09040069580078,173.7735137939453
265.2995910644531,354.33868408203125,70.97420501708984,183.81680297851562
263.7444152832031,355.9212341308594,69.28763580322266,201.97581481933594
262.9262390136719,365.95953369140625,71.12794494628906,197.22418212890625
263.96142578125,375.924072265625,69.42704010009766,186.5240020751953
262.86676025390625,374.0742492675781,62.57947540283203,204.0017852783203
262.8251037597656,371.0924072265625,59.166847229003906,215.7797393798828
260.50189208984375,375.28143310546875,61.043548583984375,208.0844268798828
257.83050537109375,365.1139221191406,65.71347045898438,208.58497619628906
258.2160949707031,354.2981872558594,70.84659576416016,202.8929901123047
256.68426513671875,348.1767578125,75.81936645507812,199.05697631835938
256.29473876953125,350.516357421875,75.61395263671875,183.6832733154297
253.60552978515625,352.5572204589844,73.60487365722656,181.4762420654297
251.41041564941406,346.2621765136719,74.4687728881836,193.1873321533203
246.30239868164062,351.77978515625,79.49742126464844,184.82781982421875
240.00201416015625,351.46331787109375,84.90239715576172,186.43331909179688
238.18133544921875,346.9780578613281,63.2366943359375,192.6817169189453
234.92430114746094,355.0758972167969,52.127708435058594,182.59178161621094
232.18118286132812,347.80328369140625,58.584842681884766,184.51602172851562
227.8779754638672,343.4397888183594,62.162261962890625,180.5790252685547
222.78152465820312,331.3330993652344,66.20602416992188,176.67637634277344
222.37811279296875,321.374267578125,69.27452087402344,176.99537658691406
230.35308837890625,312.28338623046875,68.54905700683594,176.44235229492188
238.73257446289062,303.7004089355469,71.87926483154297,176.92137145996094
252.75521850585938,293.07598876953125,71.87132263183594,173.37466430664062
260.4830627441406,278.5180358886719,69.72623443603516,171.3017120361328
276.3175354003906,266.2484130859375,68.06578063964844,168.5608673095703
290.87579345703125,253.80686950683594,61.60251235961914,171.65426635742188
302.0578308105469,250.22117614746094,56.0335578918457,177.43624877929688
306.139892578125,254.88394165039062,54.39944076538086,179.82289123535156
309.2784729003906,255.70034790039062,54.829586029052734,177.77491760253906
307.7759704589844,259.55877685546875,57.45309066772461,181.79501342773438
309.4986572265625,262.9911804199219,56.83171081542969,182.49241638183594
304.68560791015625,265.167236328125,60.98138427734375,181.11195373535156
300.5877380371094,274.27685546875,63.7201042175293,180.48313903808594
294.5811462402344,292.951416015625,74.2222900390625,172.77352905273438
294.12799072265625,292.09844970703125,68.11637878417969,175.43618774414062
291.6390686035156,287.30157470703125,74.58349609375,180.43679809570312
291.6737060546875,289.67633056640625,76.30321502685547,171.93247985839844
299.37225341796875,295.13287353515625,73.62283325195312,171.69602966308594
302.5522155761719,290.6500244140625,75.13407897949219,163.88392639160156
303.0906066894531,283.4835205078125,74.70880126953125,170.34934997558594
301.7908630371094,282.9656982421875,71.34406280517578,172.35781860351562
306.14447021484375,290.561279296875,71.39337158203125,174.22372436523438
308.71868896484375,282.1650390625,65.43647766113281,174.33560180664062
314.7022705078125,289.2717590332031,62.89048385620117,173.5414581298828
320.1177673339844,292.36883544921875,58.013240814208984,176.31802368164062
330.7884216308594,292.65594482421875,54.701866149902344,169.50831604003906
341.8824157714844,288.382080078125,53.668174743652344,171.85855102539062
354.4320068359375,287.4048767089844,51.18519973754883,173.3183135986328
358.234375,285.46575927734375,57.693084716796875,174.14825439453125
364.7625732421875,284.2756042480469,62.35658264160156,176.6864776611328
367.1847839355469,287.6552734375,68.6679916381836,170.74867248535156
372.8090515136719,284.3945617675781,68.29911041259766,175.1201171875
375.871826171875,288.6402282714844,72.0172119140625,168.46971130371094
381.46002197265625,299.7025146484375,71.02923583984375,171.1150665283203
382.0302429199219,299.9137878417969,70.13335418701172,169.6842041015625
373.6150817871094,299.40289306640625,68.05723571777344,170.40969848632812
371.87213134765625,307.1617736816406,66.57022857666016,173.6015625
374.9174499511719,303.2307434082031,62.41818618774414,173.5661163330078
382.4808044433594,309.8354187011719,57.45718765258789,174.30589294433594
388.35406494140625,316.43902587890625,53.59001159667969,176.3380889892578
398.857177734375,319.6994323730469,53.489742279052734,172.1798553466797
402.5499572753906,316.394287109375,53.01842498779297,175.16470336914062
406.0339050292969,320.9105224609375,54.82551956176758,176.87017822265625
408.07086181640625,328.63067626953125,57.08304214477539,172.58644104003906
412.4896240234375,330.51873779296875,62.356021881103516,173.02999877929688
410.1507263183594,325.8629150390625,67.06163024902344,168.41343688964844
407.43994140625,318.0746765136719,65.70700073242188,170.1298065185547
399.24609375,318.2481384277344,65.14337158203125,169.07798767089844
372.88275146484375,322.54888916015625,70.37222290039062,163.72015380859375
353.91558837890625,329.47723388671875,73.47008514404297,168.64865112304688
338.04241943359375,337.4410400390625,78.80570983886719,160.14541625976562
317.5503234863281,322.0149841308594,68.7011489868164,168.37464904785156
309.06658935546875,315.8258361816406,65.89608764648438,174.5206756591797
295.40185546875,309.0030212402344,64.87928009033203,187.6577606201172
284.593017578125,301.1026916503906,60.720523834228516,201.65574645996094
276.5578918457031,300.683349609375,57.900550842285156,209.94076538085938
268.99462890625,310.6352233886719,55.93883514404297,207.68670654296875
263.25018310546875,322.09881591796875,57.17409896850586,202.07069396972656
263.8726806640625,330.23614501953125,57.82529067993164,204.84954833984375
254.4329071044922,331.39520263671875,55.75875473022461,205.45816040039062
256.0448303222656,358.813720703125,58.26926040649414,181.87698364257812
258.17938232421875,359.01422119140625,59.740936279296875,181.80096435546875
255.52230834960938,356.9377136230469,64.66265869140625,172.35748291015625
266.4914855957031,352.78607177734375,63.9811897277832,170.91929626464844
266.3613586425781,339.15130615234375,70.00362396240234,170.23348999023438
260.54730224609375,328.4062805175781,71.65116882324219,160.1954345703125
249.6505126953125,322.4211120605469,72.36017608642578,162.9491729736328
233.6826171875,315.9912414550781,63.96538162231445,163.64344787597656
215.6400146484375,311.13372802734375,60.51429748535156,165.21011352539062
216.3837890625,309.22283935546875,60.204673767089844,168.26446533203125
216.05282592773438,299.37249755859375,57.46749496459961,167.11337280273438
221.50437927246094,289.62799072265625,56.93442153930664,169.14151000976562
230.07913208007812,285.47344970703125,51.76314163208008,169.98934936523438
233.2447509765625,277.320068359375,53.331172943115234,173.9898223876953
237.0613250732422,275.5308837890625,63.21462631225586,168.87161254882812
251.84140014648438,269.00799560546875,65.64576721191406,169.7730255126953
260.16436767578125,262.462890625,73.68209838867188,170.86370849609375
268.33099365234375,254.40304565429688,75.57020568847656,170.87164306640625
275.2651672363281,253.66818237304688,82.35167694091797,165.70355224609375
288.4666748046875,254.77896118164062,83.05082702636719,169.74461364746094
295.75347900390625,258.8419189453125,79.94810485839844,167.47323608398438
307.4978332519531,257.9997863769531,75.0483169555664,170.73426818847656
316.45269775390625,273.18695068359375,75.12249755859375,165.0465545654297
313.54376220703125,279.735595703125,74.78314971923828,162.63909912109375
311.6117248535156,289.8381652832031,74.32029724121094,164.9155731201172
315.2349853515625,294.64044189453125,71.2330551147461,164.93003845214844
314.80450439453125,288.33453369140625,69.10700988769531,168.28665161132812
310.85638427734375,292.3396301269531,72.02820587158203,162.27159118652344
315.78350830078125,293.78570556640625,54.47372817993164,168.8881072998047
324.22491455078125,282.3938293457031,50.561954498291016,172.32984924316406
337.9793701171875,276.1212463378906,48.58936309814453,168.41552734375
346.5730895996094,269.559326171875,48.760459899902344,173.21363830566406
360.55712890625,274.23779296875,46.38146209716797,175.97747802734375
374.0027770996094,268.89605712890625,46.27800750732422,177.26968383789062
381.3065490722656,274.5739440917969,54.5611572265625,168.9026336669922
391.3355712890625,279.64947509765625,56.73234176635742,170.34043884277344
400.5920104980469,279.9210205078125,57.1383056640625,171.30641174316406
415.9507751464844,278.7676696777344,59.43828582763672,165.3842315673828
433.9079895019531,277.685546875,48.43861770629883,159.68246459960938
441.4273681640625,275.72125244140625,44.055416107177734,156.86807250976562
448.0655517578125,269.5713195800781,35.917381286621094,162.29689025878906
441.4664611816406,279.82012939453125,43.42081069946289,155.2708740234375
429.36474609375,279.63739013671875,55.9125862121582,155.92784118652344
428.25537109375,276.35980224609375,57.668766021728516,164.69174194335938
430.6045227050781,290.7369079589844,55.51934814453125,155.33612060546875
432.225341796875,288.1937255859375,54.44755935668945,151.34237670898438
435.904052734375,302.77008056640625,52.75571823120117,151.6876983642578
434.53045654296875,299.64666748046875,53.92653274536133,161.5521697998047
430.1985168457031,298.92718505859375,55.00361251831055,168.58009338378906
422.65850830078125,301.3585205078125,62.81387710571289,168.99411010742188
409.4609680175781,299.2604064941406,66.89789581298828,168.74769592285156
398.03594970703125,311.2148132324219,66.00009155273438,168.15037536621094
382.03472900390625,319.1522521972656,64.80078125,161.62730407714844
368.62042236328125,319.8702697753906,62.27544021606445,163.7792510986328
357.1390686035156,327.5917053222656,66.94161224365234,163.34718322753906
342.445068359375,326.828369140625,71.07511138916016,161.19512939453125
332.93292236328125,323.9923095703125,68.49097442626953,160.74203491210938
327.10858154296875,325.9954528808594,69.18639373779297,160.371826171875
322.06951904296875,329.636474609375,63.42586898803711,163.3506317138672
318.89617919921875,329.72955322265625,62.439208984375,163.68507385253906
316.6015319824219,336.3179626464844,57.906005859375,160.94642639160156
309.7034912109375,336.70953369140625,57.77085494995117,165.26345825195312
310.5456237792969,336.5242919921875,53.12553787231445,165.70559692382812
310.14752197265625,338.00836181640625,53.190914154052734,166.0316162109375
308.9296875,327.6587219238281,50.55540084838867,163.8165283203125
305.9758605957031,327.58905029296875,51.68098831176758,159.65040588378906
308.6321105957031,326.5391540527344,54.14270782470703,163.3685302734375
307.6820068359375,319.6770935058594,56.36286544799805,165.3125762939453
308.3532409667969,312.42431640625,59.777217864990234,159.72964477539062
305.7608642578125,310.32208251953125,56.64387893676758,168.69180297851562
301.2794189453125,310.7029113769531,55.793853759765625,165.83241271972656
296.16131591796875,315.24951171875,53.709625244140625,165.74082946777344
286.89642333984375,314.9851379394531,57.93387222290039,162.994384765625
282.6885681152344,311.12005615234375,53.51577377319336,159.57395935058594
272.8652038574219,312.1705017089844,53.18519592285156,164.62660217285156
262.3176574707031,316.8543395996094,51.520877838134766,164.29168701171875
253.56700134277344,319.7598876953125,50.118133544921875,158.51759338378906
243.49209594726562,320.3041076660156,50.82251739501953,156.07899475097656
227.87860107421875,314.94921875,49.29668426513672,154.3962860107422
220.25686645507812,314.60040283203125,49.286678314208984,155.4252166748047
206.0780487060547,318.3830871582031,49.90703201293945,165.03758239746094
190.81021118164062,309.38525390625,51.930381774902344,162.11917114257812
182.83883666992188,304.47357177734375,51.515159606933594,165.26504516601562
172.21409606933594,306.435791015625,56.249603271484375,159.16598510742188
160.4665069580078,308.8822326660156,58.4485969543457,157.99241638183594
151.94227600097656,308.2146911621094,59.9355354309082,157.52813720703125
143.27252197265625,309.96563720703125,64.5937728881836,155.0133819580078
134.314453125,322.01678466796875,66.48672485351562,145.08245849609375
128.98585510253906,316.390869140625,68.98137664794922,144.38284301757812
121.10198974609375,312.1209716796875,68.47256469726562,147.93341064453125
110.90396881103516,310.345703125,68.20402526855469,148.08738708496094
108.14102172851562,314.0230712890625,65.4107666015625,142.35858154296875
105.39959716796875,298.80902099609375,63.93282699584961,156.74639892578125
101.9937744140625,297.30120849609375,58.82662582397461,155.95916748046875
99.29261779785156,304.4405212402344,60.77197265625,151.42185974121094
99.78968811035156,304.07110595703125,55.38721466064453,157.47547912597656
102.01141357421875,308.6289978027344,56.39250946044922,158.10438537597656
102.97825622558594,311.22845458984375,52.209381103515625,157.06349182128906
109.99639892578125,314.2845153808594,47.474430084228516,157.22108459472656
114.21721649169922,315.681884765625,47.60084533691406,159.88430786132812
119.52338409423828,314.4571228027344,50.32024002075195,164.67686462402344
114.35102081298828,316.21722412109375,66.01426696777344,163.75772094726562
120.59774780273438,311.3525390625,64.28803253173828,168.14837646484375
129.4974365234375,307.2478942871094,62.739383697509766,166.951171875
136.70864868164062,310.1697692871094,61.29494094848633,166.6317901611328
143.4263153076172,312.26031494140625,59.78301239013672,162.42880249023438
151.46360778808594,312.8227844238281,56.02132797241211,161.1397247314453
155.62344360351562,318.4208984375,54.59566879272461,156.54104614257812
159.6659393310547,318.3472900390625,53.18727493286133,155.48983764648438
162.9656524658203,311.08404541015625,55.75322341918945,155.3318328857422
162.4494171142578,305.4140930175781,55.335418701171875,160.0155029296875
164.8018798828125,301.03265380859375,52.90040588378906,156.9788360595703
165.45858764648438,301.48138427734375,54.921512603759766,153.1934051513672
166.70616149902344,297.0487365722656,56.65447998046875,160.06224060058594
166.7484893798828,290.1083984375,59.61151885986328,164.65182495117188
168.69712829589844,298.0307922363281,66.47010040283203,163.12535095214844
169.977294921875,296.7243347167969,70.88716125488281,159.2110137939453
172.1307373046875,299.467529296875,73.49409484863281,156.19613647460938
172.0962371826172,311.29833984375,77.61505126953125,155.4625244140625
167.96031188964844,312.6442565917969,85.71944427490234,149.29425048828125
170.55679321289062,312.86224365234375,86.48751831054688,140.66360473632812
174.88192749023438,323.3930969238281,78.73934936523438,143.89768981933594
178.632080078125,322.2430114746094,75.18252563476562,136.749267578125
185.3479766845703,311.3714599609375,66.849853515625,141.82029724121094
189.70846557617188,314.15093994140625,65.93496704101562,148.732421875
195.1508026123047,320.27764892578125,62.22789764404297,145.54856872558594
198.6077117919922,321.10455322265625,59.98896026611328,143.56732177734375
203.28843688964844,313.54296875,53.565284729003906,153.09664916992188
207.07382202148438,320.0633850097656,53.44223403930664,152.6698760986328
208.5971221923828,319.9570007324219,52.7185173034668,159.10740661621094
208.55267333984375,325.1118469238281,51.71744155883789,158.7953643798828
209.7968292236328,324.0646667480469,53.702518463134766,154.9453582763672
209.5574188232422,322.329833984375,60.527427673339844,158.69110107421875
208.36773681640625,329.4918212890625,66.1416244506836,150.32040405273438
207.64483642578125,336.479248046875,66.25299072265625,146.67794799804688
207.14935302734375,336.2977600097656,63.591861724853516,145.4601593017578
209.07640075683594,335.19415283203125,58.005802154541016,150.073486328125
212.9868621826172,341.8040771484375,59.9811897277832,154.05245971679688
213.26759338378906,340.3717346191406,62.63569259643555,150.1161651611328
215.69537353515625,340.0881652832031,60.74067306518555,144.48016357421875
218.9718780517578,336.9539794921875,56.93107986450195,145.08370971679688
223.7163848876953,340.1365966796875,53.72073745727539,144.8145751953125
227.7168731689453,334.42779541015625,53.82609939575195,137.93502807617188
231.20440673828125,325.0565490722656,53.014644622802734,139.13348388671875
233.80844116210938,317.781982421875,54.99919509887695,145.5702667236328
239.00885009765625,317.41546630859375,51.11547088623047,147.7484130859375
241.529052734375,313.4378356933594,53.74873352050781,159.2162628173828
240.33580017089844,318.279052734375,57.57002639770508,153.48776245117188
242.74159240722656,316.1359558105469,61.48337936401367,142.74900817871094
244.18170166015625,317.38067626953125,65.59510040283203,146.75851440429688
239.31338500976562,314.8668212890625,68.1844482421875,156.07504272460938
234.86911010742188,322.7803955078125,77.34222412109375,150.49459838867188
238.46652221679688,323.6370849609375,70.99071502685547,145.28855895996094
237.18113708496094,320.40045166015625,71.7766342163086,142.03204345703125
237.15963745117188,323.6537170410156,73.70159149169922,145.53358459472656
236.42320251464844,317.5272521972656,69.7411117553711,147.6466827392578
232.7264404296875,315.07080078125,70.89921569824219,143.974853515625
233.152099609375,306.6034851074219,68.14735412597656,146.3223876953125
229.26522827148438,316.3621520996094,62.74876403808594,145.7197723388672
227.40257263183594,312.03887939453125,60.176605224609375,145.8240966796875
228.8321990966797,302.3955078125,58.174156188964844,149.2921142578125
229.85227966308594,304.62030029296875,57.76119613647461,157.24099731445312
235.8528289794922,300.1187744140625,56.63222122192383,160.96624755859375
246.22923278808594,304.4245300292969,53.68392562866211,160.11981201171875
252.49424743652344,309.64556884765625,53.768524169921875,160.67144775390625
254.8072052001953,314.44427490234375,58.173683166503906,156.5257568359375
264.3444519042969,320.01788330078125,56.56523132324219,151.7554168701172
272.8455505371094,314.25994873046875,62.5549430847168,149.17733764648438
285.1992492675781,314.5933837890625,60.8154296875,144.52615356445312
293.43743896484375,311.6766662597656,61.73545455932617,146.0284423828125
302.1710205078125,310.71844482421875,65.22075653076172,145.83082580566406
309.98211669921875,303.4459228515625,59.60016632080078,147.22711181640625
318.25213623046875,295.75921630859375,57.7762451171875,150.55166625976562
325.45953369140625,296.7147521972656,51.24446105957031,150.390625
326.73004150390625,302.21881103515625,49.0699577331543,147.53976440429688
328.76824951171875,305.1583251953125,49.075008392333984,137.28273010253906
330.485595703125,304.03399658203125,46.537696838378906,133.75575256347656
331.3301696777344,301.35369873046875,48.808448791503906,129.3722381591797
326.6546936035156,303.47515869140625,52.71746826171875,134.65847778320312
305.4068298339844,297.51336669921875,71.8192138671875,143.77999877929688
293.0867004394531,286.1767578125,83.59383392333984,151.15005493164062
285.76763916015625,279.27056884765625,86.28736877441406,157.28363037109375
277.84246826171875,282.88604736328125,89.05027770996094,151.97573852539062
274.8905029296875,271.8761291503906,85.52204895019531,153.11183166503906
268.6121826171875,264.4303283691406,86.95555114746094,155.65223693847656
263.89251708984375,270.98211669921875,81.85678100585938,163.51834106445312
260.537841796875,269.0178527832031,76.7571029663086,156.99725341796875
259.9714050292969,259.7374267578125,79.29488372802734,160.6768035888672
262.701904296875,259.36309814453125,73.90461730957031,164.94503784179688
258.72705078125,265.5708312988281,77.23784637451172,162.19761657714844
259.84344482421875,267.828857421875,72.29370880126953,156.81454467773438
260.1307678222656,274.1169128417969,69.31184387207031,156.01593017578125
259.88897705078125,282.38385009765625,68.84654235839844,154.5629425048828
260.6902770996094,283.25653076171875,68.63422393798828,149.6402587890625
263.490234375,285.18896484375,63.710689544677734,151.53868103027344
261.98883056640625,288.7000427246094,76.74031829833984,148.1924285888672
259.7638854980469,291.6501159667969,81.39661407470703,155.07489013671875
258.78497314453125,306.6531677246094,85.35104370117188,145.90380859375
259.4237976074219,313.5404052734375,69.30027770996094,142.0329132080078
261.4576721191406,308.21746826171875,51.67477798461914,144.60000610351562
260.1480407714844,310.3128967285156,48.91057586669922,148.7790069580078
258.1776123046875,315.42266845703125,54.02068328857422,150.48214721679688
256.55828857421875,314.9017333984375,57.663761138916016,144.39605712890625
256.51611328125,310.1829528808594,60.10517501831055,145.1278533935547
255.09617614746094,308.9843444824219,58.999298095703125,147.96217346191406
253.17349243164062,301.1839599609375,61.328617095947266,147.9974822998047
246.1405487060547,294.4679870605469,72.7134017944336,150.4470672607422
244.20716857910156,279.92596435546875,73.3223648071289,163.92324829101562
248.52667236328125,267.0677490234375,68.00965118408203,166.76866149902344
253.83926391601562,264.65350341796875,64.15806579589844,165.081298828125
256.59869384765625,263.35748291015625,60.29560470581055,165.40890502929688
258.2530212402344,260.11151123046875,62.27865982055664,170.52757263183594
262.07928466796875,266.31097412109375,63.42250442504883,161.68792724609375
265.5260314941406,257.6216735839844,61.77443313598633,162.5139923095703
267.7716979980469,257.1211242675781,62.55772018432617,166.351806640625
268.8033142089844,261.62164306640625,62.90791320800781,165.1699981689453
267.6487121582031,262.6130676269531,62.71585464477539,167.8861846923828
264.75384521484375,259.6373596191406,76.7509765625,166.31309509277344
269.3323059082031,263.4024963378906,74.62640380859375,158.58583068847656
273.24884033203125,248.59706115722656,78.35000610351562,164.44485473632812
272.89019775390625,260.3099670410156,88.644287109375,154.00860595703125
274.32757568359375,278.3790283203125,81.3951187133789,140.12496948242188
278.8482666015625,268.96905517578125,59.27134323120117,146.65560913085938
277.13287353515625,265.6455078125,58.16231155395508,141.02755737304688
281.1150207519531,259.88433837890625,55.41734313964844,140.4287567138672
281.5003662109375,257.8254699707031,55.67858123779297,143.611083984375
284.17572021484375,263.17205810546875,52.63788604736328,141.44183349609375
288.2956848144531,271.1965026855469,56.41579818725586,141.36444091796875
289.64678955078125,273.599365234375,49.534549713134766,142.27963256835938
300.3475036621094,270.0527038574219,41.498722076416016,147.08424377441406
294.17572021484375,263.65313720703125,38.19047164916992,147.58326721191406
278.7597961425781,270.834228515625,38.520179748535156,139.0872802734375
262.87322998046875,286.1396179199219,39.36512756347656,140.552978515625
253.64447021484375,285.52398681640625,34.67588806152344,145.28585815429688
248.3843536376953,283.5832214355469,36.788795471191406,143.85145568847656
232.774169921875,277.4041748046875,38.763099670410156,151.91563415527344
215.3756103515625,277.1146545410156,49.18734359741211,153.6556396484375
203.6849365234375,272.442626953125,50.41770935058594,150.32803344726562
198.0384521484375,283.56591796875,51.78428649902344,148.9663543701172
183.11683654785156,280.63238525390625,57.1091194152832,154.83998107910156
167.64694213867188,278.9244079589844,64.04722595214844,155.7357940673828
158.7136993408203,274.01544189453125,60.43354415893555,159.66165161132812
154.52395629882812,282.54034423828125,61.85297775268555,156.30352783203125
145.37814331054688,279.1555480957031,61.10881805419922,144.5438232421875
146.53262329101562,271.5932312011719,64.21212005615234,144.0197296142578
150.0604705810547,269.7668151855469,64.75170135498047,136.0950927734375
152.79913330078125,266.63037109375,65.64517974853516,139.7345428466797
151.02455139160156,261.085693359375,65.36721801757812,139.37490844726562
154.25404357910156,258.2325439453125,62.472564697265625,146.8536376953125
155.45323181152344,256.94537353515625,63.88639450073242,145.30276489257812
157.22369384765625,257.1270751953125,63.88822937011719,142.1163787841797
159.1253662109375,261.4510803222656,68.00272369384766,133.35333251953125
161.4098663330078,249.996826171875,75.65802001953125,142.52520751953125
159.3952178955078,240.21066284179688,72.94441986083984,146.28375244140625
163.85943603515625,245.7397918701172,66.80611419677734,141.47030639648438
163.61647033691406,249.06802368164062,68.68842315673828,141.8417510986328
164.87005615234375,254.41116333007812,65.20561981201172,141.0249481201172
164.08685302734375,260.8241882324219,60.29728698730469,137.978759765625
164.06227111816406,264.47064208984375,61.33694839477539,140.38693237304688
162.96902465820312,262.189208984375,62.6337890625,143.27374267578125
164.32601928710938,267.843505859375,58.32994079589844,140.6493377685547
165.188720703125,267.8841857910156,58.58134460449219,141.5641632080078
161.35313415527344,267.68170166015625,56.01845932006836,148.91932678222656
157.80552673339844,268.5108337402344,55.71385955810547,152.113525390625
159.1854248046875,278.13507080078125,57.240203857421875,151.3782196044922
156.80577087402344,282.9227294921875,56.663368225097656,143.37123107910156
158.47308349609375,284.2564697265625,54.63468551635742,147.14187622070312
159.1480255126953,293.20025634765625,51.95840835571289,149.75802612304688
156.49276733398438,300.67999267578125,51.50040054321289,146.4378662109375
156.2882080078125,299.2464294433594,54.435123443603516,156.1398162841797
161.1810302734375,300.1470947265625,50.44073486328125,153.7588348388672
164.82339477539062,303.6587829589844,50.83467102050781,151.4052734375
162.3614959716797,303.982666015625,55.260589599609375,153.42343139648438
164.1016387939453,301.7752685546875,52.28055953979492,150.10885620117188
166.78485107421875,297.550537109375,53.01383972167969,153.49703979492188
170.5355682373047,296.46923828125,50.246795654296875,150.8022918701172
171.84234619140625,288.4380798339844,52.667015075683594,154.83489990234375
179.04502868652344,287.6198425292969,50.3807258605957,150.40740966796875
182.8173370361328,290.4665222167969,54.90884017944336,148.2852325439453
184.15699768066406,286.43450927734375,58.16312789916992,146.22311401367188
185.17442321777344,283.583251953125,59.26228713989258,146.8114776611328
189.46331787109375,283.5932922363281,57.64619445800781,144.3452911376953
193.63653564453125,282.2436218261719,53.23216247558594,145.5980224609375
195.94586181640625,273.03192138671875,52.07846450805664,152.7589874267578
196.4776611328125,273.42193603515625,53.48158264160156,144.64956665039062
194.6580352783203,264.77008056640625,57.75502395629883,147.59104919433594
201.25936889648438,257.59234619140625,53.75333786010742,149.13441467285156
