163.0,44.0,47.0,164.0
159.24563598632812,44.46830749511719,61.07577133178711,158.5762481689453
157.0028839111328,35.6827392578125,68.89309692382812,164.9635467529297
155.69944763183594,37.88579559326172,70.55792236328125,166.7500762939453
156.51686096191406,35.82252502441406,70.19659423828125,168.1640167236328
153.90174865722656,33.420982360839844,70.62226104736328,172.5346221923828
153.4633331298828,30.462257385253906,64.49960327148438,178.44189453125
156.1534423828125,13.773536682128906,66.01637268066406,199.80795288085938
160.70144653320312,1.9704742431640625,55.363983154296875,207.72430419921875
161.72457885742188,-1.5714111328125,50.58690643310547,212.91213989257812
158.92312622070312,-3.351348876953125,57.68745040893555,221.4029541015625
155.84361267089844,-1.4994430541992188,70.43611907958984,223.06504821777344
154.34487915039062,1.6661300659179688,74.57218933105469,219.81434631347656
152.1464080810547,0.0916290283203125,79.7818603515625,223.59010314941406
151.40740966796875,3.430633544921875,83.1572265625,219.88938903808594
152.00123596191406,8.846931457519531,87.94305419921875,217.02804565429688
153.29598999023438,13.412429809570312,86.52593231201172,213.59947204589844
154.08657836914062,18.44171142578125,88.95933532714844,210.9475555419922
154.1602783203125,21.00946044921875,88.7393798828125,208.95156860351562
150.00143432617188,41.46513366699219,98.64924621582031,192.83078002929688
153.97715759277344,57.70494079589844,90.3393325805664,174.73495483398438
157.88796997070312,60.897300720214844,80.8819580078125,172.1213836669922
157.20887756347656,65.51766204833984,82.6079330444336,164.4038543701172
155.71353149414062,67.23965454101562,85.57252502441406,162.35275268554688
155.01348876953125,64.70931243896484,87.19129180908203,162.8153839111328
155.85980224609375,66.05863189697266,85.01625061035156,159.92152404785156
156.32473754882812,67.93575286865234,83.44860076904297,158.79075622558594
150.1741485595703,70.23763275146484,88.5777816772461,153.63612365722656
145.1006622314453,67.71437072753906,88.75228881835938,151.38287353515625
135.67950439453125,70.19085693359375,92.82676696777344,148.33901977539062
122.2149658203125,65.52276611328125,99.42403411865234,151.76324462890625
113.85505676269531,69.15599060058594,103.02962493896484,151.5535888671875
110.07133483886719,63.07770538330078,105.56731414794922,152.22483825683594
104.13411712646484,57.697410583496094,117.75569152832031,156.0441436767578
100.64082336425781,51.006858825683594,123.23529815673828,153.2782745361328
102.11241149902344,50.706512451171875,123.03524017333984,152.66648864746094
102.16963195800781,52.49152374267578,123.4999771118164,156.0258331298828
98.07970428466797,45.109657287597656,129.5282745361328,159.11375427246094
102.74327087402344,41.945228576660156,125.82733917236328,164.50953674316406
113.48597717285156,39.75934600830078,109.97348022460938,164.52928161621094
117.4367904663086,48.881492614746094,104.52168273925781,157.3072509765625
128.88905334472656,58.416114807128906,80.56436920166016,145.54811096191406
145.70553588867188,59.219581604003906,63.04643249511719,139.93601989746094
144.7132568359375,61.261444091796875,55.03529357910156,142.37100219726562
142.4268035888672,63.31477355957031,54.84001922607422,140.915283203125
142.77650451660156,67.0329360961914,55.15742111206055,136.9198760986328
144.90237426757812,66.65099334716797,54.830509185791016,142.9942169189453
140.63381958007812,65.44121551513672,59.78369903564453,152.3665008544922
137.27455139160156,66.13987731933594,65.00728607177734,157.89077758789062
135.84132385253906,66.55107116699219,68.87958526611328,158.42019653320312
135.44992065429688,69.29481506347656,71.54823303222656,153.20205688476562
133.9156494140625,70.81996154785156,73.51863098144531,153.28839111328125
132.53128051757812,71.80623626708984,75.41340637207031,153.29750061035156
131.7952880859375,74.49787139892578,75.60458374023438,154.0881805419922
130.72930908203125,74.11534118652344,76.81419372558594,153.78518676757812
129.6528778076172,76.5894546508789,74.4420166015625,152.25648498535156
126.14906311035156,76.2459487915039,75.2083969116211,156.66221618652344
120.38008117675781,75.75091552734375,78.86507415771484,164.92648315429688
117.22942352294922,76.06722259521484,76.40623474121094,165.3357391357422
115.32452392578125,75.13785552978516,73.97484588623047,168.20521545410156
107.02131652832031,72.5457992553711,77.929931640625,170.36289978027344
102.15924072265625,66.77790069580078,78.92719268798828,176.4266815185547
101.75665283203125,66.29844665527344,74.88970947265625,173.77340698242188
97.01408386230469,62.37272644042969,76.21243286132812,176.92324829101562
90.43524169921875,61.116050720214844,82.16122436523438,179.46217346191406
81.56868743896484,60.837860107421875,92.42881774902344,177.6380615234375
86.10861206054688,65.88825225830078,85.76485443115234,173.86070251464844
88.04749298095703,72.76531982421875,84.25099182128906,163.18130493164062
88.84400177001953,68.88300323486328,81.63038635253906,167.14601135253906
89.31791687011719,76.05672454833984,79.2115249633789,159.8085479736328
88.31483459472656,76.18244934082031,80.15413665771484,155.398193359375
94.24998474121094,77.18499755859375,75.96092987060547,151.12002563476562
97.35084533691406,77.95805358886719,74.38818359375,148.30990600585938
97.65147399902344,75.6583251953125,76.20256805419922,145.4969482421875
98.09410095214844,75.61746978759766,77.1912841796875,144.0392608642578
105.2125015258789,73.11504364013672,67.61717224121094,140.2126007080078
105.02742004394531,70.96769714355469,67.58846282958984,139.82199096679688
109.39146423339844,70.35511016845703,68.34707641601562,131.6241912841797
111.88819885253906,67.36998748779297,64.32292938232422,137.1992645263672
114.13682556152344,67.47601318359375,60.790260314941406,134.02392578125
111.95552062988281,70.83001708984375,64.261474609375,133.6085205078125
109.92237854003906,69.71826934814453,65.9958724975586,135.49855041503906
110.92083740234375,68.82658386230469,65.17342376708984,137.2969970703125
115.99629974365234,73.44258117675781,60.91523742675781,133.88302612304688
118.15966796875,73.48445129394531,59.651458740234375,132.42190551757812
120.95366668701172,73.043701171875,55.61369705200195,133.2490234375
120.82967376708984,73.43584442138672,55.6746940612793,130.9785919189453
122.96803283691406,74.1505355834961,55.911102294921875,130.75306701660156
125.40853118896484,71.96234130859375,55.46226501464844,128.40548706054688
127.65709686279297,73.9989242553711,53.87852096557617,121.52873229980469
131.27035522460938,75.05493927001953,51.91359329223633,124.29997253417969
133.05796813964844,78.50444793701172,50.93933868408203,125.69963073730469
133.92425537109375,79.3625717163086,49.63380432128906,124.46321105957031
132.5487060546875,82.22662353515625,51.464542388916016,126.12118530273438
131.74989318847656,86.31465148925781,53.223106384277344,123.8592529296875
131.01116943359375,90.94992065429688,53.366539001464844,122.9723129272461
127.89253234863281,95.41531372070312,61.69109344482422,119.60205841064453
122.27787780761719,100.55038452148438,72.52472686767578,120.29949188232422
123.07918548583984,102.90715026855469,76.92744445800781,118.36080169677734
123.11680603027344,101.45645141601562,83.54621124267578,114.935791015625
125.71726989746094,98.42085266113281,86.16011810302734,120.32347869873047
125.57493591308594,99.57456970214844,92.29386138916016,122.4288101196289
125.62721252441406,99.3823471069336,93.95011138916016,120.78340148925781
129.00877380371094,97.96775817871094,94.70919036865234,123.04574584960938
137.80555725097656,96.82833862304688,87.46939849853516,122.88043212890625
144.1505126953125,93.01039123535156,82.38844299316406,123.37500762939453
152.026123046875,91.06024932861328,71.64614868164062,124.13462829589844
158.38345336914062,85.52030944824219,61.61943054199219,130.6806640625
161.94760131835938,84.11628723144531,51.9859504699707,130.41522216796875
161.75546264648438,86.54621887207031,48.318790435791016,130.21405029296875
160.5795135498047,85.51104736328125,43.98978805541992,134.51162719726562
159.62364196777344,85.7286605834961,42.63264083862305,130.6680145263672
155.81141662597656,89.99623107910156,50.12028121948242,126.6578369140625
149.96905517578125,93.26305389404297,59.32005310058594,120.31358337402344
140.64227294921875,93.33816528320312,72.75111389160156,121.98626708984375
131.02203369140625,93.18304443359375,83.90870666503906,124.70681762695312
122.14173126220703,95.78402709960938,92.25782775878906,119.40231323242188
132.39865112304688,94.03738403320312,83.43765258789062,117.1550521850586
133.75157165527344,94.52116394042969,79.0292739868164,116.90292358398438
142.845947265625,90.58768463134766,66.23391723632812,121.21784973144531
144.23851013183594,85.69275665283203,59.68538284301758,123.35282897949219
142.47894287109375,83.51538848876953,57.345943450927734,128.52903747558594
142.64268493652344,77.2054214477539,54.97785186767578,132.2330780029297
143.03929138183594,75.0763931274414,47.59988021850586,134.81141662597656
142.55276489257812,72.30439758300781,43.90542984008789,138.93234252929688
141.16189575195312,73.48792266845703,48.453590393066406,141.5980682373047
139.2622528076172,73.59468841552734,51.679412841796875,143.63255310058594
133.2742919921875,79.30387878417969,58.40529251098633,138.81414794921875
132.7596435546875,81.34739685058594,59.94145965576172,140.12155151367188
134.49069213867188,80.47559356689453,59.56035614013672,140.98829650878906
136.4593505859375,80.58452606201172,58.48038864135742,143.3657989501953
133.75546264648438,80.98983001708984,59.38797378540039,140.5071258544922
137.79544067382812,80.03095245361328,56.08234786987305,139.5354461669922
148.1844482421875,80.93206787109375,46.32805633544922,136.28009033203125
146.9514617919922,80.0621337890625,52.265811920166016,136.69451904296875
144.28640747070312,80.913818359375,62.44189453125,133.6522216796875
143.64974975585938,83.16270446777344,64.54125213623047,133.45370483398438
143.95437622070312,79.7833480834961,70.19132232666016,134.8343963623047
139.18930053710938,79.73690795898438,83.26749420166016,131.81695556640625
134.74473571777344,85.96340942382812,91.22139739990234,126.00775909423828
128.69613647460938,80.52320861816406,98.05000305175781,124.40420532226562
124.5162353515625,84.05413818359375,97.33920288085938,126.84131622314453
122.57125854492188,80.8763427734375,89.38973236083984,126.7859878540039
118.19416046142578,81.88479614257812,83.95600891113281,130.2369384765625
110.11012268066406,75.7968978881836,82.3179702758789,133.5570831298828
105.94917297363281,75.46871185302734,74.76412200927734,135.80027770996094
103.88912963867188,69.73597717285156,65.9966812133789,142.02102661132812
104.54020690917969,76.97893524169922,56.044456481933594,137.4112091064453
102.82635498046875,72.29644012451172,52.53109359741211,141.5905303955078
102.29755401611328,72.73028564453125,52.169925689697266,144.24908447265625
101.5876693725586,74.14590454101562,53.88380432128906,148.29568481445312
103.4876480102539,75.64979553222656,49.78550338745117,150.47036743164062
103.43910217285156,74.58071899414062,53.753265380859375,152.9224853515625
102.09559631347656,81.74488830566406,56.481754302978516,150.63308715820312
103.78060913085938,86.09952545166016,56.175682067871094,148.80271911621094
104.800048828125,89.38680267333984,57.18463134765625,146.84580993652344
104.56005859375,93.93594360351562,62.58399200439453,142.69927978515625
104.65223693847656,93.66755676269531,66.71066284179688,141.78155517578125
107.35791015625,91.46149444580078,66.79269409179688,143.24156188964844
109.14761352539062,91.24142456054688,70.48125457763672,138.07205200195312
112.85334777832031,90.04570770263672,67.89269256591797,137.31321716308594
112.6119613647461,88.97647857666016,78.15724182128906,133.1585235595703
124.70133972167969,88.78387451171875,65.2632827758789,129.80328369140625
116.4791030883789,85.1738052368164,75.54212951660156,136.06419372558594
121.09123229980469,84.48324584960938,70.27166748046875,132.42172241210938
117.1902084350586,83.98173522949219,73.95774841308594,130.65167236328125
115.55815124511719,80.65410614013672,73.44232940673828,132.4099884033203
113.49913024902344,80.78099822998047,73.36166381835938,132.5699920654297
113.21347045898438,76.30791473388672,73.51847076416016,138.45582580566406
113.39614868164062,79.5787582397461,64.35816192626953,129.8932647705078
109.13687896728516,82.80953979492188,59.72013854980469,128.35577392578125
105.49171447753906,83.28532409667969,59.816184997558594,127.5479736328125
96.43646240234375,85.64578247070312,69.93829345703125,124.41851043701172
88.98583221435547,88.4428939819336,69.26950073242188,124.85676574707031
92.23641204833984,89.37417602539062,65.599609375,121.81884765625
80.73440551757812,86.1465072631836,81.0740966796875,129.63755798339844
82.12122344970703,83.5462417602539,80.770263671875,130.3391571044922
85.83522033691406,83.5649185180664,74.26512908935547,130.10325622558594
81.24774169921875,79.14510345458984,85.27799224853516,136.6081085205078
87.8030014038086,70.2440185546875,88.76396179199219,144.67999267578125
91.86126708984375,63.80540466308594,82.48928833007812,154.088134765625
96.50996398925781,79.47551727294922,70.2168197631836,139.12571716308594
98.18115234375,66.26216888427734,78.59369659423828,152.41783142089844
100.09635925292969,61.685638427734375,71.75051879882812,152.43295288085938
101.05101013183594,61.02613067626953,70.40250396728516,151.4751434326172
97.79734802246094,61.31407165527344,74.24811553955078,154.26992797851562
99.3465805053711,59.01158142089844,70.18659973144531,154.42416381835938
95.67223358154297,59.75933074951172,70.07829284667969,152.38844299316406
94.90746307373047,59.0367431640625,59.2358512878418,149.75396728515625
89.17706298828125,55.94139099121094,60.47113037109375,154.45663452148438
81.5343246459961,57.22144317626953,64.69715881347656,149.6505584716797
72.12791442871094,58.57476043701172,66.25556182861328,147.33229064941406
62.311038970947266,57.676551818847656,78.98217010498047,147.75181579589844
55.112972259521484,53.423553466796875,95.4189224243164,153.517333984375
50.420936584472656,40.76978302001953,89.02677917480469,160.94027709960938
51.10365676879883,59.48362731933594,75.77506256103516,145.98556518554688
48.150272369384766,61.70939636230469,76.9076919555664,140.213134765625
59.650272369384766,69.85175323486328,68.31267547607422,131.91160583496094
58.05155563354492,78.7864990234375,74.05985260009766,121.68182373046875
65.76873779296875,83.12413787841797,70.14629364013672,119.58824157714844
65.69332885742188,83.99368286132812,72.48040008544922,115.57266998291016
68.4122314453125,84.83584594726562,69.32672882080078,112.4373779296875
63.34109115600586,87.28849029541016,75.44878387451172,113.32765197753906
63.27700424194336,88.49220275878906,78.77803802490234,110.50161743164062
64.31304931640625,90.45518493652344,77.59736633300781,107.00628662109375
61.7391471862793,84.99433898925781,81.8611831665039,113.7229232788086
62.7327766418457,76.4897689819336,78.69872283935547,123.46580505371094
68.31050109863281,71.51844024658203,74.5103988647461,128.08314514160156
69.97928619384766,78.73226928710938,77.81498718261719,118.85183715820312
76.84739685058594,79.33509826660156,83.65135955810547,116.58214569091797
88.47210693359375,65.18477630615234,76.4983139038086,132.8691864013672
90.904296875,53.58367919921875,80.47933959960938,143.36231994628906
93.29703521728516,62.132110595703125,85.15312194824219,135.43511962890625
99.74980163574219,66.92701721191406,88.63540649414062,129.79574584960938
103.73933410644531,63.568023681640625,81.4837875366211,135.96157836914062
100.77134704589844,54.79649353027344,91.63656616210938,148.06753540039062
96.78970336914062,53.806915283203125,96.05330657958984,149.49569702148438
95.33457946777344,50.12641143798828,97.51915740966797,155.56602478027344
98.58808898925781,45.136192321777344,92.56473541259766,158.9084014892578
99.10791015625,54.69335174560547,93.84847259521484,159.74696350097656
95.18579864501953,64.97657775878906,103.69050598144531,148.19570922851562
100.933837890625,61.67515563964844,97.78971099853516,145.89987182617188
101.44063568115234,49.27589416503906,90.88386535644531,159.52484130859375
91.65717315673828,47.86590576171875,106.68064880371094,166.810302734375
95.93008422851562,58.749908447265625,98.99565887451172,158.49728393554688
97.06488037109375,62.6221923828125,99.54459381103516,154.19845581054688
52.83938217163086,65.44791412353516,114.11307525634766,149.45643615722656
95.32276916503906,50.03308868408203,103.84972381591797,164.50914001464844
90.27156066894531,51.70466613769531,119.22045135498047,165.67092895507812
67.38687896728516,50.269805908203125,146.31468200683594,164.91217041015625
85.8709716796875,69.72273254394531,134.1920166015625,145.59414672851562
89.15718841552734,76.75505828857422,132.0423126220703,138.3932342529297
81.91351318359375,75.0595703125,151.12347412109375,142.38729858398438
64.36978912353516,78.07241821289062,163.4060516357422,139.12249755859375
60.650840759277344,77.14989471435547,170.6724090576172,138.06520080566406
66.943115234375,78.62898254394531,160.957275390625,143.208984375
64.93229675292969,78.17620086669922,167.05636596679688,135.8235321044922
61.04407501220703,80.0282211303711,169.3473358154297,138.68833923339844
62.89778137207031,80.22445678710938,161.13626098632812,139.97900390625
113.70404052734375,80.6761245727539,121.79517364501953,137.6768341064453
119.66496276855469,76.39778137207031,97.73348236083984,141.2725830078125
126.40728759765625,68.78780364990234,83.65728759765625,151.08116149902344
129.00765991210938,70.35283660888672,92.42137145996094,146.21644592285156
128.01499938964844,54.441139221191406,93.27413177490234,164.11924743652344
124.51130676269531,49.51203155517578,97.05878448486328,173.7371368408203
127.318359375,51.65770721435547,94.4961166381836,173.44468688964844
132.25982666015625,60.76655578613281,94.35533142089844,162.75845336914062
133.14419555664062,69.52049255371094,80.11495971679688,153.39169311523438
131.1034698486328,66.04701232910156,91.67102813720703,156.0950927734375
130.28497314453125,69.81209564208984,83.21726989746094,152.51197814941406
124.86354064941406,66.8683853149414,86.74517822265625,155.85353088378906
120.760498046875,67.15518188476562,92.21298217773438,155.70846557617188
111.44441223144531,67.3182144165039,103.3445816040039,154.75404357910156
102.28152465820312,64.9010009765625,110.0360107421875,157.15435791015625
101.43659210205078,70.9193344116211,106.53135681152344,151.82200622558594
109.2925796508789,70.23139953613281,98.05860900878906,145.77896118164062
114.27853393554688,64.57508850097656,89.39144897460938,148.61270141601562
117.27587890625,66.49922943115234,82.90660858154297,145.31312561035156
117.67915344238281,67.37413024902344,86.10400390625,139.77783203125
124.18020629882812,63.89289093017578,89.3111801147461,140.28379821777344
132.246826171875,63.366844177246094,85.28571319580078,137.14683532714844
139.35276794433594,67.96621704101562,86.06267547607422,135.49615478515625
135.46707153320312,72.10077667236328,95.92943572998047,130.35838317871094
141.0816650390625,75.38636016845703,96.85079956054688,131.71983337402344
136.18914794921875,68.0698013305664,105.4947738647461,133.0879364013672
131.53750610351562,61.22314453125,108.67472839355469,142.379638671875
132.56280517578125,66.3329086303711,104.79435729980469,135.1094512939453
128.001953125,66.02271270751953,108.26264953613281,139.9439239501953
125.8878173828125,64.34558868408203,104.26632690429688,139.57777404785156
124.58338928222656,62.92664337158203,100.5286865234375,141.8706512451172
114.9717025756836,63.174224853515625,104.22328186035156,143.2105712890625
106.83767700195312,55.36225128173828,101.68370819091797,152.95835876464844
91.03965759277344,61.59446716308594,105.05921173095703,146.2862548828125
79.34860229492188,59.90022277832031,95.22992706298828,148.7545166015625
84.38034057617188,58.008949279785156,83.51690673828125,150.62977600097656
78.87680053710938,55.34905242919922,84.59230041503906,156.80409240722656
78.35234069824219,59.05821990966797,84.79257202148438,160.2835235595703
85.15582275390625,57.587158203125,82.56100463867188,161.78152465820312
85.95836639404297,44.203643798828125,88.65882873535156,176.04617309570312
92.08150482177734,42.36908721923828,79.59700012207031,175.38002014160156
92.67581176757812,39.12660217285156,83.53646850585938,181.38031005859375
92.50869750976562,36.19975280761719,85.13031768798828,188.43124389648438
101.49299621582031,37.451148986816406,82.4608154296875,187.67039489746094
107.78343963623047,39.30174255371094,85.19923400878906,196.44317626953125
111.03292846679688,42.418678283691406,97.17650604248047,192.7579803466797
112.67998504638672,42.77703094482422,97.80259704589844,195.5650177001953
111.86286926269531,43.53974914550781,100.30807495117188,194.43435668945312
114.20513916015625,43.31647491455078,102.24334716796875,194.3173065185547
113.26248168945312,45.659912109375,115.04400634765625,183.8720703125
110.68377685546875,48.034339904785156,129.27047729492188,178.05030822753906
104.29596710205078,35.809410095214844,138.24632263183594,193.63966369628906
95.74008178710938,36.99974822998047,148.16717529296875,194.1932830810547
95.61808013916016,35.11791229248047,149.2622833251953,196.01734924316406
88.29553985595703,31.071945190429688,157.3937225341797,199.84771728515625
84.30599975585938,28.12377166748047,161.822021484375,204.6399383544922
87.49461364746094,47.12940216064453,152.8533935546875,186.9045867919922
98.9679946899414,54.60832214355469,140.7413787841797,175.30319213867188
101.92584991455078,52.23387908935547,135.6768035888672,180.01304626464844
104.8145751953125,55.123291015625,125.17195892333984,175.53292846679688
106.88530731201172,55.064048767089844,118.02223205566406,175.9772491455078
112.0556640625,56.61437225341797,104.23312377929688,182.5297393798828
111.25311279296875,58.813438415527344,96.74803924560547,177.50025939941406
117.79777526855469,60.83503723144531,86.02233123779297,178.7215576171875
118.731201171875,61.06321716308594,76.9476089477539,180.91680908203125
114.5096435546875,57.93645477294922,82.03621673583984,181.4967498779297
106.23393249511719,61.01420593261719,80.05469512939453,179.73849487304688
109.94755554199219,65.43923950195312,77.409423828125,176.2503662109375
110.35049438476562,66.055419921875,75.53534698486328,170.56500244140625
113.97880554199219,57.04357147216797,77.86510467529297,179.6514129638672
122.04792022705078,52.623573303222656,82.11128234863281,183.0841827392578
123.06138610839844,56.59144592285156,82.1896743774414,182.54489135742188
123.78646087646484,52.05833435058594,82.82218933105469,182.14767456054688
123.99009704589844,49.709022521972656,86.85350799560547,185.3041534423828
127.2574691772461,48.03849792480469,83.36302185058594,186.54705810546875
127.94680786132812,51.79560852050781,82.31534576416016,182.42166137695312
126.00934600830078,48.728492736816406,83.88090515136719,185.54893493652344
124.93478393554688,48.606163024902344,81.9708023071289,183.22975158691406
124.78514099121094,50.91004180908203,72.26871490478516,184.7443389892578
124.93597412109375,47.63713073730469,72.57025909423828,189.59210205078125
123.16195678710938,50.20545196533203,68.9495620727539,189.16029357910156
122.73574829101562,48.94537353515625,67.5857162475586,189.6588134765625
123.48222351074219,48.644859313964844,64.50104522705078,192.2512969970703
125.05470275878906,53.40509796142578,62.23104476928711,190.4652557373047
128.68502807617188,53.34503173828125,58.08222579956055,189.31146240234375
127.51593017578125,54.976905822753906,59.5616455078125,188.5305938720703
129.26356506347656,57.269615173339844,63.067935943603516,191.2157440185547
132.47486877441406,61.0262451171875,63.06349563598633,187.75473022460938
135.8700408935547,67.59123992919922,67.13849639892578,182.27162170410156
136.4981231689453,63.96795654296875,65.94790649414062,183.67019653320312
135.5098419189453,69.3720703125,67.36473846435547,181.08929443359375
136.01780700683594,66.6318130493164,63.80946731567383,183.1071319580078
133.1432647705078,61.86261749267578,61.941802978515625,183.66944885253906
131.30560302734375,61.514373779296875,55.362552642822266,186.4566650390625
125.36203002929688,63.13063049316406,56.53213882446289,180.71017456054688
121.57850646972656,59.79724884033203,53.816993713378906,181.5626678466797
118.27127838134766,52.110633850097656,51.07908630371094,181.4413604736328
117.83826446533203,55.93224334716797,51.89967727661133,182.8368377685547
113.59386444091797,47.55547332763672,50.40901565551758,184.6303253173828
110.36122131347656,47.569923400878906,50.195556640625,184.2387237548828
104.29310607910156,39.98545837402344,53.060943603515625,182.31265258789062
100.7493896484375,45.84777069091797,53.460716247558594,180.53578186035156
96.78411102294922,44.579803466796875,63.180049896240234,179.34637451171875
95.74452209472656,42.789405822753906,66.16436004638672,177.98216247558594
93.54550170898438,44.716148376464844,72.98861694335938,177.68565368652344
85.46084594726562,47.95636749267578,84.0082015991211,174.9236602783203
85.3910140991211,47.80126953125,86.38609313964844,169.31634521484375
82.79829406738281,45.59645080566406,92.0096206665039,170.0428466796875
79.20695495605469,56.60498046875,99.68997192382812,160.8004150390625
77.2258529663086,50.388038635253906,99.50559997558594,161.67442321777344
73.906982421875,54.82670593261719,103.60319519042969,159.59335327148438
74.26176452636719,51.08495330810547,102.88867950439453,162.3638458251953
72.7933349609375,53.903663635253906,101.30094146728516,154.0383758544922
71.44800567626953,55.40892791748047,101.94517517089844,156.33363342285156
67.42106628417969,49.60484313964844,108.55474853515625,161.59173583984375
74.09138488769531,54.441131591796875,102.00035095214844,158.01174926757812
76.00460052490234,57.400299072265625,100.28677368164062,156.5914306640625
86.10090637207031,58.670265197753906,89.02841186523438,151.9825897216797
83.21575927734375,64.6625747680664,98.4734115600586,151.06040954589844
91.84803771972656,60.402000427246094,89.35726928710938,154.56834411621094
100.40554809570312,58.866920471191406,81.91458129882812,156.86756896972656
101.54013061523438,62.21128845214844,81.75161743164062,156.74310302734375
107.70942687988281,60.04029846191406,77.4670181274414,155.3570556640625
107.60875701904297,57.529640197753906,81.70390319824219,154.46070861816406
111.43081665039062,65.79725646972656,79.9256591796875,154.50314331054688
112.44593048095703,61.52812194824219,79.36521911621094,154.41885375976562
114.10688018798828,66.09571075439453,81.60450744628906,151.6254425048828
113.73348999023438,68.9297103881836,86.0816421508789,150.8140106201172
111.46977233886719,67.41268157958984,92.12277221679688,152.71083068847656
113.88743591308594,68.91793823242188,88.98442840576172,149.73526000976562
113.53973388671875,68.31183624267578,94.61237335205078,151.91941833496094
108.69563293457031,70.09019470214844,101.3836898803711,149.7755126953125
113.8710708618164,72.720703125,101.63600158691406,149.16378784179688
106.80915069580078,69.57147979736328,112.82859802246094,148.8044891357422
138.58145141601562,106.36224365234375,81.55155944824219,118.95208740234375
135.97369384765625,109.23121643066406,61.86952209472656,122.77774047851562
137.66439819335938,102.73284912109375,41.63011932373047,122.77200317382812
130.17337036132812,100.6914291381836,41.59844207763672,127.02476501464844
126.24185943603516,101.98194122314453,44.30119323730469,124.70567321777344
125.60916900634766,101.14601135253906,45.34049606323242,126.39452362060547
124.00861358642578,106.83707427978516,47.95799255371094,123.25700378417969
120.76126861572266,109.04216003417969,52.62541198730469,119.07861328125
118.41683959960938,109.06446838378906,58.435150146484375,121.15433502197266
115.12423706054688,113.54801177978516,71.66763305664062,118.04365539550781
111.76155090332031,116.25499725341797,80.99134063720703,112.66941833496094
111.06037902832031,120.4181900024414,84.99071502685547,112.22624206542969
109.31961059570312,116.64639282226562,87.8558120727539,114.41228485107422
110.7708740234375,119.27928924560547,89.5847396850586,114.74034118652344
111.05007934570312,117.80177307128906,91.29010009765625,116.989013671875
111.37060546875,121.01034545898438,96.37560272216797,110.91436004638672
113.24851989746094,119.9502182006836,96.4867935180664,111.36289978027344
119.23008728027344,120.51704406738281,93.6363296508789,109.49279022216797
116.1005859375,115.00790405273438,96.74679565429688,117.707275390625
114.2101821899414,114.8801040649414,102.94291687011719,114.61067199707031
106.36146545410156,106.70716094970703,114.08028411865234,124.41114807128906
120.69821166992188,104.18775939941406,115.1758804321289,124.16364288330078
130.64686584472656,96.6786880493164,110.07540130615234,131.0949249267578
140.77175903320312,99.47447204589844,101.01841735839844,130.32586669921875
152.8869171142578,94.00028991699219,82.96582794189453,136.24932861328125
164.86428833007812,98.34098815917969,70.4225845336914,129.82717895507812
181.2779541015625,96.45481872558594,53.80095291137695,130.41720581054688
188.59779357910156,99.93710327148438,45.92308807373047,116.75082397460938
189.89236450195312,101.84008026123047,53.00313949584961,121.09675598144531
191.80711364746094,102.02729034423828,60.845428466796875,126.41120910644531
191.5124053955078,100.08244323730469,57.76557159423828,129.27639770507812
192.79006958007812,103.81271362304688,60.207916259765625,128.9390869140625
194.00735473632812,108.61627197265625,62.1650276184082,124.66790008544922
195.08328247070312,109.18846130371094,60.790523529052734,119.90836334228516
194.1417694091797,110.81058502197266,60.143402099609375,118.91358947753906
192.5272216796875,113.23802947998047,67.10800170898438,114.75663757324219
199.3402557373047,115.42610931396484,83.08285522460938,111.45707702636719
198.11488342285156,111.75537109375,92.54574584960938,114.87216186523438
202.10081481933594,116.79643249511719,91.15426635742188,111.55532836914062
208.67120361328125,111.70437622070312,84.196533203125,119.7446517944336
207.04568481445312,109.90736389160156,78.10166931152344,117.66073608398438
206.25009155273438,104.52677917480469,65.28004455566406,121.17781829833984
208.01513671875,101.03504943847656,55.67334747314453,119.8583755493164
209.9503936767578,88.65144348144531,55.058265686035156,131.84439086914062
211.069091796875,88.25791931152344,52.40951919555664,131.39822387695312
205.69631958007812,76.66350555419922,54.62019348144531,136.4966583251953
198.45932006835938,69.70943450927734,54.65721893310547,135.2003631591797
192.78302001953125,63.408599853515625,63.02610778808594,135.5238037109375
191.2815704345703,61.43177795410156,53.3654670715332,124.63833618164062
198.25128173828125,56.63903045654297,46.92955017089844,124.56826782226562
198.40135192871094,61.1043586730957,46.58175277709961,124.69013214111328
197.30856323242188,57.2744140625,45.2121467590332,123.50924682617188
191.8675537109375,53.68171691894531,52.179141998291016,131.0233612060547
192.4400177001953,55.64697265625,52.655517578125,124.81092834472656
193.51377868652344,58.76512145996094,53.829246520996094,128.52633666992188
190.33143615722656,55.90404510498047,50.25094985961914,129.41067504882812
183.9027099609375,56.209144592285156,51.974571228027344,137.06448364257812
181.1004638671875,62.74424743652344,57.504669189453125,134.9947509765625
174.96641540527344,68.3091812133789,58.63298416137695,130.4142608642578
176.49041748046875,82.11627960205078,64.97642517089844,125.81874084472656
172.69947814941406,89.67619323730469,56.195838928222656,122.2798843383789
167.6432342529297,95.721923828125,59.827850341796875,116.68447875976562
