282.0,104.0,67.0,84.0
289.9934387207031,104.25425720214844,64.32390594482422,87.46012115478516
299.2613525390625,111.04686737060547,68.09965515136719,79.76603698730469
303.6578063964844,112.47348022460938,67.21946716308594,80.03549194335938
308.2276306152344,113.22158813476562,69.71991729736328,82.88980102539062
313.89483642578125,113.35366821289062,66.07470703125,85.36767578125
318.2335510253906,112.39591979980469,64.90328216552734,84.5409927368164
317.3194885253906,110.27249145507812,67.10798645019531,82.93859100341797
310.7247009277344,103.38734436035156,69.370849609375,85.51583099365234
301.59747314453125,98.03910827636719,70.9874267578125,89.05947875976562
291.30731201171875,92.08966064453125,73.11649322509766,96.3614730834961
276.2529296875,88.308837890625,74.75565338134766,95.68675994873047
264.2388000488281,84.20338439941406,73.95246124267578,97.2072525024414
252.7943115234375,77.10565185546875,73.12413024902344,103.55338287353516
243.2192840576172,66.45209503173828,66.51962280273438,111.99403381347656
230.70741271972656,71.33989715576172,73.31441497802734,108.53671264648438
219.08621215820312,73.72789764404297,78.10649871826172,122.73680114746094
208.3692626953125,68.03799438476562,84.57865142822266,131.35848999023438
207.3220977783203,70.58450317382812,77.06159210205078,127.42595672607422
219.147216796875,74.26539611816406,66.62406158447266,117.5006332397461
229.13046264648438,88.48472595214844,69.09452819824219,117.16498565673828
247.13760375976562,92.56944274902344,60.50684356689453,101.3657455444336
259.4751892089844,98.39281463623047,64.65367126464844,95.77198791503906
271.1405944824219,108.56234741210938,66.3074722290039,85.9581298828125
277.7757263183594,114.63215637207031,71.30839538574219,88.0134506225586
286.6489562988281,113.6702880859375,72.97050476074219,89.93677520751953
296.2680969238281,114.97615051269531,71.28174591064453,81.2427978515625
300.7065734863281,112.87814331054688,72.07454681396484,81.44916534423828
301.41912841796875,107.31562805175781,73.91230010986328,94.56402587890625
299.203369140625,108.59660339355469,75.3792724609375,89.26082611083984
297.81134033203125,109.66703796386719,73.31886291503906,91.60662078857422
293.3696594238281,110.45762634277344,76.30045318603516,92.1865463256836
284.21435546875,107.54561614990234,82.12661743164062,93.98323059082031
274.53936767578125,101.88878631591797,91.55443572998047,96.92304992675781
265.33612060546875,94.73580932617188,96.15858459472656,101.84876251220703
250.1056365966797,90.15607452392578,101.33731079101562,105.97996520996094
235.6614990234375,89.53710174560547,89.29364013671875,97.00340270996094
235.10791015625,73.72938537597656,84.1705322265625,108.34879302978516
236.6876220703125,65.26239013671875,87.76806640625,115.0787582397461
247.0364227294922,62.70038604736328,96.62764739990234,111.23648071289062
265.4722595214844,66.59463500976562,92.67301940917969,112.84009552001953
295.093994140625,64.04620361328125,86.67324829101562,109.8219985961914
321.1448974609375,70.74873352050781,81.47876739501953,106.301025390625
341.9230651855469,71.59376525878906,75.66736602783203,106.80906677246094
349.9530944824219,72.33103942871094,75.8082275390625,102.15953063964844
351.808349609375,77.93250274658203,73.67935180664062,99.96046447753906
345.0985412597656,85.77462768554688,74.78096008300781,92.89532470703125
332.409423828125,93.76428985595703,69.72985076904297,87.79060363769531
313.208740234375,98.23171997070312,70.11109924316406,88.00092315673828
291.21148681640625,103.92352294921875,72.76803588867188,90.20629119873047
262.9989318847656,109.15685272216797,72.95960235595703,87.45780944824219
239.02239990234375,106.21083068847656,73.63981628417969,89.82302856445312
221.63638305664062,107.64463806152344,65.4217758178711,91.84839630126953
197.16526794433594,106.32099914550781,83.2253189086914,97.87491607666016
186.6276397705078,112.91287231445312,91.3683853149414,86.73375701904297
182.79331970214844,116.37132263183594,92.333740234375,84.87215423583984
175.65992736816406,94.61936950683594,90.04729461669922,92.06582641601562
176.51715087890625,84.70588684082031,92.04719543457031,105.42150115966797
184.79678344726562,73.22042083740234,92.40028381347656,118.65632629394531
198.4393310546875,65.49159240722656,95.93040466308594,134.23434448242188
225.8959197998047,49.0283203125,89.03915405273438,129.46560668945312
250.26358032226562,47.03591537475586,90.35163116455078,109.5031509399414
271.7544250488281,49.26179504394531,91.46800231933594,110.44461059570312
289.0535888671875,49.764705657958984,96.16168212890625,117.60330963134766
293.8305969238281,49.15782928466797,97.34423828125,135.00701904296875
297.2197570800781,49.14439392089844,89.67439270019531,143.20840454101562
295.5465087890625,47.9927978515625,97.13754272460938,130.0843963623047
302.5611267089844,46.54956817626953,99.30055236816406,134.55545043945312
314.9085998535156,48.97459411621094,103.40511322021484,133.69415283203125
331.2110290527344,59.48557662963867,101.11774444580078,118.77558135986328
347.57293701171875,63.00086212158203,96.9114761352539,112.8975830078125
367.76129150390625,52.44407653808594,91.84971618652344,121.12252807617188
380.5075988769531,47.4357795715332,95.77136993408203,121.93572235107422
380.28179931640625,40.87053680419922,97.60759735107422,129.81141662597656
369.1553955078125,37.06643295288086,102.24972534179688,121.89879608154297
353.68829345703125,32.037200927734375,109.81084442138672,124.84375
324.375244140625,32.460838317871094,135.28250122070312,130.2552032470703
297.69647216796875,45.19304656982422,149.05416870117188,127.07933044433594
274.8328552246094,46.16687774658203,151.49774169921875,133.03424072265625
254.2198486328125,45.82109069824219,144.7472381591797,133.786865234375
233.878173828125,53.83631896972656,141.8036346435547,133.79388427734375
221.85763549804688,59.175838470458984,132.79539489746094,126.66364288330078
204.5372314453125,64.74285888671875,130.7158203125,117.45184326171875
190.30166625976562,67.26016998291016,131.6144561767578,118.69407653808594
181.58309936523438,68.73320007324219,127.4664535522461,121.05646514892578
171.73110961914062,69.85631561279297,126.07685852050781,112.79684448242188
152.4867401123047,71.01658630371094,139.37911987304688,99.64259338378906
135.73521423339844,67.37725830078125,156.318603515625,105.85589599609375
122.52195739746094,66.03575897216797,166.90042114257812,114.79118347167969
117.20728302001953,57.789161682128906,164.9215850830078,132.3577423095703
105.56103515625,52.74547576904297,180.17733764648438,142.30470275878906
107.15332794189453,56.423973083496094,175.71665954589844,133.25250244140625
110.27412414550781,63.63909912109375,176.82467651367188,117.51165771484375
115.20397186279297,68.62644958496094,180.2930450439453,117.88471984863281
132.21023559570312,71.26016998291016,168.5962371826172,121.01408386230469
148.8975830078125,58.59648132324219,158.10726928710938,142.01751708984375
168.34805297851562,59.23982238769531,137.43380737304688,150.42919921875
172.7940216064453,68.40266418457031,138.16195678710938,133.32644653320312
176.66378784179688,68.01116180419922,133.5517578125,137.68983459472656
177.25466918945312,71.86277770996094,130.47117614746094,134.09219360351562
175.93414306640625,61.170265197753906,126.89524841308594,144.3894805908203
174.94085693359375,59.68213653564453,121.96601867675781,145.21876525878906
176.39401245117188,66.96047973632812,107.53727722167969,133.84335327148438
185.89541625976562,63.492454528808594,93.75151062011719,140.75379943847656
193.3446044921875,64.75706481933594,84.59803771972656,138.20413208007812
207.638916015625,71.07830047607422,74.95702362060547,129.7639617919922
228.1985626220703,73.663330078125,70.54422760009766,123.19132232666016
250.37205505371094,91.42990112304688,63.05277633666992,108.74381256103516
270.8111572265625,102.42008972167969,66.52053833007812,95.08721923828125
284.9072265625,100.68998718261719,72.58816528320312,100.0255126953125
309.400146484375,100.74601745605469,65.07850646972656,82.50382232666016
330.7970275878906,98.0997085571289,61.54637908935547,78.43870544433594
349.0335388183594,98.17259216308594,59.52267074584961,79.0764389038086
361.3928527832031,96.1763916015625,60.11249923706055,76.21526336669922
368.8078308105469,94.1806640625,57.25322723388672,79.9002685546875
371.91448974609375,94.20225524902344,55.60788345336914,77.94461059570312
368.96978759765625,95.94183349609375,58.321964263916016,76.5223617553711
365.12744140625,100.06417846679688,61.38125228881836,76.22994232177734
364.9823303222656,102.35533142089844,61.88515853881836,74.24090576171875
362.6961364746094,101.00245666503906,64.8960189819336,77.84387969970703
366.01470947265625,96.85220336914062,65.21791076660156,81.70885467529297
367.6436462402344,88.69569396972656,68.18446350097656,85.573974609375
363.7342224121094,78.91084289550781,75.4994888305664,93.25415802001953
353.4121398925781,72.29810333251953,84.22489166259766,103.729248046875
341.96710205078125,65.88316345214844,92.26300811767578,114.47249603271484
326.0047607421875,67.21076202392578,100.94949340820312,108.67204284667969
299.23388671875,76.42686462402344,115.17461395263672,99.90306854248047
276.4463806152344,67.79361724853516,117.78340148925781,110.15020751953125
249.47238159179688,66.45889282226562,133.96376037597656,108.6561508178711
229.2269744873047,66.7620849609375,138.84768676757812,110.91402435302734
210.25320434570312,68.59453582763672,134.7368927001953,119.51152038574219
194.97299194335938,72.35515594482422,130.41297912597656,121.65571594238281
180.1575164794922,78.97706604003906,131.142578125,119.10713958740234
170.79766845703125,83.53375244140625,123.03434753417969,118.4037857055664
164.06858825683594,80.00160217285156,113.11153411865234,119.04276275634766
148.22470092773438,81.00357055664062,117.74549865722656,112.01239776611328
137.12939453125,80.0112075805664,103.48406982421875,101.75401306152344
125.34628295898438,80.8485107421875,94.34207153320312,105.44134521484375
118.36471557617188,80.11958312988281,82.26666259765625,106.6662826538086
111.10037994384766,84.97183227539062,78.97969055175781,101.38345336914062
109.53997039794922,74.13505554199219,75.57942199707031,113.88430786132812
106.68568420410156,76.00485229492188,90.36823272705078,112.57355499267578
119.47712707519531,85.47535705566406,88.79122161865234,100.33025360107422
138.37576293945312,84.85411071777344,90.32208251953125,92.3369140625
158.31991577148438,86.63272094726562,91.51153564453125,89.17755126953125
184.4024200439453,85.83381652832031,85.81078338623047,103.31228637695312
197.28231811523438,81.88555908203125,91.92500305175781,109.02088165283203
226.48849487304688,75.98838806152344,79.48753356933594,115.50029754638672
245.7261199951172,73.49017333984375,81.90432739257812,121.8758773803711
260.7974548339844,70.43405151367188,91.08635711669922,115.56563568115234
284.6175842285156,61.00383758544922,87.49756622314453,125.94615173339844
304.20281982421875,49.657630920410156,86.99754333496094,136.82284545898438
315.75115966796875,46.81306457519531,93.83226013183594,142.55703735351562
326.01177978515625,44.30479431152344,96.09838104248047,143.1167755126953
328.6143798828125,43.891876220703125,95.75890350341797,134.98609924316406
323.0121765136719,40.51633834838867,94.80249786376953,125.72028350830078
312.9464416503906,35.84846878051758,95.9100570678711,120.62491607666016
299.68829345703125,38.0309944152832,101.74592590332031,124.40776824951172
285.8219909667969,51.69720458984375,109.9083251953125,111.55911254882812
272.1083679199219,56.09504318237305,111.05045318603516,114.98578643798828
259.1048889160156,60.88399887084961,110.71156311035156,113.76940155029297
244.8352813720703,55.91687774658203,121.2948226928711,128.66497802734375
230.82342529296875,68.03565979003906,122.41747283935547,119.39350128173828
221.494384765625,65.49076080322266,121.715576171875,131.07640075683594
183.6824951171875,76.1028823852539,141.82754516601562,123.02952575683594
171.75929260253906,75.34858703613281,138.93222045898438,125.43270874023438
158.79071044921875,75.23253631591797,137.4588623046875,126.29008483886719
150.61605834960938,73.70452880859375,123.22108459472656,125.22378540039062
153.00186157226562,72.228515625,99.84464263916016,121.24908447265625
152.92520141601562,74.39225006103516,86.25450897216797,110.23954772949219
152.0615692138672,73.01806640625,88.23128509521484,114.54580688476562
160.8100128173828,80.68046569824219,95.01056671142578,106.70574951171875
179.0915069580078,80.44708251953125,95.65962982177734,118.73548126220703
199.0584716796875,77.77400207519531,95.77091979980469,111.52864837646484
227.04100036621094,72.0298843383789,91.55709838867188,122.14961242675781
249.81732177734375,68.48584747314453,86.3978271484375,105.32383728027344
258.785400390625,57.898319244384766,82.79932403564453,109.8761215209961
246.22361755371094,47.688968658447266,100.2059097290039,111.92842864990234
230.3739471435547,51.432945251464844,107.79562377929688,109.92457580566406
215.51730346679688,54.61368942260742,113.05926513671875,103.05652618408203
214.03575134277344,52.789207458496094,104.07169342041016,96.04849243164062
226.0584716796875,44.71996307373047,98.69414520263672,98.37220764160156
247.91102600097656,44.07741165161133,83.75955200195312,93.8377456665039
257.62078857421875,36.254119873046875,82.36573028564453,108.0345458984375
261.4560241699219,54.03645324707031,88.33009338378906,106.46409606933594
267.3677062988281,68.91366577148438,80.89112091064453,107.68126678466797
262.23468017578125,84.76715087890625,79.1271743774414,99.16692352294922
261.50714111328125,94.07167053222656,72.88827514648438,94.58570098876953
267.858154296875,95.29154968261719,72.9576416015625,91.51107788085938
277.6680908203125,90.27174377441406,71.91848754882812,89.86892700195312
285.27679443359375,85.45054626464844,74.22632598876953,89.80758666992188
290.2276611328125,78.1332778930664,73.65242767333984,93.68768310546875
278.2914123535156,71.26118469238281,75.75019836425781,101.7646484375
268.2048645019531,64.26150512695312,83.61592102050781,111.63288116455078
266.0181579589844,57.591800689697266,86.64048767089844,111.76302337646484
265.5526428222656,52.222469329833984,85.021728515625,117.73482513427734
249.59983825683594,56.428245544433594,95.6399154663086,108.0087890625
226.33578491210938,52.08771514892578,110.67347717285156,111.07637023925781
216.2830352783203,52.569950103759766,122.90072631835938,109.82926177978516
217.93421936035156,66.34385681152344,110.04683685302734,114.91057586669922
228.21864318847656,78.21641540527344,89.29866790771484,106.10259246826172
239.66207885742188,71.177978515625,78.58228302001953,110.30022430419922
245.85690307617188,64.06916809082031,73.99162292480469,116.74275970458984
243.582275390625,62.13473892211914,73.58958435058594,111.9758529663086
235.41409301757812,63.503849029541016,76.49552917480469,122.0124740600586
221.51870727539062,67.24658966064453,80.91215515136719,128.57582092285156
205.3976287841797,69.97000122070312,89.50919342041016,134.16744995117188
199.68426513671875,70.30847930908203,103.05683898925781,127.48423767089844
187.8029327392578,79.21427154541016,126.21926879882812,120.66725158691406
219.6126708984375,72.07777404785156,107.63948059082031,126.29552459716797
234.58319091796875,90.70143127441406,103.62348937988281,110.41985321044922
259.27362060546875,77.4507827758789,94.7568359375,121.19694519042969
278.89385986328125,60.03635787963867,88.50015258789062,127.85504913330078
293.8144226074219,54.685516357421875,92.35382080078125,118.65711975097656
294.7984619140625,55.478004455566406,107.8144302368164,128.7335662841797
297.9654846191406,39.49342346191406,115.49687957763672,149.52757263183594
316.1540222167969,42.20331573486328,112.70604705810547,138.24270629882812
317.9294738769531,52.17313766479492,92.05491638183594,122.1935806274414
296.20196533203125,69.65777587890625,102.31619262695312,111.38875579833984
278.8353271484375,84.44418334960938,89.90422058105469,101.95121002197266
254.60293579101562,86.09882354736328,111.38883972167969,102.41816711425781
244.16024780273438,82.47042846679688,103.10734558105469,103.87146759033203
249.08506774902344,68.42636108398438,84.4938735961914,109.25458526611328
258.079345703125,69.69063568115234,74.92340850830078,123.63005065917969
267.9438171386719,69.00726318359375,74.67552185058594,127.73910522460938
272.1710205078125,71.07794189453125,73.3697280883789,114.11212921142578
266.4563293457031,74.522705078125,77.12914276123047,110.44087982177734
250.10903930664062,76.95648956298828,84.0731201171875,109.24781799316406
229.7527313232422,65.57328796386719,86.78488159179688,121.61449432373047
198.7914276123047,80.66149139404297,107.37625122070312,120.74171447753906
182.2364501953125,74.19762420654297,117.40425109863281,122.72532653808594
175.52276611328125,81.31597900390625,116.79290771484375,119.21324920654297
180.80966186523438,81.06332397460938,114.29432678222656,115.6250228881836
210.0902557373047,79.196044921875,93.33670043945312,109.92141723632812
238.67037963867188,77.21980285644531,83.98033142089844,101.05020904541016
265.36669921875,71.48896789550781,79.46428680419922,100.7781753540039
277.2506408691406,69.98906707763672,86.16007995605469,108.89361572265625
298.8815002441406,78.177490234375,79.05284118652344,103.32501220703125
312.2880554199219,82.14732360839844,70.1312255859375,101.20240020751953
306.9404296875,88.08628845214844,71.99276733398438,94.61487579345703
292.90435791015625,98.53507995605469,71.05418395996094,90.87329864501953
272.9676208496094,106.18437194824219,69.77584075927734,90.01720428466797
255.14828491210938,111.85750579833984,57.88349151611328,81.71693420410156
241.4835205078125,117.66795349121094,59.65269470214844,81.799072265625
230.79957580566406,115.60409545898438,60.40189743041992,81.34857940673828
230.3217315673828,102.96261596679688,54.97481918334961,89.09571075439453
225.84576416015625,93.63221740722656,62.6765022277832,98.7877426147461
232.336181640625,89.86688232421875,66.62480926513672,93.38156127929688
245.17947387695312,82.10955810546875,71.80937194824219,106.15365600585938
267.0298156738281,74.30397033691406,80.26827239990234,122.96558380126953
284.173583984375,65.69206237792969,83.92818450927734,131.70098876953125
295.08319091796875,60.98082733154297,80.91555786132812,134.07225036621094
292.1551818847656,55.434974670410156,76.76483917236328,136.61260986328125
284.4324035644531,56.0347900390625,78.72285461425781,146.26922607421875
287.05517578125,63.310630798339844,79.74151611328125,134.14369201660156
292.94183349609375,66.67636108398438,79.78820037841797,127.9208984375
301.7079772949219,67.80386352539062,81.19513702392578,127.49056243896484
311.2465515136719,66.57585144042969,83.21685028076172,118.04660034179688
316.0675354003906,55.116058349609375,85.65483093261719,126.0252685546875
321.26953125,43.43370056152344,76.55643463134766,136.75926208496094
321.9551086425781,38.68156433105469,74.42207336425781,137.20669555664062
323.6363220214844,43.28639221191406,72.01136016845703,130.52149963378906
321.0692138671875,49.51124954223633,77.69062805175781,127.3681411743164
318.5911865234375,54.58894729614258,82.4276123046875,119.91251373291016
315.5823669433594,60.88824462890625,82.4822998046875,108.46221923828125
313.4106750488281,66.11064147949219,73.46138000488281,88.5850601196289
316.6141662597656,64.80863952636719,67.61665344238281,90.60377502441406
314.61041259765625,63.2994499206543,73.15397644042969,88.82520294189453
314.1864929199219,52.671024322509766,78.47682189941406,98.92166900634766
320.8285827636719,42.23473358154297,77.4527816772461,99.68412780761719
320.8927307128906,40.623600006103516,89.63189697265625,92.26207733154297
326.2415466308594,39.86418914794922,86.09001159667969,84.46734619140625
322.7880554199219,28.89264678955078,87.0223617553711,76.56208801269531
315.7688903808594,28.849441528320312,89.26863098144531,70.47319030761719
306.6731872558594,28.853309631347656,89.25895690917969,82.83831787109375
300.224853515625,32.55349349975586,86.10099029541016,84.55167388916016
295.7215576171875,49.51493453979492,87.52505493164062,85.29817962646484
293.563232421875,49.56703186035156,81.67852783203125,101.59037780761719
289.1130065917969,58.6626091003418,80.7254638671875,109.92603302001953
285.6271057128906,70.36624145507812,79.3851318359375,108.21796417236328
284.3153076171875,71.18707275390625,72.43179321289062,106.99600219726562
277.126708984375,80.06025695800781,72.36418151855469,101.68270874023438
263.34765625,87.8159408569336,74.85409545898438,96.69996643066406
250.074951171875,88.91654968261719,78.34612274169922,99.01058959960938
232.53016662597656,92.86871337890625,83.7987289428711,93.07805633544922
209.3306884765625,88.71258544921875,85.95112609863281,93.8748550415039
196.11080932617188,79.62887573242188,104.6374740600586,105.7493896484375
189.32608032226562,71.2164306640625,115.80074310302734,119.74178314208984
193.3941650390625,68.30886840820312,117.05374145507812,130.689697265625
201.94769287109375,57.907501220703125,120.20997619628906,142.05194091796875
220.6180419921875,53.511566162109375,111.984130859375,152.77743530273438
234.7758026123047,51.50587463378906,105.14188385009766,144.60719299316406
228.6168212890625,49.25868225097656,116.94874572753906,133.31512451171875
211.98098754882812,52.58210754394531,128.0694122314453,113.17120361328125
209.6115264892578,52.29043197631836,130.99667358398438,118.39234161376953
207.39181518554688,55.064125061035156,136.5988006591797,118.45558166503906
212.48104858398438,46.697242736816406,123.52873229980469,116.14988708496094
221.26107788085938,40.80065155029297,109.26074981689453,111.05570983886719
225.27468872070312,44.160728454589844,102.08305358886719,98.26829528808594
225.64898681640625,48.88996887207031,93.74632263183594,93.20492553710938
213.8568115234375,45.03045654296875,101.20066833496094,97.86952209472656
182.1629638671875,48.10838317871094,116.62586212158203,99.82220458984375
172.41253662109375,73.2431411743164,125.0255126953125,102.78413391113281
166.8553009033203,68.33419799804688,136.46530151367188,118.08537292480469
168.43150329589844,67.61437225341797,146.66482543945312,137.46910095214844
176.94863891601562,74.67698669433594,155.69822692871094,127.16162109375
199.80128479003906,87.86676025390625,155.32260131835938,112.84795379638672
239.20675659179688,83.46147918701172,126.22613525390625,113.08457946777344
269.0273742675781,79.22004699707031,103.34352111816406,115.69329833984375
284.5766296386719,75.55099487304688,88.64835357666016,120.06536865234375
283.8215637207031,86.86796569824219,72.22826385498047,110.30215454101562
273.0336608886719,97.63160705566406,65.3302993774414,103.27521514892578
253.67813110351562,111.39916229248047,67.89185333251953,95.64790344238281
240.0398406982422,116.3437271118164,66.8689956665039,89.84797668457031
232.30435180664062,141.10464477539062,72.66808319091797,92.40481567382812
234.93499755859375,128.89974975585938,80.00312805175781,77.45327758789062
264.9759826660156,104.45377349853516,71.11279296875,92.38346862792969
280.1138916015625,74.57855987548828,83.30496215820312,105.51341247558594
296.2692565917969,47.80052947998047,86.30309295654297,117.63087463378906
303.6358947753906,38.947601318359375,86.0638427734375,135.3595733642578
290.9285583496094,14.081539154052734,97.62397003173828,127.2385025024414
267.7582092285156,13.7545166015625,116.6964340209961,117.36210632324219
249.28460693359375,26.07928466796875,132.87596130371094,115.92025756835938
237.36746215820312,34.211021423339844,130.87266540527344,105.01634216308594
243.02142333984375,33.09577560424805,103.81626892089844,102.0964126586914
251.3736114501953,36.60006332397461,88.69400787353516,101.28881072998047
249.62686157226562,55.90370559692383,81.65972137451172,97.5174789428711
242.10223388671875,70.8271484375,83.65576934814453,104.05330657958984
240.5837860107422,90.50505828857422,69.50777435302734,96.57435607910156
246.2467498779297,100.33297729492188,63.96016311645508,88.20828247070312
250.82810974121094,96.69918823242188,72.0634994506836,92.77289581298828
259.782470703125,101.83811950683594,76.40663146972656,84.6578369140625
266.8274230957031,102.79304504394531,83.22859191894531,73.22896575927734
261.57183837890625,93.52185821533203,78.73859405517578,73.01542663574219
231.94850158691406,101.50860595703125,80.9939193725586,57.23114013671875
193.18939208984375,84.93730163574219,87.90812683105469,68.86530303955078
169.59226989746094,91.48979187011719,91.42337799072266,78.99219512939453
168.7313690185547,114.86669921875,109.82788848876953,86.1429214477539
176.41162109375,136.6912078857422,111.7006607055664,68.48709869384766
176.77516174316406,113.51663208007812,104.89759063720703,93.00260162353516
176.66334533691406,124.85401153564453,107.51092529296875,87.82221984863281
179.093505859375,135.91860961914062,112.54164123535156,69.87126159667969
190.8202667236328,135.149658203125,96.60675048828125,66.61705780029297
184.6150665283203,122.85858154296875,96.77828979492188,74.77843475341797
181.75628662109375,117.33055877685547,96.04600524902344,82.60121154785156
168.35098266601562,100.96452331542969,100.17871856689453,80.26736450195312
139.0546417236328,90.66258239746094,102.70242309570312,95.04442596435547
132.4456329345703,84.94163513183594,98.74083709716797,94.47213745117188
126.7961196899414,70.53858947753906,89.27845764160156,84.84835815429688
