146.0,54.0,68.0,101.0
148.19442749023438,73.13865661621094,62.95991134643555,87.4532241821289
147.12835693359375,74.14070129394531,65.5052490234375,86.46144104003906
148.10140991210938,74.74772644042969,66.39106750488281,85.8079605102539
149.42391967773438,69.27637481689453,68.13935852050781,90.48883056640625
151.6505584716797,72.39959716796875,66.11237335205078,86.4408950805664
152.88314819335938,67.81307220458984,66.70541381835938,89.91917419433594
155.8964080810547,70.16679382324219,63.81609344482422,89.95287322998047
159.24237060546875,70.07232666015625,62.530006408691406,89.7702865600586
163.01583862304688,74.11244201660156,61.4072265625,81.22197723388672
164.54380798339844,74.58357238769531,59.631317138671875,78.87064361572266
164.24386596679688,78.0267333984375,60.33644104003906,78.31340789794922
165.18902587890625,80.68218231201172,58.55765151977539,75.89454650878906
165.05023193359375,79.55853271484375,59.65260314941406,78.55195617675781
168.1785125732422,78.63858032226562,58.108062744140625,80.19515991210938
170.03538513183594,80.67366027832031,60.696022033691406,78.15869140625
174.81768798828125,86.28884887695312,57.92962646484375,70.75743103027344
177.45364379882812,85.0282974243164,56.096900939941406,69.55328369140625
182.58103942871094,86.65803527832031,55.111812591552734,66.75899505615234
186.48587036132812,83.36323547363281,54.98221969604492,68.7292251586914
186.0406494140625,79.04888916015625,55.729530334472656,68.32366180419922
189.75930786132812,82.10005950927734,53.20264434814453,59.49043655395508
193.89608764648438,80.30921173095703,50.97117233276367,60.67184829711914
195.50808715820312,81.99916076660156,49.56185531616211,59.612762451171875
198.09420776367188,85.47309112548828,47.82905578613281,57.79713821411133
198.92636108398438,89.56072235107422,48.41191101074219,54.47050476074219
196.4407501220703,91.31708526611328,50.575130462646484,56.27641677856445
196.84713745117188,92.67703247070312,48.42860412597656,56.20107650756836
196.66378784179688,94.5272216796875,47.132713317871094,53.404048919677734
193.2664337158203,96.76025390625,48.41767120361328,52.37019729614258
190.97543334960938,96.52606201171875,46.017913818359375,53.82733154296875
186.3385467529297,93.11198425292969,47.106834411621094,53.296085357666016
183.08213806152344,91.46173858642578,47.05685043334961,56.88456344604492
181.3005828857422,90.88745880126953,45.01224899291992,54.051300048828125
175.9676513671875,90.48643493652344,46.24568176269531,54.40282440185547
170.47862243652344,91.43705749511719,46.98970413208008,53.93010711669922
166.33909606933594,89.82161712646484,46.30779266357422,53.1365852355957
162.17222595214844,88.99848937988281,46.657318115234375,55.10337448120117
157.6057586669922,84.3582763671875,47.570533752441406,61.084266662597656
154.4240264892578,84.14749145507812,49.809852600097656,62.74657440185547
154.31015014648438,85.73177337646484,50.97077941894531,60.25399398803711
153.96194458007812,85.07984924316406,51.18355178833008,60.410301208496094
154.71656799316406,85.2974624633789,50.9847297668457,61.531463623046875
153.0061492919922,85.52607727050781,51.747833251953125,60.28345489501953
153.21200561523438,87.82058715820312,48.758514404296875,58.578468322753906
150.8107147216797,89.31324005126953,48.7465934753418,59.1552619934082
147.40206909179688,89.46636962890625,48.61672592163086,57.193416595458984
147.0597686767578,90.37603759765625,49.21230697631836,52.64847946166992
146.417724609375,90.72380065917969,49.18028259277344,55.190696716308594
147.51951599121094,90.49066162109375,47.29709243774414,54.37232208251953
145.82049560546875,89.59247589111328,48.09916687011719,53.69554138183594
146.50953674316406,87.33653259277344,46.7270393371582,55.03545379638672
149.01119995117188,87.30996704101562,45.38127136230469,54.34809112548828
147.92642211914062,88.96977996826172,45.679710388183594,52.484867095947266
150.375732421875,90.81796264648438,44.51430892944336,52.62500762939453
151.34547424316406,90.73006439208984,44.87245559692383,54.1408805847168
150.2920684814453,94.96338653564453,45.21474838256836,53.35349655151367
149.86776733398438,97.32855987548828,45.75883483886719,51.45530700683594
151.4279022216797,98.76734161376953,44.65864181518555,53.35774230957031
152.18426513671875,97.86349487304688,43.70864486694336,52.76704406738281
153.8531494140625,98.1517333984375,44.022430419921875,52.413543701171875
156.79031372070312,95.06793212890625,44.44266128540039,53.24755096435547
158.9078826904297,93.68090057373047,46.89441680908203,50.04823303222656
161.52645874023438,89.49244689941406,47.6600456237793,50.40345001220703
166.19192504882812,85.9120101928711,44.70186996459961,54.4477653503418
167.92787170410156,84.8577880859375,44.41190719604492,51.513423919677734
170.01260375976562,83.2376480102539,48.0754508972168,53.242984771728516
171.90708923339844,83.52721405029297,47.74753952026367,54.24957275390625
173.300048828125,84.55462646484375,48.36354064941406,55.99134063720703
176.3994598388672,86.31614685058594,48.47500228881836,58.810707092285156
179.39605712890625,87.78865051269531,46.41639709472656,58.216575622558594
181.37478637695312,89.31942749023438,46.88079071044922,58.08341979980469
182.5782470703125,88.0649185180664,46.77791213989258,60.10834884643555
183.3673095703125,90.21356201171875,45.97834777832031,54.582557678222656
184.48182678222656,88.71887969970703,47.598175048828125,57.269344329833984
187.05165100097656,89.38201141357422,45.53326416015625,56.2030143737793
185.6630859375,88.74205017089844,46.895870208740234,55.1882438659668
184.29556274414062,88.42572021484375,46.0668830871582,52.853965759277344
185.5865478515625,85.75888061523438,45.79328155517578,54.7133903503418
183.30462646484375,87.221435546875,46.669898986816406,52.469398498535156
181.53411865234375,89.99507904052734,45.754493713378906,50.3560676574707
180.048583984375,92.26200866699219,44.31142044067383,48.35022735595703
177.587158203125,93.89126586914062,45.36001968383789,46.92678451538086
177.25778198242188,91.61112976074219,43.68889236450195,50.0991325378418
175.91812133789062,90.58026123046875,43.518959045410156,51.57356643676758
176.06419372558594,90.5093765258789,43.090206146240234,50.8610725402832
172.71730041503906,89.41734313964844,45.200531005859375,51.85274124145508
173.78829956054688,87.67877960205078,43.02250671386719,53.48867416381836
171.38450622558594,86.15853881835938,43.812965393066406,56.13942337036133
168.5260772705078,83.28103637695312,45.806968688964844,56.938758850097656
168.11293029785156,80.90863037109375,43.56609344482422,56.626930236816406
162.77880859375,80.6279067993164,45.5775032043457,55.94191360473633
159.04470825195312,79.78826904296875,45.48539733886719,55.36920928955078
157.89846801757812,77.53636169433594,45.70677947998047,53.049903869628906
158.43089294433594,82.3966064453125,45.26539993286133,52.208438873291016
157.98841857910156,86.50343322753906,46.4014778137207,54.394920349121094
156.43231201171875,89.0913314819336,47.75355529785156,53.01542663574219
157.7646026611328,92.2118148803711,45.223907470703125,52.89522933959961
156.74935913085938,93.447509765625,45.32294845581055,52.14569854736328
155.64401245117188,94.02238464355469,45.159786224365234,52.37539291381836
156.68045043945312,93.73240661621094,44.29640197753906,52.44274139404297
158.386962890625,95.2169418334961,43.06362533569336,50.64670944213867
158.78704833984375,94.69796752929688,44.51422882080078,47.19605255126953
160.745361328125,93.20498657226562,41.404090881347656,46.75025177001953
161.81727600097656,89.91349792480469,43.96015548706055,50.46984100341797
162.639892578125,88.50027465820312,43.64594268798828,51.73062515258789
165.18038940429688,90.18590545654297,42.88084411621094,51.134185791015625
170.47622680664062,91.744140625,43.015281677246094,48.443321228027344
171.99501037597656,92.65077209472656,46.091896057128906,50.27313995361328
173.82005310058594,92.73419189453125,45.40850067138672,53.333457946777344
176.24412536621094,91.44965362548828,45.675968170166016,54.56718444824219
177.47076416015625,91.78466796875,47.5634765625,54.623985290527344
178.3491973876953,91.96033477783203,45.00209426879883,54.7200927734375
178.8624725341797,92.8165512084961,44.633174896240234,53.16646194458008
180.69497680664062,91.99142456054688,45.86784744262695,51.75969696044922
183.0006561279297,92.26949310302734,45.81841278076172,52.1663703918457
186.1412353515625,91.19229125976562,45.758785247802734,55.8385124206543
187.54086303710938,90.81100463867188,44.95757293701172,55.56049728393555
188.24093627929688,88.04031372070312,46.20124435424805,56.95613479614258
188.68394470214844,85.49073791503906,46.8724250793457,59.45222854614258
189.38670349121094,85.62237548828125,46.297401428222656,58.0981330871582
190.3571014404297,88.43150329589844,47.89677810668945,56.671749114990234
189.17457580566406,90.70797729492188,51.4653434753418,57.38076400756836
191.15419006347656,95.71611022949219,48.95901870727539,56.06218719482422
192.61196899414062,96.63301849365234,48.64506530761719,57.217708587646484
193.71482849121094,97.4110107421875,45.594966888427734,55.55923843383789
193.55697631835938,94.86573791503906,45.263641357421875,58.069862365722656
191.93685913085938,91.64710998535156,45.868343353271484,58.27431106567383
188.24371337890625,91.25900268554688,44.62854766845703,57.12043380737305
186.14207458496094,88.31250762939453,45.989933013916016,55.90138626098633
184.07186889648438,86.0948715209961,44.405460357666016,55.87843322753906
183.314208984375,81.45767974853516,44.47340393066406,56.4156379699707
179.53378295898438,80.50233459472656,48.02984619140625,56.57680892944336
178.7757110595703,81.9767837524414,46.71384811401367,57.02155685424805
173.6547393798828,85.46475982666016,47.3428840637207,55.71409225463867
169.69090270996094,86.79876708984375,46.10902786254883,55.547664642333984
166.25396728515625,88.57429504394531,45.43472671508789,52.670494079589844
163.52259826660156,90.47711944580078,46.804195404052734,50.32948303222656
161.38897705078125,91.11154174804688,44.64430618286133,50.943763732910156
161.5460205078125,87.66144561767578,43.684837341308594,54.09828567504883
162.4397430419922,85.33204650878906,43.03776168823242,54.257110595703125
160.97508239746094,87.17415618896484,44.19927215576172,51.25605773925781
162.67010498046875,88.38905334472656,44.103084564208984,51.516021728515625
163.32339477539062,87.86437225341797,43.67497634887695,54.05293273925781
165.11166381835938,85.48438262939453,44.551448822021484,57.1182746887207
167.2466583251953,86.90130615234375,45.1727180480957,57.72291564941406
168.9642791748047,88.73115539550781,44.870399475097656,60.53527069091797
169.4084014892578,91.56243896484375,46.158199310302734,56.35989761352539
170.72381591796875,91.32063293457031,45.88954162597656,56.07560729980469
173.25503540039062,92.49058532714844,46.04676818847656,53.20647430419922
174.7235565185547,91.20429229736328,46.711612701416016,55.01393127441406
176.8174285888672,89.505859375,47.445518493652344,56.16541290283203
180.05276489257812,89.60147094726562,46.84693145751953,54.062477111816406
182.0666046142578,86.07371520996094,47.5831184387207,53.80853271484375
182.75140380859375,84.81340026855469,47.1110725402832,56.15251922607422
184.5528564453125,84.75959777832031,46.964317321777344,57.561920166015625
185.73577880859375,88.49845886230469,45.65813446044922,55.657901763916016
186.39927673339844,90.10328674316406,45.7178840637207,56.15632629394531
185.68466186523438,91.55657196044922,46.69935607910156,55.14779281616211
185.41387939453125,92.28172302246094,49.221046447753906,56.70083236694336
184.7065887451172,93.02470397949219,49.79330825805664,58.58930206298828
184.6090850830078,94.899658203125,49.183799743652344,58.19728088378906
183.09642028808594,96.89556884765625,48.99061965942383,58.59503173828125
183.13955688476562,97.8443603515625,46.71670150756836,58.1713981628418
180.69793701171875,96.68353271484375,48.83401107788086,57.688682556152344
180.63526916503906,97.20541381835938,47.757598876953125,55.950050354003906
181.17373657226562,92.87583923339844,47.875221252441406,58.427406311035156
180.75477600097656,88.29010772705078,49.871360778808594,56.37587356567383
179.53744506835938,87.11514282226562,50.0994987487793,58.1352653503418
176.27430725097656,86.36351013183594,50.411155700683594,59.536354064941406
175.0082244873047,87.70085144042969,45.955108642578125,56.08604431152344
172.87661743164062,86.79463958740234,46.74224853515625,59.52410888671875
172.7848358154297,89.26858520507812,45.44306182861328,56.93511962890625
169.20718383789062,90.15969848632812,47.27598571777344,57.735389709472656
167.02415466308594,91.2335433959961,47.1953125,60.42592239379883
165.01087951660156,91.51589965820312,45.28324508666992,58.4111442565918
159.26153564453125,90.57289123535156,47.264801025390625,56.67289733886719
157.28607177734375,87.31334686279297,45.76640319824219,57.221622467041016
155.7667694091797,87.40614318847656,45.15312576293945,56.94047927856445
154.18116760253906,89.01564025878906,46.889076232910156,53.045127868652344
154.686279296875,89.61540222167969,46.906532287597656,52.826839447021484
156.06422424316406,90.93470001220703,43.785743713378906,52.936031341552734
157.69418334960938,91.12700653076172,45.436187744140625,54.37887191772461
160.39224243164062,93.24250793457031,47.00798797607422,52.82637405395508
162.25929260253906,95.38477325439453,45.38272476196289,57.19459533691406
163.77175903320312,99.71673583984375,44.214080810546875,56.083152770996094
165.7136993408203,103.56434631347656,44.69222640991211,53.02505111694336
168.7420196533203,104.09202575683594,44.371185302734375,53.532447814941406
169.84178161621094,105.38631439208984,46.83797073364258,53.5756721496582
173.62767028808594,103.56084442138672,45.26533126831055,55.49382400512695
176.39051818847656,102.69699096679688,50.3288688659668,56.10498046875
181.6903839111328,103.2092514038086,45.895320892333984,53.22187423706055
184.38584899902344,99.40298461914062,46.909400939941406,56.45096969604492
191.0500030517578,95.16390228271484,45.535972595214844,56.26163101196289
191.5880889892578,93.68384552001953,46.35126876831055,58.177276611328125
192.5049285888672,90.96788787841797,48.229530334472656,59.36577224731445
195.56007385253906,92.65167236328125,46.77233123779297,55.163509368896484
201.51031494140625,93.35313415527344,45.71831512451172,53.77189636230469
204.02532958984375,94.77995300292969,47.874908447265625,55.092689514160156
206.90184020996094,93.30714416503906,48.395721435546875,60.38204574584961
210.63890075683594,94.36913299560547,46.922645568847656,60.84328079223633
214.82266235351562,97.08413696289062,47.480979919433594,55.709083557128906
217.1392364501953,98.1554183959961,44.65031051635742,53.592254638671875
217.51434326171875,96.94929504394531,46.66704177856445,54.803062438964844
217.8998565673828,97.09228515625,46.95188522338867,54.53350830078125
219.1434326171875,94.97552490234375,46.29255676269531,55.76395034790039
215.63320922851562,93.80329895019531,46.27885437011719,56.91462326049805
215.18341064453125,94.98482513427734,43.75590896606445,54.895633697509766
215.45220947265625,94.27375793457031,45.58629608154297,55.34389114379883
214.660400390625,93.80888366699219,45.50503921508789,58.124263763427734
213.89173889160156,94.65420532226562,43.09809112548828,55.842140197753906
212.3127899169922,94.96114349365234,45.58320999145508,54.828277587890625
211.35696411132812,93.38627624511719,45.313575744628906,55.864646911621094
210.15017700195312,91.40142822265625,47.14870071411133,58.35364532470703
208.04051208496094,90.73214721679688,49.103355407714844,56.562705993652344
207.24842834472656,92.09262084960938,46.91687774658203,52.921180725097656
206.71588134765625,91.27033996582031,47.064998626708984,53.40361404418945
204.6116943359375,93.92398071289062,46.627685546875,55.10797119140625
201.70108032226562,95.4669418334961,48.14866256713867,57.36141586303711
200.57179260253906,97.11466979980469,46.930885314941406,55.6168327331543
201.70114135742188,96.41570281982422,47.52308654785156,55.91964340209961
201.51397705078125,92.97479248046875,43.39690017700195,57.890953063964844
202.0261993408203,93.96624755859375,41.66351318359375,56.89503479003906
200.183349609375,90.68505096435547,43.676082611083984,58.596431732177734
199.7435760498047,89.97531127929688,43.39356231689453,59.66732406616211
201.84669494628906,93.15503692626953,41.7197265625,56.23038864135742
204.16021728515625,94.84101867675781,43.73902893066406,56.561710357666016
207.417724609375,97.73925018310547,43.92758560180664,56.28927993774414
208.5184326171875,99.5794677734375,43.33033752441406,52.37420654296875
206.69590759277344,98.1231689453125,46.31728744506836,56.26805877685547
209.2438507080078,97.23281860351562,44.99113082885742,57.668949127197266
210.1983184814453,94.96630859375,44.88254928588867,57.94292068481445
212.30030822753906,93.82286071777344,44.310516357421875,55.96519470214844
214.8900146484375,93.39510345458984,45.324737548828125,56.11973190307617
218.03359985351562,91.4671859741211,45.11845397949219,55.051143646240234
224.73265075683594,91.32356262207031,43.241668701171875,53.469078063964844
227.6370849609375,90.38253784179688,44.42253494262695,56.63853073120117
229.89669799804688,93.32445526123047,47.47312545776367,55.69279098510742
233.8011474609375,97.982177734375,48.66283416748047,55.702701568603516
234.93185424804688,103.71826171875,48.25611114501953,53.26541519165039
235.78749084472656,105.87821960449219,48.004371643066406,53.291778564453125
236.15530395507812,106.70726013183594,47.5549201965332,54.21725082397461
238.27464294433594,109.44749450683594,41.78829574584961,50.328426361083984
237.7305908203125,110.21121978759766,43.41450119018555,48.47856140136719
241.11727905273438,107.99620056152344,44.57283020019531,51.003231048583984
244.24717712402344,108.1712875366211,43.188453674316406,50.77323532104492
244.6558074951172,108.57260131835938,42.379539489746094,50.5413818359375
242.7755126953125,110.15050506591797,42.613712310791016,48.54056930541992
234.83367919921875,109.50963592529297,46.78887939453125,49.26972961425781
235.4739990234375,104.36550903320312,48.02472686767578,53.598472595214844
236.08689880371094,104.64720916748047,49.61824417114258,56.14632034301758
235.6397247314453,105.73509216308594,46.854103088378906,55.319190979003906
234.71051025390625,105.09785461425781,44.61359405517578,58.716915130615234
228.26719665527344,106.00149536132812,48.990047454833984,58.51993179321289
224.75897216796875,106.1224136352539,49.466758728027344,59.59709548950195
224.3956298828125,104.34152221679688,48.24587631225586,61.330322265625
220.16014099121094,104.04574584960938,49.91191482543945,57.544185638427734
218.29061889648438,98.77598571777344,48.46626281738281,58.82634735107422
221.66355895996094,92.22774505615234,44.256046295166016,58.6152458190918
221.4851531982422,87.76398468017578,47.96815872192383,56.69630813598633
226.62913513183594,82.28446197509766,46.3283576965332,58.66024398803711
231.62840270996094,84.20957946777344,45.05744171142578,58.185279846191406
234.6933135986328,89.18341827392578,44.637962341308594,58.12290573120117
238.6175079345703,95.7975082397461,46.23996353149414,57.2000846862793
242.98651123046875,97.67212677001953,45.65717315673828,58.27053451538086
246.7820281982422,100.77269744873047,45.512535095214844,56.2437858581543
250.7265625,105.11383819580078,45.67085266113281,55.64992141723633
256.63055419921875,104.3279800415039,45.807762145996094,56.22218704223633
260.97528076171875,100.32159423828125,45.0153923034668,57.29449462890625
261.863525390625,94.44600677490234,45.11982345581055,54.88418197631836
265.3442687988281,89.7898178100586,46.54072952270508,53.92734146118164
270.059326171875,86.03534698486328,46.23933410644531,56.0446662902832
274.8892822265625,83.91981506347656,41.882755279541016,51.37898254394531
275.8157043457031,77.0751953125,41.24285888671875,56.67158508300781
276.2806091308594,79.89482116699219,42.337158203125,53.370887756347656
272.7789001464844,81.55659484863281,42.73152542114258,55.740318298339844
268.2069091796875,85.52508544921875,44.60734558105469,53.99652099609375
267.0756530761719,86.1723861694336,42.79754638671875,54.6935920715332
266.9140625,86.86493682861328,43.493064880371094,53.122440338134766
267.6400146484375,85.16162109375,42.050628662109375,53.510963439941406
265.8678894042969,82.15263366699219,43.58277893066406,55.26453399658203
266.691650390625,83.0416030883789,42.9658088684082,53.71577453613281
268.26171875,80.55741119384766,43.66696548461914,55.95612716674805
264.2191162109375,81.20657348632812,45.620670318603516,54.04859161376953
265.2424011230469,80.11788940429688,44.984004974365234,54.60706329345703
266.0486145019531,80.33056640625,44.68080520629883,55.41217041015625
265.96307373046875,79.06381225585938,46.72820281982422,54.71650314331055
267.95062255859375,79.30987548828125,45.617393493652344,56.0229377746582
266.3035583496094,79.99031066894531,46.07200622558594,56.95653533935547
267.9666748046875,81.16146087646484,42.86821746826172,55.75929641723633
265.1038513183594,80.04145812988281,47.17424011230469,56.074642181396484
265.4570007324219,81.1647720336914,45.63975524902344,55.663394927978516
265.46258544921875,80.2536849975586,47.84153747558594,56.23078536987305
267.9270324707031,81.20417785644531,46.016658782958984,58.07776641845703
267.4010925292969,80.8320541381836,44.81352615356445,60.94209671020508
264.65594482421875,84.40568542480469,48.45677185058594,56.06414031982422
261.57427978515625,85.31866455078125,47.8243408203125,56.150718688964844
254.03480529785156,85.9017333984375,49.343109130859375,58.65243148803711
249.3051300048828,88.46241760253906,46.507057189941406,58.3896369934082
242.494873046875,88.06936645507812,47.503108978271484,59.469905853271484
237.6911163330078,89.64628601074219,46.87594223022461,56.676063537597656
228.2810516357422,87.9742202758789,48.035545349121094,57.05326461791992
226.16891479492188,90.11927795410156,45.728492736816406,56.09467315673828
221.07823181152344,89.97453308105469,46.41921615600586,55.35803985595703
217.29095458984375,88.232177734375,47.22188949584961,56.348140716552734
213.2692413330078,84.34970092773438,51.523868560791016,61.17644500732422
212.54299926757812,87.73955535888672,47.70577621459961,57.74253845214844
208.5655975341797,90.52970123291016,49.25716018676758,58.7789421081543
206.4582977294922,90.15682220458984,48.755531311035156,61.05235290527344
201.92201232910156,89.14109802246094,52.4340705871582,62.67664337158203
199.26959228515625,86.02166748046875,51.04402160644531,66.7793197631836
196.37423706054688,87.21900939941406,47.28783416748047,61.50498962402344
193.0999298095703,86.4412612915039,46.76453399658203,62.32151412963867
188.43724060058594,85.06997680664062,44.614688873291016,62.67776870727539
178.09866333007812,82.83770751953125,47.672542572021484,61.99800491333008
168.25677490234375,78.912353515625,47.8526611328125,62.79601287841797
159.26795959472656,79.42766571044922,48.96483612060547,58.534847259521484
153.04071044921875,79.42930603027344,48.666099548339844,57.578468322753906
147.4282684326172,76.54721069335938,48.90692138671875,57.8540153503418
146.3788604736328,75.87277221679688,44.60799026489258,57.758155822753906
142.60670471191406,76.71533203125,44.82717514038086,57.56635284423828
139.00027465820312,77.71925354003906,44.65892028808594,59.13951110839844
137.83377075195312,79.2149658203125,43.15613555908203,53.7435302734375
138.7549285888672,79.28539276123047,44.029563903808594,56.94356918334961
137.4157257080078,81.62550354003906,45.20653533935547,55.336997985839844
136.63702392578125,85.23974609375,43.2151985168457,54.675926208496094
134.379638671875,87.20598602294922,44.5628662109375,52.09413528442383
137.68170166015625,84.96041870117188,46.97511291503906,55.04447555541992
141.1757354736328,85.38333129882812,47.167518615722656,56.31218338012695
144.2446746826172,86.74401092529297,46.886775970458984,57.193302154541016
143.43714904785156,89.17851257324219,47.415767669677734,56.33850860595703
145.06883239746094,89.36615753173828,45.17291259765625,56.07939147949219
148.64895629882812,89.15457153320312,44.66543197631836,52.73642349243164
153.00936889648438,87.94647979736328,43.46805953979492,53.90501403808594
156.25631713867188,89.91600799560547,44.25691223144531,54.8322868347168
162.1640167236328,91.4383544921875,45.05460739135742,55.81713104248047
166.62562561035156,94.58207702636719,44.18429946899414,55.84221649169922
169.82162475585938,92.8039321899414,45.16250228881836,57.38557815551758
170.56593322753906,90.34319305419922,45.777400970458984,55.680423736572266
172.0247802734375,85.8702163696289,46.7518424987793,54.89654541015625
171.58595275878906,81.4277114868164,46.29764938354492,56.494083404541016
170.63235473632812,77.1417236328125,45.900779724121094,56.537269592285156
171.52084350585938,73.27279663085938,46.423580169677734,57.616050720214844
171.99493408203125,70.04442596435547,46.23976135253906,61.23798751831055
168.41920471191406,73.35436248779297,48.465694427490234,62.32460403442383
169.76071166992188,78.69706726074219,47.486328125,61.862342834472656
171.62245178222656,87.880126953125,50.147918701171875,62.25084686279297
176.62953186035156,98.40360260009766,48.97025680541992,60.00932693481445
181.97189331054688,106.73535919189453,50.836177825927734,62.38663864135742
184.29415893554688,111.60934448242188,54.95102310180664,66.88036346435547
189.4039306640625,114.52940368652344,56.91361999511719,71.17328643798828
193.41152954101562,120.63516998291016,58.24891662597656,65.74562072753906
196.95559692382812,123.62982940673828,57.26934814453125,64.78791809082031
200.7555389404297,123.85027313232422,56.78528594970703,66.73490905761719
205.59197998046875,121.38467407226562,53.54978561401367,66.82169342041016
208.61032104492188,122.76321411132812,52.48051452636719,64.57747650146484
207.05636596679688,122.529541015625,52.66733932495117,62.830535888671875
203.31288146972656,122.91055297851562,52.26506423950195,59.5272216796875
200.19357299804688,118.14484405517578,51.923377990722656,63.12284469604492
201.56849670410156,114.1162109375,49.157466888427734,59.92928695678711
196.2337646484375,106.47264099121094,51.58580780029297,61.654842376708984
192.38658142089844,104.77804565429688,49.55908203125,56.689998626708984
187.4434051513672,98.37142181396484,48.475494384765625,56.18086624145508
183.61056518554688,93.94690704345703,46.010494232177734,58.25555419921875
183.16392517089844,93.85517883300781,44.917388916015625,54.4309196472168
180.4151611328125,95.09032440185547,43.390380859375,54.96864700317383
177.63302612304688,95.57492065429688,42.233150482177734,52.1702766418457
176.52171325683594,95.56365966796875,41.92430877685547,53.14283752441406
175.52684020996094,99.0382308959961,42.44316864013672,53.37716293334961
176.2793731689453,101.56120300292969,40.375938415527344,52.12013626098633
173.28872680664062,103.21830749511719,42.26060104370117,48.07579040527344
173.74758911132812,101.01976776123047,39.31389617919922,53.95452880859375
171.31459045410156,102.31298828125,39.09591293334961,51.18051528930664
169.84478759765625,99.97445678710938,41.42986297607422,51.18696212768555
169.78700256347656,98.00859069824219,42.21221923828125,51.68030548095703
166.83091735839844,92.97235107421875,46.10680389404297,53.95017623901367
169.45152282714844,90.44457244873047,45.973880767822266,56.48397445678711
170.46217346191406,92.26919555664062,42.86198806762695,53.404422760009766
171.37098693847656,92.01127624511719,42.88404083251953,50.65597152709961
174.0572509765625,90.55925750732422,43.41524124145508,49.89133071899414
176.1586456298828,91.4713363647461,45.355987548828125,48.741451263427734
185.5401153564453,92.93344116210938,44.01630783081055,50.26620864868164
188.82318115234375,97.7862777709961,43.89820861816406,49.6588020324707
193.16339111328125,99.41112518310547,46.116798400878906,53.99252700805664
200.00523376464844,99.09088134765625,45.021942138671875,58.2154426574707
203.1022186279297,99.74739074707031,48.004180908203125,59.52643585205078
208.73471069335938,100.717529296875,44.82144546508789,56.331485748291016
210.48248291015625,99.87690734863281,46.19225311279297,53.30397415161133
212.1841278076172,99.882568359375,48.43695831298828,49.871944427490234
215.18580627441406,96.82290649414062,45.60749053955078,49.28239059448242
213.9483642578125,93.2752456665039,43.82301712036133,49.14472579956055
211.55718994140625,90.22969818115234,43.2053337097168,51.02958297729492
210.5485382080078,89.92745208740234,43.62564468383789,50.34344482421875
209.75619506835938,89.34640502929688,43.039451599121094,48.31180953979492
209.3772430419922,92.01106262207031,45.66965866088867,46.397491455078125
208.2594451904297,93.5318603515625,46.16409683227539,46.053977966308594
208.06253051757812,94.01283264160156,46.994911193847656,47.87767791748047
204.165283203125,97.37191009521484,48.7331428527832,45.537899017333984
202.3766326904297,96.71745300292969,52.0407829284668,46.87247085571289
200.00904846191406,94.25340270996094,51.73757553100586,50.23230743408203
196.99058532714844,93.04620361328125,52.19060516357422,50.968929290771484
193.5507049560547,93.39881896972656,49.008819580078125,50.578590393066406
192.334716796875,92.1697998046875,52.04446792602539,49.196144104003906
192.4461669921875,87.90444946289062,51.80333709716797,49.100704193115234
192.54653930664062,84.51315307617188,44.8614387512207,53.190589904785156
192.73358154296875,88.65311431884766,43.35641860961914,46.193424224853516
191.4423828125,87.34278869628906,47.46712875366211,48.51727294921875
191.87464904785156,85.57278442382812,48.84872817993164,52.70378494262695
194.2398681640625,99.2121810913086,43.73990249633789,43.20172119140625
198.42019653320312,105.46781921386719,39.20565414428711,36.903141021728516
193.94692993164062,106.82228088378906,42.105777740478516,39.41668701171875
193.85421752929688,102.54136657714844,44.68366622924805,44.915977478027344
194.88661193847656,102.7267074584961,41.510292053222656,45.613922119140625
194.84939575195312,98.44437408447266,35.65370559692383,48.1168327331543
196.64816284179688,95.164794921875,36.85978317260742,50.45587921142578
198.2161102294922,93.627197265625,39.74972915649414,51.59629821777344
200.20550537109375,83.97978973388672,35.55076599121094,57.967899322509766
200.39979553222656,85.8889389038086,37.84737777709961,55.7758674621582
202.38803100585938,86.9949951171875,41.05879211425781,52.71446228027344
206.76931762695312,86.90303802490234,40.96852111816406,54.14936447143555
213.2747344970703,93.12234497070312,40.866180419921875,52.41999435424805
219.76904296875,99.68775939941406,37.901947021484375,55.810630798339844
222.4198760986328,102.38397216796875,41.04085922241211,55.536258697509766
223.3675994873047,103.60232543945312,39.14614486694336,57.850040435791016
222.42105102539062,105.82128143310547,40.336151123046875,54.72560501098633
220.2723846435547,106.7723388671875,41.013397216796875,56.50326919555664
218.1015625,105.48184967041016,40.99757385253906,55.5189323425293
213.8309326171875,107.97236633300781,40.18828201293945,49.95602798461914
206.11398315429688,106.45178985595703,42.21731185913086,48.65034866333008
201.96792602539062,102.96035766601562,40.6408576965332,49.782691955566406
198.80223083496094,101.66261291503906,38.01963424682617,49.96706008911133
193.19775390625,100.63186645507812,33.42261505126953,44.778926849365234
190.26454162597656,98.47860717773438,34.49103927612305,44.43619155883789
192.79022216796875,98.47392272949219,33.22357177734375,43.724830627441406
195.15444946289062,100.74197387695312,34.83311462402344,45.22407913208008
197.33291625976562,103.65303039550781,36.13325500488281,46.16442108154297
203.91412353515625,104.61181640625,34.9134635925293,48.34878158569336
206.7348175048828,106.78382110595703,37.70584487915039,49.54758834838867
208.98001098632812,106.916015625,38.656063079833984,49.03485870361328
211.34860229492188,105.79662322998047,36.79596710205078,49.03785705566406
209.8385009765625,104.6488037109375,36.90287399291992,48.090370178222656
204.53350830078125,103.37008666992188,36.907222747802734,47.858131408691406
200.8707275390625,100.2076187133789,35.22184753417969,47.89271545410156
201.8098907470703,97.26522064208984,31.54233741760254,46.32780456542969
195.3538360595703,95.5486831665039,32.5952033996582,47.42230224609375
190.14413452148438,95.7637710571289,33.1666259765625,42.09104919433594
187.29466247558594,94.53926849365234,33.19270706176758,47.31941223144531
182.3688201904297,93.15591430664062,34.93482208251953,50.81626892089844
180.2685546875,94.7987289428711,34.21931076049805,51.69892883300781
178.97854614257812,95.77470397949219,34.85036087036133,46.870941162109375
176.48890686035156,93.66293334960938,36.50363540649414,46.272804260253906
171.07945251464844,90.5932388305664,39.68091583251953,51.86520767211914
170.2182159423828,88.23651123046875,37.99443435668945,53.85128402709961
171.91018676757812,85.60729217529297,38.83835983276367,50.83645248413086
171.50965881347656,82.34969329833984,37.2213134765625,46.77445602416992
174.51048278808594,78.78646850585938,37.1461296081543,48.22526168823242
180.6276397705078,77.11732482910156,36.296390533447266,49.836612701416016
180.49130249023438,80.58463287353516,39.63124084472656,48.59841537475586
180.08042907714844,83.05110168457031,40.324562072753906,49.74083709716797
179.47665405273438,84.17768859863281,41.86949157714844,52.30979919433594
178.74978637695312,85.74327850341797,41.24708557128906,53.36967468261719
173.47581481933594,89.00837707519531,42.97598648071289,50.41883850097656
167.716796875,88.41827392578125,40.07588577270508,49.776912689208984
158.99082946777344,87.36325073242188,42.9290885925293,48.67848587036133
153.4204864501953,82.31465148925781,41.293731689453125,49.83837890625
146.47792053222656,77.97245025634766,41.8777961730957,50.12582778930664
141.80885314941406,72.84180450439453,40.593746185302734,51.28122329711914
138.36231994628906,68.91435241699219,38.276912689208984,48.43034362792969
134.79563903808594,66.13351440429688,42.31780242919922,47.123802185058594
133.1722412109375,66.18321990966797,42.48491287231445,45.47043991088867
133.442138671875,66.17447662353516,42.358821868896484,46.5150260925293
135.9730987548828,66.14350891113281,42.14459991455078,48.57720184326172
137.3523406982422,66.9625244140625,41.98751449584961,51.83295822143555
137.81228637695312,71.63359069824219,44.19322967529297,48.132118225097656
144.72158813476562,72.31719207763672,41.77054214477539,47.460323333740234
147.14300537109375,72.78887939453125,44.55261993408203,50.311012268066406
152.7018585205078,72.55162048339844,41.05493927001953,50.637168884277344
160.84295654296875,72.39508056640625,35.33879089355469,50.986934661865234
161.09994506835938,73.56004333496094,38.89845275878906,49.61332321166992
159.74749755859375,71.84782409667969,42.13556671142578,51.37849807739258
160.9267578125,71.77906799316406,42.81935501098633,50.434059143066406
161.21127319335938,72.4459228515625,45.09230422973633,54.570274353027344
162.11355590820312,77.71142578125,45.08451843261719,52.28294372558594
162.87750244140625,79.60220336914062,43.90448760986328,52.84955596923828
163.91529846191406,81.73709869384766,43.920509338378906,54.97459411621094
164.52157592773438,82.72891235351562,42.98927688598633,53.45723342895508
167.6230010986328,84.54930114746094,42.02006912231445,52.66634750366211
170.4661407470703,84.23529815673828,42.18503952026367,51.29341125488281
173.33766174316406,84.77798461914062,42.008296966552734,53.37016296386719
174.80401611328125,82.65242767333984,41.47523498535156,50.603240966796875
175.20901489257812,79.14740753173828,41.547454833984375,50.79874038696289
176.95809936523438,74.60540008544922,40.41658401489258,48.37369918823242
173.00250244140625,71.21847534179688,41.40827560424805,51.14850616455078
172.18817138671875,71.69086456298828,39.035884857177734,52.72430419921875
171.1751251220703,74.86920928955078,41.91197967529297,54.45599365234375
168.37811279296875,78.23785400390625,41.07487487792969,54.78022384643555
166.82168579101562,80.34988403320312,41.66309356689453,52.11665725708008
166.68130493164062,80.1703109741211,43.20988082885742,53.887298583984375
167.93045043945312,78.9302978515625,42.57402801513672,55.447608947753906
167.19921875,78.78826141357422,41.65681838989258,52.485286712646484
170.4150390625,74.49506378173828,41.6836051940918,52.77687072753906
178.83261108398438,74.2708740234375,41.195899963378906,50.56245803833008
182.2604522705078,71.40872192382812,41.158382415771484,52.4268798828125
188.12435913085938,72.31095123291016,41.445682525634766,52.08835220336914
190.7098846435547,72.9988784790039,45.091026306152344,56.39957809448242
191.86026000976562,78.24238586425781,47.74510192871094,56.640716552734375
195.63864135742188,79.82302856445312,45.39070129394531,56.01436233520508
192.43890380859375,77.3277816772461,45.399112701416016,56.77386474609375
189.03733825683594,76.45050811767578,42.25090408325195,56.07637405395508
185.8717803955078,75.07456970214844,41.90522003173828,52.05998611450195
185.44805908203125,74.74275970458984,44.71599197387695,50.89483642578125
188.388427734375,70.83297729492188,42.15347671508789,54.84864044189453
187.93826293945312,69.26272583007812,42.749732971191406,54.38291549682617
192.93429565429688,68.71281433105469,39.662437438964844,53.38701629638672
195.30892944335938,67.47591400146484,39.96617126464844,53.38996505737305
200.64797973632812,66.44349670410156,39.96292495727539,54.58885955810547
199.4539031982422,71.56942749023438,41.55488967895508,54.871700286865234
197.46194458007812,77.29764556884766,41.0893440246582,53.9223518371582
195.13525390625,83.02196502685547,42.04871368408203,54.64743423461914
187.9313507080078,89.67784118652344,43.33572769165039,52.949493408203125
176.4044189453125,90.96991729736328,46.535003662109375,55.91022872924805
164.90390014648438,86.69131469726562,44.94422912597656,58.20392608642578
154.8373260498047,83.25537109375,43.0855712890625,59.94234848022461
145.37643432617188,75.59538269042969,45.23448944091797,57.97843933105469
143.03285217285156,73.15906524658203,45.382259368896484,53.56242752075195
140.1987762451172,69.09456634521484,43.885581970214844,55.47040939331055
139.0713348388672,65.95049285888672,44.74651336669922,53.954315185546875
140.37283325195312,67.66744995117188,43.428993225097656,55.08812713623047
139.86207580566406,72.69725036621094,47.74744415283203,55.96652603149414
142.48519897460938,76.54341125488281,44.75392150878906,58.21635055541992
144.85409545898438,81.87295532226562,43.61991882324219,56.745731353759766
145.42430114746094,89.6181640625,42.862548828125,54.16878890991211
145.61207580566406,93.47252655029297,42.66694259643555,55.650028228759766
146.59324645996094,95.03450012207031,43.6307373046875,52.96964645385742
150.1754150390625,90.98150634765625,42.75437927246094,54.605857849121094
152.21282958984375,84.58541870117188,43.45585250854492,55.26701736450195
154.6746826171875,81.61605834960938,42.94398498535156,55.45854187011719
157.63613891601562,80.732666015625,42.19434356689453,55.962318420410156
158.18362426757812,82.36529541015625,44.491458892822266,53.405616760253906
159.01963806152344,83.0668716430664,45.56555938720703,53.85816955566406
159.3669891357422,85.44536590576172,47.97852325439453,57.42799377441406
159.521484375,89.53004455566406,48.008792877197266,57.31459045410156
156.18341064453125,93.78271484375,43.651702880859375,59.399192810058594
155.9674072265625,97.11456298828125,41.0987548828125,58.127159118652344
153.6033935546875,99.21363067626953,41.23563766479492,58.50693893432617
147.08042907714844,98.583251953125,45.77539825439453,58.4297981262207
143.50869750976562,96.24358367919922,48.05733108520508,57.84109878540039
143.33653259277344,91.61293029785156,43.4738883972168,58.7711181640625
140.6121368408203,86.3952407836914,42.836727142333984,58.3207893371582
139.10501098632812,78.2996826171875,46.40367889404297,59.01262664794922
139.88067626953125,73.08460998535156,45.88432312011719,59.687034606933594
140.96327209472656,70.51509857177734,45.274662017822266,63.22018814086914
141.13516235351562,73.41131591796875,46.0571174621582,57.93543243408203
142.96157836914062,77.52459716796875,44.62456130981445,56.23514175415039
141.96380615234375,80.01789855957031,46.160499572753906,58.14339828491211
139.76820373535156,84.88140869140625,46.66610336303711,59.12383270263672
140.23257446289062,90.20122528076172,45.96061706542969,57.710384368896484
139.92776489257812,92.75818634033203,45.91118240356445,56.52737045288086
138.02288818359375,92.45706939697266,47.10932922363281,57.48725509643555
139.8342742919922,92.45143127441406,46.308441162109375,57.64501190185547
141.06460571289062,92.70822143554688,46.62929916381836,55.07910919189453
145.32655334472656,91.73503875732422,46.625953674316406,54.186092376708984
151.97406005859375,89.10011291503906,44.87542724609375,54.63679504394531
159.09739685058594,84.29411315917969,45.44243621826172,57.18537139892578
163.51559448242188,78.2965316772461,48.96748733520508,62.17939758300781
169.98721313476562,77.98784637451172,48.672752380371094,61.977657318115234
174.46768188476562,80.21649169921875,47.54765319824219,63.92213439941406
180.55609130859375,88.51277160644531,42.86151123046875,56.80621337890625
182.6863250732422,88.91688537597656,43.414947509765625,63.37537384033203
