1
343.6654052734375,207.73019409179688,40.20759963989258,57.0906982421875
340.78948974609375,208.4542999267578,40.015201568603516,59.59000015258789
345.9547119140625,207.41879272460938,37.29909896850586,61.274200439453125
345.83740234375,205.9355926513672,35.68870162963867,62.364200592041016
346.8268127441406,208.66290283203125,34.625301361083984,61.104801177978516
343.1455078125,209.31919860839844,37.308101654052734,59.93899917602539
343.40069580078125,212.08529663085938,30.945100784301758,60.32040023803711
341.9277038574219,216.24180603027344,37.566001892089844,57.77119827270508
341.3345947265625,217.75250244140625,39.48350143432617,57.75
341.5032043457031,220.1566925048828,37.423500061035156,58.58399963378906
339.0596923828125,221.68080139160156,38.15610122680664,56.667598724365234
336.5369873046875,222.85679626464844,41.41630172729492,56.010799407958984
335.64569091796875,222.69410705566406,44.62630081176758,55.277198791503906
338.31451416015625,221.24859619140625,42.07870101928711,59.56660079956055
337.1235046386719,221.42739868164062,42.55220031738281,56.39360046386719
337.8937072753906,220.88710021972656,42.234901428222656,58.68299865722656
337.5090026855469,221.81900024414062,41.95349884033203,58.4119987487793
337.0357971191406,222.34519958496094,41.494998931884766,59.72930145263672
336.16778564453125,224.3647003173828,41.88589859008789,57.937400817871094
334.5185852050781,227.21609497070312,44.05419921875,61.58689880371094
329.7727966308594,232.92970275878906,46.388999938964844,56.62120056152344
332.96649169921875,238.17250061035156,44.321998596191406,51.2593994140625
332.3138122558594,238.15310668945312,44.955501556396484,52.27429962158203
331.52081298828125,236.095703125,45.48720169067383,56.18000030517578
333.489501953125,235.5821990966797,44.206298828125,56.97949981689453
333.9670104980469,234.08380126953125,43.92259979248047,58.142799377441406
336.4548034667969,234.77859497070312,44.524898529052734,58.19580078125
337.2085876464844,236.29330444335938,43.90079879760742,56.01300048828125
340.65960693359375,236.30999755859375,43.65079879760742,57.002498626708984
342.3236999511719,239.57470703125,45.04169845581055,55.62649917602539
345.1607971191406,239.7841033935547,45.657100677490234,56.7848014831543
348.5780944824219,238.11019897460938,43.00270080566406,57.86759948730469
350.1925964355469,236.89349365234375,42.4281005859375,57.30509948730469
351.0917053222656,235.89439392089844,45.69900131225586,58.63249969482422
351.1983947753906,240.30320739746094,42.798500061035156,55.816001892089844
351.4460144042969,242.8074951171875,44.69770050048828,56.43090057373047
352.3052978515625,245.38589477539062,44.689701080322266,57.352500915527344
356.6553039550781,243.92959594726562,45.399600982666016,58.34510040283203
357.41290283203125,242.83299255371094,47.51029968261719,53.76860046386719
357.5038146972656,243.41900634765625,46.48109817504883,56.72269821166992
359.1419982910156,240.96580505371094,48.4567985534668,51.78900146484375
363.5451965332031,238.20489501953125,43.7765998840332,56.075599670410156
365.8507995605469,236.8188018798828,40.50550079345703,59.13059997558594
365.32080078125,232.12060546875,38.98350143432617,60.462799072265625
362.9648132324219,230.0832061767578,42.83219909667969,60.204498291015625
363.1158142089844,230.51150512695312,42.21049880981445,60.04140090942383
362.4757080078125,231.12240600585938,42.027198791503906,60.65480041503906
359.7878112792969,235.09629821777344,43.27349853515625,57.161800384521484
359.25518798828125,238.78379821777344,43.98619842529297,56.362701416015625
360.0539855957031,237.11959838867188,42.60350036621094,56.39540100097656
359.8185119628906,236.69219970703125,44.016700744628906,58.4380989074707
362.3301086425781,235.34030151367188,39.05820083618164,55.72169876098633
360.53839111328125,237.14610290527344,41.5619010925293,53.308799743652344
356.28509521484375,239.22430419921875,45.918701171875,51.27899932861328
353.6246032714844,237.32139587402344,49.557498931884766,61.13090133666992
350.4534912109375,238.1645050048828,49.163700103759766,61.32720184326172
351.62811279296875,237.68899536132812,44.07360076904297,62.97600173950195
350.7532958984375,238.2100067138672,47.98749923706055,61.80440139770508
349.47821044921875,238.61810302734375,44.52859878540039,60.71730041503906
349.5754089355469,239.97479248046875,44.11119842529297,61.12179946899414
342.0588073730469,241.61700439453125,52.926700592041016,56.23030090332031
345.9971923828125,241.56500244140625,50.34149932861328,46.91460037231445
345.6283874511719,242.8343963623047,48.46770095825195,45.19889831542969
344.37811279296875,241.5876007080078,47.92729949951172,50.926998138427734
343.3587951660156,241.29840087890625,44.58869934082031,54.436500549316406
341.1675109863281,239.71249389648438,43.5702018737793,59.02259826660156
338.2417907714844,241.2606964111328,42.88840103149414,56.72560119628906
334.9397888183594,244.6383056640625,43.804500579833984,57.440799713134766
331.4237060546875,244.54400634765625,48.10850143432617,57.51409912109375
332.42010498046875,246.55470275878906,48.22719955444336,54.362701416015625
330.0971984863281,249.4066925048828,47.27859878540039,56.56169891357422
330.0621032714844,251.9145965576172,45.27730178833008,58.08190155029297
325.8601989746094,260.62921142578125,54.30720138549805,49.3302001953125
327.9949951171875,262.3313903808594,54.78799819946289,47.610599517822266
327.0535888671875,264.7616882324219,49.644100189208984,54.7755012512207
328.9585876464844,267.3266906738281,48.14799880981445,52.52349853515625
329.2289123535156,266.5534973144531,45.639400482177734,56.94779968261719
329.9172058105469,266.0354919433594,45.1697998046875,59.16210174560547
329.4242858886719,266.298095703125,43.93709945678711,59.485198974609375
331.3522033691406,264.36041259765625,43.702701568603516,58.069698333740234
326.8052062988281,264.0126953125,46.4452018737793,56.54690170288086
324.3546142578125,266.5426025390625,44.742000579833984,53.773399353027344
321.1051940917969,267.6034851074219,50.87799835205078,54.43960189819336
320.66619873046875,269.5788879394531,46.50080108642578,52.967098236083984
319.7243957519531,270.3977966308594,49.9723014831543,55.84389877319336
320.34979248046875,269.9296875,47.116798400878906,57.835601806640625
318.8619079589844,271.5657958984375,48.3922004699707,56.35860061645508
315.7099914550781,275.6164855957031,52.72309875488281,49.077598571777344
314.3529052734375,277.30450439453125,55.12770080566406,45.4900016784668
316.6509094238281,280.2821960449219,48.64229965209961,56.325801849365234
314.4657897949219,282.05230712890625,51.6890983581543,56.90449905395508
313.7712097167969,283.5398864746094,51.293399810791016,55.62779998779297
311.6070861816406,284.3818054199219,51.94609832763672,58.426300048828125
306.67181396484375,287.1214904785156,58.85499954223633,55.96799850463867
307.2168884277344,286.34979248046875,54.02429962158203,57.59700012207031
308.5987854003906,292.6388854980469,53.40230178833008,53.117698669433594
311.8927001953125,290.2308044433594,48.906898498535156,58.67340087890625
308.3638000488281,291.5869140625,49.04629898071289,58.34370040893555
309.1448974609375,290.0523986816406,49.224700927734375,58.494998931884766
309.3421936035156,289.9361877441406,48.023399353027344,59.7140998840332
305.4270935058594,294.0492858886719,49.79249954223633,47.960201263427734
302.6589050292969,291.712890625,52.05569839477539,55.34299850463867
305.2207946777344,299.8623962402344,47.18629837036133,58.72330093383789
303.99609375,303.3099060058594,47.56529998779297,59.061500549316406
302.4670104980469,309.1459045410156,47.558799743652344,60.455101013183594
300.3815002441406,311.9718933105469,46.28609848022461,60.623600006103516
301.24200439453125,311.8738098144531,46.712799072265625,63.79560089111328
300.8706970214844,314.2119140625,47.971099853515625,61.780601501464844
296.9610900878906,317.85321044921875,49.44960021972656,56.563499450683594
294.40850830078125,320.1496887207031,51.586299896240234,52.06290054321289
298.1781921386719,316.7972106933594,53.269100189208984,54.56010055541992
310.3909912109375,310.78680419921875,50.96630096435547,56.79520034790039
313.1789855957031,305.16290283203125,52.48649978637695,56.6077995300293
313.6111145019531,304.4619140625,52.29050064086914,56.180999755859375
316.4883117675781,305.4014892578125,52.545501708984375,52.7327995300293
319.3078918457031,313.5372009277344,58.22700119018555,47.798301696777344
324.8057861328125,316.21148681640625,51.348201751708984,54.2765007019043
322.5851135253906,315.7587890625,48.31700134277344,56.14939880371094
325.0249938964844,316.58758544921875,47.60179901123047,55.73550033569336
324.46490478515625,314.18670654296875,46.666099548339844,58.41320037841797
327.2178039550781,316.3653869628906,49.32709884643555,57.85169982910156
330.58380126953125,318.3335876464844,48.10049819946289,58.494300842285156
327.0552062988281,316.7054138183594,48.092098236083984,57.580101013183594
322.8633117675781,315.8226013183594,51.60329818725586,54.7776985168457
327.6510009765625,318.62359619140625,53.34700012207031,55.18349838256836
336.968994140625,320.9324951171875,52.67539978027344,58.028499603271484
341.7839050292969,326.872802734375,53.51969909667969,55.51530075073242
346.9128112792969,327.3876037597656,48.70970153808594,53.5724983215332
348.5631103515625,324.2720031738281,54.91460037231445,55.94160079956055
352.3226013183594,324.0804138183594,51.15959930419922,57.09270095825195
348.0741882324219,323.4130859375,54.82659912109375,55.12179946899414
349.7784118652344,323.3385925292969,57.3390007019043,55.85279846191406
349.7181091308594,321.0202941894531,60.42959976196289,57.374000549316406
351.035400390625,319.78021240234375,61.87080001831055,55.90439987182617
356.5176086425781,318.4407958984375,54.23649978637695,54.9010009765625
359.35980224609375,316.82080078125,54.4718017578125,53.89799880981445
365.3724060058594,318.3955993652344,51.554500579833984,55.85390090942383
364.1166076660156,313.4325866699219,51.57270050048828,60.3031005859375
363.0863037109375,305.4012145996094,47.788700103759766,66.79900360107422
357.1286926269531,312.6875,51.447898864746094,66.54070281982422
349.5513916015625,330.3843078613281,54.479000091552734,57.43190002441406
346.00030517578125,324.6642150878906,53.67720031738281,59.79140090942383
351.7974853515625,321.4609069824219,49.2775993347168,70.98400115966797
339.3622131347656,331.4696044921875,53.72909927368164,61.89899826049805
311.5798034667969,331.940185546875,63.25389862060547,58.82500076293945
284.727294921875,311.9538879394531,68.42160034179688,65.94850158691406
270.2356872558594,309.5661926269531,60.058799743652344,58.708900451660156
248.9989013671875,302.93438720703125,64.57830047607422,59.244300842285156
233.23609924316406,280.4150085449219,62.673301696777344,69.63809967041016
229.8760986328125,258.07489013671875,51.995399475097656,69.16100311279297
226.0128936767578,261.5260925292969,56.38059997558594,66.70939636230469
226.95269775390625,263.5141906738281,58.95209884643555,58.08620071411133
228.69920349121094,265.4960021972656,59.9202995300293,60.287899017333984
230.78509521484375,266.29888916015625,58.02069854736328,59.04819869995117
231.38340759277344,265.8369140625,59.12419891357422,65.52559661865234
230.5305938720703,271.2944030761719,63.733299255371094,60.2577018737793
232.91909790039062,268.9861145019531,61.55289840698242,61.051998138427734
235.5832977294922,270.0177917480469,57.681800842285156,60.258399963378906
236.27499389648438,269.2272033691406,60.264801025390625,59.8656005859375
234.0408935546875,269.330810546875,60.679500579833984,59.251399993896484
237.88270568847656,269.2345886230469,58.116798400878906,62.21780014038086
237.8209991455078,270.5165100097656,58.35409927368164,59.96699905395508
236.52549743652344,270.0763854980469,61.3911018371582,59.1693000793457
240.9167938232422,269.5751953125,57.98429870605469,62.370399475097656
241.0821990966797,268.2486877441406,57.101600646972656,61.002498626708984
241.78070068359375,268.8700866699219,56.062198638916016,61.05419921875
235.0561981201172,270.6653137207031,62.012001037597656,56.3671989440918
237.3336944580078,268.4906005859375,60.703800201416016,57.910301208496094
232.62489318847656,265.6282958984375,61.911800384521484,61.277801513671875
235.60960388183594,267.1370849609375,59.77640151977539,60.019500732421875
230.4174041748047,268.5736083984375,66.89929962158203,61.30500030517578
225.48890686035156,270.8243103027344,64.99839782714844,56.98160171508789
229.36810302734375,268.0317077636719,58.61750030517578,57.45830154418945
228.8896942138672,267.5198974609375,59.68050003051758,59.03559875488281
229.78729248046875,266.29730224609375,58.67190170288086,59.01100158691406
227.62899780273438,268.8658142089844,64.19170379638672,58.38850021362305
228.10009765625,269.0469055175781,62.462501525878906,57.999900817871094
231.92759704589844,268.4643859863281,60.93119812011719,59.442298889160156
230.23890686035156,268.552490234375,63.53850173950195,60.75450134277344
232.33070373535156,269.9473876953125,64.19239807128906,60.27280044555664
231.02810668945312,269.54290771484375,68.16400146484375,58.25410079956055
233.24839782714844,270.0870056152344,71.32830047607422,64.45320129394531
236.88560485839844,267.7698059082031,66.36009979248047,62.227500915527344
239.45159912109375,270.89898681640625,66.27690124511719,62.35689926147461
243.4553985595703,269.1896057128906,62.157798767089844,61.65879821777344
243.09849548339844,265.3346862792969,63.73429870605469,63.51839828491211
247.343994140625,266.1365966796875,57.584999084472656,62.82830047607422
250.82159423828125,266.00909423828125,54.58509826660156,62.04710006713867
251.64990234375,266.7665100097656,59.41939926147461,61.2318000793457
250.32029724121094,266.6601867675781,61.28179931640625,60.547698974609375
248.69580078125,266.8092041015625,63.6890983581543,60.727699279785156
249.72959899902344,265.5574951171875,64.95760345458984,62.784698486328125
253.58419799804688,264.1590881347656,60.918800354003906,63.22560119628906
255.552001953125,266.5459899902344,60.61800003051758,59.97959899902344
252.6273956298828,267.02020263671875,64.8490982055664,60.08689880371094
252.2570037841797,266.40521240234375,65.26339721679688,60.573699951171875
255.3607940673828,264.7113037109375,62.737300872802734,63.29859924316406
249.09140014648438,264.4740905761719,70.22570037841797,63.0364990234375
250.8762969970703,266.38128662109375,67.71389770507812,61.26150131225586
252.94180297851562,266.5430908203125,66.51689910888672,57.63890075683594
259.2034912109375,263.9383850097656,58.05889892578125,60.54010009765625
259.5450134277344,262.8523864746094,56.98139953613281,60.28770065307617
257.4713134765625,262.8728942871094,63.01900100708008,61.60300064086914
258.5389099121094,261.7672119140625,60.4025993347168,61.92150115966797
261.06561279296875,265.5036926269531,62.3140983581543,61.101600646972656
267.73809814453125,262.59210205078125,53.54199981689453,62.07749938964844
267.89788818359375,265.9283142089844,53.99530029296875,62.3213996887207
268.7535095214844,266.477294921875,54.07749938964844,61.846099853515625
270.73028564453125,269.57391357421875,51.46200180053711,61.218299865722656
266.6877136230469,269.5199890136719,54.98809814453125,65.09950256347656
266.1742858886719,269.9739074707031,53.050498962402344,69.78189849853516
266.45050048828125,269.82989501953125,55.68299865722656,66.05110168457031
258.1012878417969,272.44219970703125,63.48320007324219,72.63500213623047
257.7748107910156,273.051513671875,63.38240051269531,64.29620361328125
259.4013977050781,271.0907897949219,59.919898986816406,59.77090072631836
260.6896057128906,272.9722900390625,61.82460021972656,61.37670135498047
264.6897888183594,269.52880859375,53.718299865722656,62.652198791503906
262.5237121582031,271.54681396484375,55.842498779296875,61.359100341796875
264.15570068359375,269.7012939453125,57.27980041503906,65.24349975585938
257.93438720703125,266.5967102050781,63.29750061035156,60.77619934082031
259.598388671875,265.1062927246094,65.9574966430664,61.22380065917969
255.17160034179688,266.3692932128906,68.64630126953125,63.47370147705078
255.8372039794922,266.36370849609375,68.9740982055664,58.72600173950195
248.84869384765625,267.73760986328125,77.16239929199219,59.11539840698242
250.2830047607422,265.4367980957031,75.2218017578125,60.43579864501953
254.0428924560547,264.9193115234375,72.19439697265625,70.57510375976562
255.1842041015625,263.5018005371094,69.21829986572266,63.84360122680664
262.480712890625,266.0304870605469,60.4995002746582,59.367401123046875
267.40899658203125,265.6531066894531,54.6510009765625,55.52009963989258
263.5990905761719,266.56201171875,61.050201416015625,59.45560073852539
263.7333984375,263.84930419921875,56.91320037841797,64.20690155029297
266.6330871582031,262.5690002441406,54.062599182128906,60.73440170288086
269.40631103515625,260.7726135253906,52.86259841918945,61.57170104980469
269.34149169921875,261.4173889160156,53.60609817504883,62.64849853515625
269.6462097167969,260.6509094238281,51.0369987487793,58.99489974975586
272.0574035644531,259.2691955566406,50.48699951171875,61.218101501464844
271.05059814453125,258.0924987792969,52.41889953613281,61.09199905395508
264.10589599609375,257.83331298828125,57.062400817871094,64.08619689941406
266.49200439453125,256.06500244140625,60.87730026245117,61.24420166015625
268.6167907714844,258.5978088378906,61.557098388671875,62.56919860839844
271.68231201171875,252.42880249023438,58.03670120239258,68.73470306396484
271.57879638671875,253.97959899902344,58.765201568603516,62.42879867553711
274.3059997558594,249.52650451660156,58.087799072265625,65.46219635009766
274.9118957519531,247.82479858398438,57.472900390625,63.6348991394043
271.7148132324219,246.94459533691406,59.299598693847656,64.02169799804688
273.2085876464844,245.68389892578125,59.561798095703125,62.56159973144531
273.2450866699219,243.24249267578125,57.84669876098633,64.51740264892578
272.5389099121094,241.62210083007812,57.48619842529297,63.83660125732422
269.9961853027344,242.2335968017578,59.61940002441406,61.81079864501953
268.81988525390625,241.0238037109375,61.84619903564453,65.32379913330078
