1
269.3280944824219,263.581298828125,44.75830078125,60.41849899291992
263.0375061035156,260.4849853515625,53.3911018371582,66.76709747314453
268.62310791015625,265.0841064453125,47.56340026855469,61.99330139160156
267.8374938964844,265.14788818359375,46.95869827270508,61.6531982421875
267.4407958984375,266.210205078125,47.444801330566406,61.39680099487305
266.3973083496094,265.53271484375,48.34640121459961,61.05759811401367
263.3839111328125,262.3951110839844,49.60749816894531,65.60050201416016
262.7956848144531,265.3468933105469,48.12009811401367,62.24869918823242
262.841796875,264.8511047363281,47.230098724365234,61.96110153198242
262.1170959472656,262.9490966796875,48.28120040893555,65.10289764404297
261.418701171875,263.8004150390625,48.01390075683594,63.663299560546875
257.1382141113281,262.4429016113281,48.2234001159668,65.4219970703125
255.64059448242188,266.93231201171875,49.044498443603516,63.2130012512207
257.4930114746094,265.6189880371094,46.63330078125,63.35580062866211
255.37249755859375,263.86639404296875,47.65190124511719,68.70230102539062
255.1302032470703,266.1886901855469,47.35689926147461,66.53299713134766
251.06280517578125,267.0765075683594,49.835601806640625,64.92389678955078
248.6728973388672,269.347900390625,53.21649932861328,57.1077995300293
245.5720977783203,266.8927917480469,50.13740158081055,61.35390090942383
244.5677947998047,268.0380859375,47.997501373291016,63.563201904296875
245.58839416503906,266.4090881347656,46.48529815673828,62.5099983215332
242.5413055419922,266.4158020019531,47.58580017089844,61.721099853515625
239.67030334472656,265.1077880859375,49.240699768066406,62.319000244140625
241.779296875,265.0187072753906,47.20280075073242,63.00429916381836
238.951904296875,263.7850036621094,48.78419876098633,62.8921012878418
239.82879638671875,266.6129150390625,47.59709930419922,60.93149948120117
239.36529541015625,263.9826965332031,48.40810012817383,62.88359832763672
243.54640197753906,266.33538818359375,45.63639831542969,63.116600036621094
242.5312957763672,268.9966125488281,52.23149871826172,60.42449951171875
245.31719970703125,266.2492980957031,48.34489822387695,60.24789810180664
243.89979553222656,264.0846862792969,49.06549835205078,63.49980163574219
246.26480102539062,265.44110107421875,50.028499603271484,63.1442985534668
248.85549926757812,268.1510925292969,47.07229995727539,60.852298736572266
248.98190307617188,266.3351135253906,46.77619934082031,64.86329650878906
249.53619384765625,267.13958740234375,47.34260177612305,65.33699798583984
247.7747039794922,266.8656005859375,49.019798278808594,65.7134017944336
248.5308074951172,267.8660888671875,45.65119934082031,62.5260009765625
247.50379943847656,269.4342041015625,46.38399887084961,63.09469985961914
245.3751983642578,268.6068115234375,49.79079818725586,62.60430145263672
246.0825958251953,267.5956115722656,47.94350051879883,62.049400329589844
242.9351043701172,267.3392028808594,49.87699890136719,60.92020034790039
245.83079528808594,268.064697265625,46.61520004272461,62.207298278808594
242.86410522460938,267.5917053222656,48.31489944458008,62.367801666259766
241.80880737304688,266.9200134277344,48.84560012817383,63.826499938964844
239.5843963623047,264.9473876953125,49.4031982421875,64.0895004272461
239.77569580078125,264.8658142089844,45.94179916381836,60.63719940185547
239.6136016845703,263.6882019042969,47.37900161743164,61.27199935913086
239.4158935546875,259.5310974121094,45.76100158691406,60.59619903564453
235.84979248046875,264.1344909667969,46.32040023803711,60.989498138427734
238.7052001953125,258.6615905761719,43.730098724365234,68.14340209960938
243.17759704589844,268.6695861816406,50.68619918823242,77.83889770507812
261.6094055175781,288.318115234375,51.070701599121094,73.8916015625
278.014404296875,303.8086853027344,51.33250045776367,64.92749786376953
297.6481018066406,307.7203063964844,49.580501556396484,70.37979888916016
293.52630615234375,309.7054138183594,60.66550064086914,67.41519927978516
335.9414978027344,329.7347106933594,62.58700180053711,63.486000061035156
354.8323059082031,323.70849609375,47.777198791503906,65.59130096435547
356.3883972167969,318.9710998535156,44.04330062866211,68.3041000366211
359.12939453125,325.022705078125,45.27909851074219,62.002601623535156
360.81658935546875,318.760986328125,48.077701568603516,61.4838981628418
364.1972961425781,309.9674072265625,48.4474983215332,60.96770095825195
369.606201171875,309.4518127441406,46.40039825439453,64.07209777832031
371.62701416015625,311.547607421875,46.273101806640625,62.062400817871094
365.8369140625,312.8973083496094,46.48540115356445,56.339698791503906
363.9794006347656,314.4320068359375,46.18009948730469,58.30699920654297
363.97650146484375,316.460693359375,46.92490005493164,59.65700149536133
361.1720886230469,318.0487976074219,47.56079864501953,59.493099212646484
358.92279052734375,321.2452087402344,47.3109016418457,57.54880142211914
356.768798828125,321.4126892089844,47.72919845581055,58.615699768066406
354.48199462890625,323.7793884277344,50.84130096435547,56.47560119628906
354.26910400390625,322.40679931640625,50.56230163574219,57.87179946899414
351.38629150390625,324.8841857910156,46.29949951171875,55.74919891357422
348.34820556640625,323.67401123046875,47.227500915527344,57.76020050048828
342.38238525390625,317.61041259765625,46.8473014831543,60.13249969482422
331.3348083496094,312.8168029785156,49.62889862060547,60.0791015625
328.285888671875,313.5992126464844,47.97060012817383,56.95140075683594
332.1836853027344,314.464599609375,45.48030090332031,59.21900177001953
333.62091064453125,317.1181945800781,45.99800109863281,58.356998443603516
331.7939147949219,314.30419921875,46.202701568603516,59.638999938964844
328.2322082519531,313.6502990722656,47.608699798583984,58.20920181274414
326.0098876953125,315.7984924316406,49.66419982910156,56.24800109863281
326.72711181640625,315.7875061035156,48.09870147705078,54.875999450683594
327.6979064941406,313.1033935546875,48.16379928588867,57.92020034790039
329.20819091796875,309.872802734375,47.18280029296875,52.01300048828125
319.5177917480469,302.35650634765625,51.86410140991211,56.555301666259766
319.0653076171875,302.84991455078125,47.45180130004883,55.409000396728516
317.4530944824219,304.5592956542969,48.658599853515625,56.882198333740234
315.17919921875,305.93701171875,48.4286994934082,61.32709884643555
299.3457946777344,312.4840087890625,57.68259811401367,58.21070098876953
294.2809143066406,317.00469970703125,55.925201416015625,53.97679901123047
300.1719055175781,316.4512023925781,50.67660140991211,54.99190139770508
302.73040771484375,316.21881103515625,50.48400115966797,59.02880096435547
303.12921142578125,314.79449462890625,46.78300094604492,59.485599517822266
301.50390625,314.722412109375,48.011199951171875,56.06169891357422
306.5696105957031,306.9601135253906,46.03139877319336,60.84260177612305
305.5784912109375,303.9495849609375,47.958900451660156,56.49729919433594
307.5132141113281,300.01239013671875,49.515899658203125,56.191001892089844
311.5826110839844,290.43341064453125,40.68170166015625,62.251399993896484
309.1047058105469,290.5044860839844,52.208099365234375,54.20069885253906
310.11279296875,290.4172058105469,54.346500396728516,53.56129837036133
315.5537109375,288.0246887207031,44.57210159301758,58.831298828125
315.61248779296875,288.9823913574219,45.18080139160156,58.083099365234375
317.20050048828125,288.8861999511719,46.03839874267578,59.910099029541016
313.8371887207031,288.9464111328125,48.2224006652832,58.230201721191406
313.544189453125,284.39630126953125,51.9031982421875,60.42150115966797
309.9601135253906,284.0867919921875,61.97420120239258,58.754600524902344
311.47119140625,283.393798828125,57.87110137939453,57.04119873046875
312.3118896484375,281.6211853027344,61.655399322509766,53.589900970458984
309.78961181640625,282.1122131347656,68.04460144042969,51.30550003051758
309.1614074707031,279.68218994140625,67.39330291748047,53.98350143432617
310.23870849609375,275.7872009277344,69.06950378417969,52.51060104370117
307.206787109375,275.36968994140625,72.7406005859375,48.452301025390625
313.28240966796875,271.50531005859375,65.5625991821289,52.15810012817383
319.53570556640625,269.8782043457031,58.46390151977539,53.70819854736328
321.37908935546875,270.3279113769531,53.652801513671875,55.48640060424805
320.856201171875,266.9294128417969,58.15299987792969,53.90719985961914
322.1890869140625,266.78070068359375,59.8827018737793,53.07320022583008
326.2145080566406,265.9126892089844,47.201900482177734,54.79520034790039
329.1653137207031,262.6319885253906,47.48809814453125,59.08359909057617
330.9715881347656,263.3992004394531,45.77040100097656,59.34469985961914
331.6051940917969,265.787109375,43.6797981262207,59.17559814453125
332.5203857421875,265.5880126953125,42.963199615478516,60.12160110473633
332.3471984863281,266.63299560546875,43.160301208496094,56.05759811401367
332.03369140625,266.2113037109375,45.79669952392578,54.61259841918945
332.1376037597656,263.527587890625,44.03329849243164,55.89580154418945
332.0209045410156,262.0158996582031,51.149200439453125,50.202999114990234
328.5367126464844,261.03338623046875,52.20009994506836,51.73139953613281
332.87579345703125,254.79319763183594,44.609500885009766,53.14339828491211
330.6601867675781,249.25079345703125,55.87120056152344,51.930301666259766
332.8221130371094,245.72560119628906,52.90010070800781,55.90810012817383
332.4159851074219,244.49220275878906,51.664100646972656,57.28730010986328
333.6200866699219,242.7075958251953,53.47309875488281,58.98270034790039
337.14111328125,241.28379821777344,63.28519821166992,55.28260040283203
339.37091064453125,238.62069702148438,65.4375,58.98529815673828
341.4151916503906,240.3970947265625,66.60769653320312,55.42890167236328
344.2594909667969,239.2270965576172,66.57929992675781,60.92060089111328
345.525390625,241.4694061279297,59.256099700927734,59.135501861572266
345.0614929199219,238.66439819335938,65.10980224609375,55.775901794433594
348.05169677734375,240.84649658203125,54.437599182128906,51.63410186767578
349.46051025390625,240.156494140625,48.161800384521484,62.22249984741211
353.2882080078125,239.46119689941406,43.7859992980957,59.01110076904297
353.6863098144531,238.4080047607422,46.1078987121582,59.949100494384766
351.2012939453125,238.12879943847656,49.59239959716797,62.19260025024414
354.6261901855469,237.74440002441406,48.79359817504883,63.42399978637695
354.6745910644531,236.13510131835938,52.183101654052734,62.13819885253906
356.32879638671875,237.8708953857422,53.80039978027344,55.22669982910156
364.2912902832031,232.5991973876953,59.36669921875,60.21049880981445
360.8290100097656,230.37680053710938,68.94960021972656,64.83100128173828
356.068115234375,234.07470703125,74.75559997558594,62.6156005859375
356.4122009277344,232.10240173339844,73.1436996459961,66.9885025024414
353.889892578125,235.11709594726562,79.72720336914062,64.34629821777344
346.03900146484375,232.6221923828125,88.79350280761719,58.695098876953125
347.8717041015625,231.347900390625,85.20089721679688,65.89849853515625
359.45098876953125,231.40530395507812,74.41629791259766,53.287498474121094
362.5928955078125,228.4604034423828,70.44390106201172,62.048099517822266
363.595703125,231.7292938232422,54.022499084472656,58.448699951171875
366.84149169921875,235.7270050048828,42.395599365234375,60.11349868774414
368.3660888671875,236.56759643554688,38.11040115356445,58.92150115966797
366.9743957519531,237.55250549316406,39.97330093383789,62.725399017333984
364.1423034667969,242.21119689941406,40.06529998779297,59.1593017578125
363.3703918457031,241.47560119628906,41.50410079956055,58.972801208496094
361.5903015136719,244.960693359375,40.59809875488281,56.79899978637695
357.1476135253906,244.489501953125,38.85369873046875,58.61830139160156
356.02679443359375,242.6475067138672,40.29840087890625,57.41019821166992
354.3568115234375,239.63180541992188,41.03179931640625,57.43659973144531
360.3999938964844,234.1822052001953,34.7598991394043,61.616798400878906
351.79449462890625,233.9980010986328,41.639801025390625,61.319000244140625
349.65728759765625,236.8289031982422,44.433101654052734,59.87289810180664
350.3411865234375,238.03579711914062,40.768001556396484,61.53070068359375
345.1321105957031,238.46240234375,42.84640121459961,57.49909973144531
343.2119140625,236.81939697265625,42.50870132446289,57.94660186767578
340.53131103515625,235.72610473632812,41.94419860839844,57.8671989440918
337.9845886230469,235.07240295410156,42.98789978027344,58.74909973144531
339.1676940917969,232.397705078125,39.5531005859375,61.360198974609375
336.60150146484375,234.93899536132812,42.88479995727539,57.7406005859375
336.7510986328125,234.51910400390625,41.565101623535156,58.984901428222656
334.6654968261719,236.14500427246094,46.47169876098633,56.72010040283203
336.0815124511719,235.77049255371094,43.107601165771484,54.622501373291016
335.001708984375,233.23829650878906,43.18939971923828,55.71620178222656
336.51849365234375,231.19219970703125,44.85329818725586,56.87820053100586
337.8334045410156,228.37869262695312,42.4281005859375,53.08430099487305
339.2453918457031,225.860107421875,41.36280059814453,53.45140075683594
341.60198974609375,223.61099243164062,38.592098236083984,56.243900299072266
342.5618896484375,220.1439971923828,37.577999114990234,60.846099853515625
343.85540771484375,220.14610290527344,36.936798095703125,57.77880096435547
344.7287902832031,221.03570556640625,36.875999450683594,59.040401458740234
346.72601318359375,218.5823974609375,34.682498931884766,61.53499984741211
349.3059997558594,217.4803924560547,26.861000061035156,62.96260070800781
349.30999755859375,217.76280212402344,28.450000762939453,58.926998138427734
348.91339111328125,218.27670288085938,27.673799514770508,60.99679946899414
347.8287048339844,216.95660400390625,31.932899475097656,57.98929977416992
349.25518798828125,211.42379760742188,27.3843994140625,62.99480056762695
350.1398010253906,208.8115997314453,20.62030029296875,62.71369934082031
350.8243103027344,208.83380126953125,31.04520034790039,60.23059844970703
350.3223876953125,208.6112060546875,33.20199966430664,61.37369918823242
350.0802001953125,206.08819580078125,33.265899658203125,61.87080001831055
347.6199951171875,207.0225067138672,37.11520004272461,62.913700103759766
350.1366882324219,206.10780334472656,32.36000061035156,61.80970001220703
352.13720703125,204.8227996826172,29.991899490356445,60.622398376464844
351.23480224609375,204.55760192871094,32.7775993347168,60.63560104370117
352.326904296875,206.406005859375,31.538700103759766,52.406898498535156
352.53961181640625,206.052001953125,30.139699935913086,53.44620132446289
354.9964904785156,204.00439453125,31.08099937438965,62.1775016784668
357.4482116699219,202.11639404296875,26.846599578857422,59.75120162963867
358.143310546875,202.28970336914062,27.34440040588379,59.757999420166016
362.5044860839844,205.37660217285156,19.980100631713867,62.91469955444336
366.0369873046875,204.61790466308594,25.87579917907715,55.227699279785156
367.2143859863281,207.36439514160156,30.822599411010742,51.55649948120117
364.0773010253906,212.11770629882812,34.16640090942383,52.145999908447266
360.8848876953125,221.57989501953125,33.444698333740234,53.80860137939453
358.4739990234375,222.7344970703125,33.417701721191406,64.6613998413086
355.3658142089844,223.34739685058594,34.37969970703125,66.92250061035156
352.74688720703125,225.27169799804688,30.191699981689453,68.19450378417969
348.3935852050781,224.9080047607422,34.0629997253418,66.95189666748047
349.56878662109375,226.94630432128906,32.94380187988281,62.7052001953125
349.41448974609375,228.279296875,32.713199615478516,61.34980010986328
349.0177917480469,227.635498046875,34.9900016784668,61.51100158691406
347.67059326171875,230.0718994140625,38.63209915161133,59.957401275634766
343.9364013671875,232.5218963623047,48.16680145263672,58.76810073852539
337.4031982421875,231.7261962890625,53.229400634765625,53.757198333740234
339.37921142578125,231.22850036621094,52.833099365234375,60.93629837036133
344.4862060546875,233.92550659179688,48.392601013183594,57.253700256347656
348.4869079589844,231.80870056152344,41.94160079956055,59.83319854736328
352.9772033691406,230.49169921875,36.70600128173828,59.83369827270508
352.7466125488281,229.42889404296875,38.16630172729492,60.5447998046875
353.0758056640625,227.8321990966797,39.19779968261719,62.73870086669922
350.03790283203125,227.19329833984375,44.98160171508789,66.04570007324219
348.6903991699219,225.4925994873047,47.36199951171875,72.86830139160156
343.3828125,225.5738067626953,53.91460037231445,70.06900024414062
338.5078125,225.7082977294922,59.804500579833984,67.36740112304688
344.75689697265625,225.33689880371094,53.48780059814453,66.47160339355469
346.63531494140625,227.3784942626953,56.233001708984375,67.58080291748047
344.3837890625,227.02749633789062,57.8390998840332,63.321998596191406
351.74310302734375,226.84519958496094,51.9031982421875,66.80509948730469
358.46051025390625,231.9499969482422,44.41529846191406,62.65439987182617
360.6824951171875,229.40170288085938,42.154300689697266,65.44619750976562
363.0481872558594,229.0153045654297,38.547698974609375,66.11519622802734
364.7995910644531,228.59210205078125,36.470401763916016,66.33679962158203
367.1903076171875,228.91920471191406,33.8286018371582,66.03880310058594
371.4649963378906,229.1417999267578,30.394399642944336,64.06300354003906
371.5845031738281,228.4738006591797,32.14630126953125,65.82099914550781
373.59619140625,230.9058074951172,33.53129959106445,58.00899887084961
376.1001892089844,229.6269073486328,29.797100067138672,64.12539672851562
377.4119873046875,229.92559814453125,34.43349838256836,61.75310134887695
374.5566101074219,231.07510375976562,45.97710037231445,66.59120178222656
370.0686950683594,231.12930297851562,52.98970031738281,60.85929870605469
364.04620361328125,231.45120239257812,52.370601654052734,52.712398529052734
379.1890869140625,227.76840209960938,44.8380012512207,56.92850112915039
382.93701171875,227.1862030029297,37.96179962158203,61.927799224853516
385.5609130859375,227.67820739746094,35.375701904296875,58.202701568603516
384.9606018066406,227.210205078125,36.875999450683594,57.81570053100586
387.0179138183594,227.9429931640625,34.75550079345703,54.78580093383789
386.3572082519531,227.8874053955078,35.05979919433594,54.87540054321289
384.252197265625,229.90780639648438,37.61130142211914,53.10820007324219
387.0425109863281,229.56959533691406,35.2046012878418,54.91790008544922
391.7019958496094,223.44949340820312,28.058300018310547,59.388099670410156
389.1922912597656,222.4980010986328,34.11830139160156,57.51679992675781
389.49029541015625,220.5092010498047,33.10179901123047,58.36970138549805
388.1072998046875,223.06700134277344,33.61899948120117,57.99639892578125
383.7414855957031,220.29600524902344,37.79159927368164,58.24340057373047
386.2576904296875,221.0841064453125,34.57849884033203,60.027400970458984
384.322509765625,225.70809936523438,36.168399810791016,59.979000091552734
382.88330078125,225.70750427246094,36.9015007019043,60.554500579833984
382.39349365234375,227.6427001953125,38.263099670410156,58.26300048828125
384.2549133300781,227.6916046142578,38.6171989440918,55.33259963989258
382.6177062988281,228.40390014648438,39.539398193359375,54.28810119628906
383.6518859863281,226.80929565429688,36.96630096435547,55.787899017333984
386.7320861816406,223.3032989501953,35.137901306152344,60.175498962402344
388.8836975097656,225.12249755859375,31.412500381469727,57.80590057373047
387.9573974609375,223.10409545898438,31.34869956970215,60.92380142211914
388.8335876464844,222.7104949951172,32.17290115356445,60.973899841308594
387.26971435546875,223.82020568847656,35.127601623535156,60.96799850463867
390.3651123046875,218.41470336914062,30.57900047302246,52.98429870605469
388.7510986328125,224.98550415039062,34.70759963989258,59.69969940185547
388.33538818359375,214.22610473632812,30.94580078125,59.604000091552734
389.1842956542969,212.7664031982422,33.53499984741211,59.27109909057617
389.948486328125,210.81790161132812,31.812999725341797,64.35179901123047
374.8656921386719,222.527099609375,31.39080047607422,60.69540023803711
369.5429992675781,222.6533966064453,31.067399978637695,62.18730163574219
365.91510009765625,225.12899780273438,33.380401611328125,62.786399841308594
365.20098876953125,225.02169799804688,32.72570037841797,59.386600494384766
365.9338073730469,222.7707977294922,31.924100875854492,66.93589782714844
366.51300048828125,222.6743927001953,32.27399826049805,64.80919647216797
364.3100891113281,224.40499877929688,32.802799224853516,60.81840133666992
365.7582092285156,222.54100036621094,29.639299392700195,65.66960144042969
367.8252868652344,221.44129943847656,23.261999130249023,69.45130157470703
362.3507080078125,221.26649475097656,26.834699630737305,71.8395004272461
362.10980224609375,218.28370666503906,28.929800033569336,71.07649993896484
362.3689880371094,221.2938995361328,31.091400146484375,64.35030364990234
367.3135986328125,219.01150512695312,21.948200225830078,63.92259979248047
