1
m403,226,232,233,0,54056
m387,226,209,219,0,45771
m345,220,214,203,0,43442
m332,219,194,184,0,35696
m312,203,176,194,0,34144
m301,191,158,191,0,30178
m266,168,146,202,0,29492
m247,154,129,190,0,24510
m224,139,142,200,0,28400
m219,132,120,200,0,24000
m218,124,109,205,0,22345
m210,122,98,202,0,19796
m208,121,87,193,0,16791
m208,123,76,182,0,13832
m203,116,72,185,0,13320
m202,113,71,180,0,12780
m194,105,73,182,0,13286
m191,101,76,182,0,13832
m184,89,81,193,0,15633
m184,83,83,191,0,15853
m181,85,93,173,0,16089
m183,84,96,173,0,16608
m186,91,97,168,0,16296
m184,102,103,158,0,16274
m189,112,98,149,0,14602
m191,153,89,111,0,9879
m188,147,89,120,0,10680
m190,112,87,159,0,13833
m192,109,85,172,0,14620
m192,123,85,160,0,13600
m191,139,86,144,0,12384
m195,124,78,163,0,12714
m184,138,89,161,0,14329
m199,143,74,162,0,11988
m209,192,71,120,0,8520
m203,201,80,105,0,8400
m200,179,81,130,0,10530
m185,197,95,118,0,11210
m206,168,74,155,0,11470
m216,186,61,142,0,8662
m213,190,66,134,0,8844
m215,191,66,141,0,9306
m214,189,67,139,0,9313
m212,186,69,135,0,9315
m215,181,63,130,0,8190
m216,174,61,124,0,7564
m215,165,64,136,0,8704
m214,160,58,146,0,8468
m211,150,49,147,0,7203
m206,139,41,138,0,5658
m201,126,41,153,0,6273
m196,124,47,144,0,6768
m190,123,54,140,0,7560
m186,123,57,138,0,7866
m185,116,60,145,0,8700
m180,144,64,117,0,7488
m173,149,67,110,0,7370
m158,153,79,105,0,8295
m164,154,72,105,0,7560
m150,156,81,104,0,8424
m147,159,81,102,0,8262
m143,161,81,102,0,8262
m136,164,85,99,0,8415
m146,163,70,100,0,7000
m133,149,79,114,0,9006
m139,160,71,103,0,7313
m133,165,75,97,0,7275
m132,166,75,97,0,7275
m132,166,73,97,0,7081
m121,173,83,91,0,7553
m123,177,82,85,0,6970
m124,183,82,78,0,6396
m125,187,82,70,0,5740
m121,189,85,63,0,5355
m120,190,87,58,0,5046
m120,185,87,62,0,5394
m118,164,89,85,0,7565
m120,168,86,80,0,6880
m113,154,89,97,0,8633
m119,146,81,110,0,8910
m99,175,101,83,0,8383
m87,153,107,106,0,11342
m85,153,105,101,0,10605
m75,142,112,113,0,12656
m78,111,106,152,0,16112
m81,145,101,117,0,11817
m84,140,93,119,0,11067
m83,143,90,119,0,10710
m79,144,95,118,0,11210
m80,145,91,109,0,9919
m84,146,90,108,0,9720
m74,145,77,105,0,8085
m75,142,77,88,0,6776
m60,145,102,113,0,11526
m52,142,95,138,0,13110
m41,143,109,135,0,14715
m40,146,136,143,0,19448
m32,153,134,129,0,17286
m23,157,189,122,0,23058
m16,149,140,129,0,18060
m15,149,141,133,0,18753
m14,129,152,161,0,24472
m13,127,140,144,0,20160
m17,132,142,157,0,22294
m19,135,161,166,0,26726
m23,140,150,163,0,24450
m28,151,163,152,0,24776
m32,149,145,151,0,21895
m43,144,111,159,0,17649
m41,142,112,180,0,20160
m35,139,121,191,0,23111
m28,136,127,189,0,24003
m20,134,145,190,0,27550
m61,141,109,181,0,19729
m83,145,87,180,0,15660
m87,143,88,181,0,15928
m90,141,87,184,0,16008
m90,138,91,179,0,16289
m96,136,95,171,0,16245
m99,131,90,176,0,15840
m102,130,91,170,0,15470
m104,142,92,159,0,14628
m105,147,94,157,0,14758
m105,153,96,149,0,14304
m104,156,94,146,0,13724
m102,159,96,142,0,13632
m101,162,99,139,0,13761
m99,161,104,140,0,14560
m98,161,107,137,0,14659
m98,162,108,139,0,15012
m96,162,111,138,0,15318
m95,162,111,138,0,15318
m94,162,114,139,0,15846
m94,163,114,137,0,15618
m94,164,115,141,0,16215
m93,164,118,141,0,16638
m93,164,120,142,0,17040
m94,166,124,140,0,17360
m94,165,126,141,0,17766
m96,167,124,141,0,17484
m97,165,124,142,0,17608
m101,164,124,143,0,17732
m101,167,129,140,0,18060
m105,168,125,139,0,17375
m102,167,130,138,0,17940
m104,165,129,138,0,17802
m106,166,130,138,0,17940
m109,165,127,143,0,18161
m115,163,124,142,0,17608
m119,163,122,145,0,17690
m119,166,121,150,0,18150
m121,168,120,150,0,18000
m122,168,119,153,0,18207
m120,171,120,149,0,17880
m120,176,121,146,0,17666
m120,178,119,145,0,17255
m121,180,117,143,0,16731
m120,180,118,145,0,17110
m119,178,121,147,0,17787
m120,179,117,147,0,17199
m122,174,113,153,0,17289
m123,173,113,155,0,17515
m123,175,112,155,0,17360
m123,174,113,156,0,17628
m122,176,115,155,0,17825
m121,175,115,157,0,18055
m120,176,116,156,0,18096
m120,176,116,156,0,18096
m119,177,117,155,0,18135
m117,177,119,154,0,18326
m116,174,118,158,0,18644
m118,173,116,160,0,18560
m116,173,119,159,0,18921
m116,173,118,160,0,18880
m117,173,117,160,0,18720
m116,173,118,161,0,18998
m114,173,120,160,0,19200
m114,173,119,161,0,19159
m113,174,120,160,0,19200
m113,173,120,161,0,19320
m113,171,119,163,0,19397
m113,170,120,163,0,19560
m111,170,121,163,0,19723
m112,170,120,164,0,19680
m109,171,122,163,0,19886
m109,170,121,164,0,19844
m108,171,122,162,0,19764
m107,171,122,163,0,19886
m108,170,122,164,0,20008
m106,171,125,163,0,20375
m106,171,125,163,0,20375
m106,170,125,162,0,20250
m105,170,126,162,0,20412
m106,168,125,163,0,20375
m105,168,126,163,0,20538
m104,168,125,162,0,20250
m102,166,127,163,0,20701
m102,165,128,163,0,20864
m102,164,128,163,0,20864
m100,163,130,165,0,21450
m102,162,128,163,0,20864
m102,161,129,162,0,20898
m102,161,130,163,0,21190
m101,160,130,163,0,21190
m101,159,130,163,0,21190
m99,158,132,163,0,21516
m101,157,129,163,0,21027
m100,156,130,163,0,21190
m100,154,130,164,0,21320
m100,153,131,165,0,21615
m101,153,132,165,0,21780
m101,153,133,165,0,21945
m101,152,134,164,0,21976
m102,151,133,164,0,21812
m102,152,134,163,0,21842
m101,152,135,163,0,22005
m102,152,134,163,0,21842
m101,152,135,163,0,22005
m101,150,136,165,0,22440
m102,150,136,163,0,22168
m100,149,138,162,0,22356
m97,147,142,162,0,23004
m98,146,141,165,0,23265
m96,148,144,163,0,23472
m97,151,147,159,0,23373
m97,155,151,155,0,23405
m98,161,161,147,0,23667
m98,165,164,137,0,22468
m100,172,166,132,0,21912
m96,177,171,147,0,25137
m96,176,168,157,0,26376
m94,178,172,155,0,26660
m94,181,166,156,0,25896
m92,182,169,165,0,27885
m88,186,172,151,0,25972
m91,189,169,145,0,24505
m87,180,172,152,0,26144
m92,163,163,164,0,26732
m95,158,149,163,0,24287
m94,154,136,166,0,22576
m91,154,132,160,0,21120
m91,154,123,160,0,19680
m93,161,119,158,0,18802
m97,165,87,196,0,17052
m93,167,94,207,0,19458
m90,169,89,204,0,18156
m86,169,93,204,0,18972
m87,169,92,203,0,18676
m86,170,91,203,0,18473
m87,168,93,205,0,19065
m86,168,91,204,0,18564
m87,168,90,204,0,18360
m86,168,90,203,0,18270
m86,167,90,203,0,18270
m87,166,89,204,0,18156
m87,165,89,203,0,18067
m86,164,90,204,0,18360
m85,164,91,204,0,18564
m85,162,90,204,0,18360
m84,162,91,203,0,18473
m84,161,88,204,0,17952
m85,157,87,207,0,18009
m84,155,88,208,0,18304
m84,155,87,208,0,18096
m84,157,89,206,0,18334
m83,158,90,205,0,18450
m84,157,89,205,0,18245
m84,154,90,207,0,18630
m85,148,89,212,0,18868
m84,150,90,209,0,18810
m84,145,90,212,0,19080
m83,145,91,210,0,19110
m84,143,90,212,0,19080
m86,141,90,212,0,19080
m86,138,92,214,0,19688
m87,135,93,215,0,19995
m89,133,94,216,0,20304
m91,134,96,213,0,20448
m91,135,99,209,0,20691
m92,136,102,207,0,21114
m95,141,105,201,0,21105
m99,139,105,204,0,21420
m102,138,109,204,0,22236
m109,138,108,204,0,22032
m110,131,107,209,0,22363
m114,138,106,200,0,21200
m118,129,103,210,0,21630
m121,130,104,207,0,21528
m126,130,101,208,0,21008
m132,123,98,215,0,21070
m135,123,97,212,0,20564
