1
581.914306640625,122.30280303955078,84.72720336914062,25.972299575805664
590.4459838867188,124.60970306396484,87.0967025756836,24.762399673461914
604.4495239257812,122.26110076904297,82.17130279541016,24.902799606323242
617.56982421875,124.79759979248047,79.4281005859375,22.411800384521484
643.438720703125,125.96199798583984,79.77149963378906,22.127700805664062
665.9677734375,126.8833999633789,77.73320007324219,21.38789939880371
673.1090698242188,127.08670043945312,78.01319885253906,20.48859977722168
666.8120727539062,128.30540466308594,86.30899810791016,21.1564998626709
673.3978271484375,127.57319641113281,94.01840209960938,20.93899917602539
677.3054809570312,126.4926986694336,92.05699920654297,23.001800537109375
679.0460205078125,127.39089965820312,91.90699768066406,21.929899215698242
686.1876831054688,125.35350036621094,90.19979858398438,24.16069984436035
690.9627075195312,127.62799835205078,88.40390014648438,23.259000778198242
695.0567016601562,126.5198974609375,84.49299621582031,22.745500564575195
704.74658203125,123.98729705810547,89.25279998779297,27.52090072631836
725.5529174804688,124.64530181884766,80.47270202636719,24.845800399780273
739.9099731445312,122.68329620361328,73.03489685058594,27.30579948425293
758.3698120117188,122.34339904785156,69.7738037109375,28.387800216674805
776.5242919921875,126.32350158691406,60.40549850463867,24.176000595092773
793.9566040039062,126.09269714355469,57.17660140991211,24.144500732421875
802.9528198242188,124.74800109863281,60.14039993286133,26.045700073242188
827.37548828125,123.0790023803711,65.2761001586914,27.56909942626953
817.9589233398438,121.33889770507812,71.78119659423828,29.039600372314453
828.8496704101562,122.00550079345703,82.0009994506836,28.85300064086914
845.3787841796875,121.44750213623047,83.83989715576172,28.835899353027344
849.084228515625,117.97119903564453,84.84950256347656,30.713699340820312
857.5347900390625,121.6510009765625,92.51069641113281,30.295900344848633
872.3184204101562,118.0291976928711,86.06050109863281,32.477298736572266
887.327880859375,119.6343002319336,83.56739807128906,31.704599380493164
905.44140625,117.7042007446289,87.19400024414062,35.05780029296875
910.7603759765625,115.58660125732422,79.0199966430664,46.58919906616211
924.57373046875,101.75409698486328,91.0425033569336,50.55979919433594
887.9884033203125,103.33809661865234,104.20269775390625,47.72169876098633
847.1317749023438,100.94830322265625,102.5364990234375,51.42490005493164
840.882080078125,102.47059631347656,108.55609893798828,49.397499084472656
815.3101196289062,102.03240203857422,105.16609954833984,50.52280044555664
809.890625,104.18789672851562,109.23259735107422,48.746498107910156
735.4028930664062,104.44770050048828,112.1082992553711,48.09429931640625
684.2135009765625,107.20259857177734,129.95799255371094,45.0458984375
629.1378173828125,106.26300048828125,145.24319458007812,45.32500076293945
590.0883178710938,106.48909759521484,141.5780029296875,49.273799896240234
556.9365844726562,112.25170135498047,143.90859985351562,41.86949920654297
513.2183837890625,110.32150268554688,141.6708984375,43.571800231933594
472.6337890625,108.81539916992188,134.17529296875,43.36040115356445
429.095703125,111.08470153808594,146.40040588378906,43.48749923706055
412.0805969238281,109.42659759521484,144.04989624023438,42.26150131225586
412.9139099121094,110.44860076904297,143.56790161132812,44.54570007324219
400.1357116699219,110.20259857177734,135.1342010498047,43.47549819946289
375.6234130859375,109.57779693603516,143.04119873046875,41.42169952392578
344.5851135253906,109.62519836425781,136.62030029296875,42.099300384521484
325.5942077636719,110.92230224609375,143.62969970703125,43.78419876098633
285.4461975097656,113.77339935302734,139.0417022705078,40.51210021972656
264.45660400390625,111.05809783935547,138.6614990234375,40.53010177612305
230.3883056640625,113.44129943847656,138.14190673828125,41.09880065917969
200.7877960205078,113.88420104980469,148.8336944580078,40.88639831542969
172.79359436035156,113.02660369873047,134.7386932373047,39.9452018737793
141.34970092773438,114.75299835205078,143.59820556640625,38.49420166015625
116.36430358886719,112.7426986694336,139.64810180664062,40.97639846801758
82.59590148925781,115.17939758300781,152.80079650878906,42.43659973144531
63.359500885009766,112.0291976928711,137.23699951171875,42.19260025024414
29.57710075378418,115.19490051269531,146.22970581054688,40.092498779296875
12.22130012512207,114.56729888916016,146.61749267578125,40.30580139160156
-1.8483999967575073,120.58509826660156,129.32110595703125,33.83060073852539
-12.966300010681152,117.41089630126953,126.87339782714844,35.85559844970703
-33.974300384521484,115.62570190429688,118.22100067138672,37.49720001220703
-39.841400146484375,116.60070037841797,113.45079803466797,38.17720031738281
-54.476200103759766,116.20379638671875,112.14759826660156,38.250301361083984
-57.18880081176758,117.12090301513672,102.76480102539062,38.694801330566406
-63.734798431396484,118.97679901123047,100.99169921875,35.80059814453125
-61.46289825439453,118.8947982788086,93.90160369873047,36.75239944458008
-59.35369873046875,117.51100158691406,83.63349914550781,37.99789810180664
-44.7681999206543,124.62149810791016,86.36710357666016,32.4640007019043
-42.6963996887207,120.03929901123047,84.56390380859375,37.18479919433594
-43.99689865112305,119.0208969116211,80.20490264892578,38.9640998840332
-48.849098205566406,121.77950286865234,87.39340209960938,36.00310134887695
-50.442501068115234,129.1992950439453,89.32499694824219,29.8169002532959
-40.98400115966797,134.70379638671875,82.53810119628906,22.86639976501465
-31.372800827026367,136.9394073486328,75.97720336914062,20.87030029296875
-21.468700408935547,135.57679748535156,66.24040222167969,21.420299530029297
-16.838899612426758,135.8253936767578,61.310699462890625,20.818599700927734
-15.86050033569336,137.54159545898438,60.182899475097656,20.801599502563477
-14.945899963378906,136.30889892578125,59.860801696777344,21.181800842285156
-19.33919906616211,137.45469665527344,64.6636962890625,21.38319969177246
-18.796199798583984,136.69729614257812,64.04180145263672,21.136999130249023
-20.355899810791016,136.12710571289062,66.40049743652344,21.705900192260742
-19.669700622558594,136.97030639648438,65.73169708251953,22.729000091552734
-17.794300079345703,137.5218963623047,63.667999267578125,20.818599700927734
-18.43400001525879,138.081298828125,64.46869659423828,21.60070037841797
-14.410799980163574,137.7404022216797,60.457000732421875,22.33489990234375
-13.066900253295898,139.04299926757812,58.98849868774414,21.1919002532959
-10.582900047302246,139.18960571289062,57.56589889526367,21.313499450683594
-5.3607001304626465,138.78610229492188,53.72119903564453,20.00589942932129
-2.6308000087738037,139.6342010498047,49.721900939941406,20.30500030517578
-1.0277999639511108,140.0635986328125,48.24290084838867,19.780500411987305
-0.8396999835968018,139.989501953125,47.637298583984375,19.70009994506836
-0.9642000198364258,139.02220153808594,46.6171989440918,20.65880012512207
-0.6478000283241272,138.84970092773438,47.292598724365234,21.448400497436523
1.542199969291687,139.7277069091797,43.82939910888672,20.648399353027344
0.9657999873161316,140.26210021972656,45.18080139160156,20.8710994720459
-0.5648000240325928,140.8114013671875,47.057098388671875,20.313499450683594
0.4772000014781952,140.56910705566406,45.49100112915039,20.76259994506836
0.5141000151634216,140.90780639648438,46.261600494384766,20.127500534057617
0.5805000066757202,140.93829345703125,46.53160095214844,20.61009979248047
1.0226999521255493,140.7216033935547,46.34629821777344,20.694900512695312
1.106600046157837,141.027099609375,46.23210144042969,21.716999053955078
1.6964999437332153,140.5308074951172,46.084800720214844,21.302900314331055
0.7042999863624573,141.17449951171875,47.15190124511719,20.95560073852539
0.5684000253677368,141.1873016357422,42.339900970458984,21.24340057373047
-5.505499839782715,142.24960327148438,37.65079879760742,19.906400680541992
0.7955999970436096,117.35530090332031,38.541500091552734,23.01740074157715
-3.748199939727783,107.04350280761719,34.93479919433594,27.474599838256836
-17.810800552368164,107.8102035522461,33.210899353027344,20.10059928894043
-15.851799964904785,109.98570251464844,29.6466007232666,15.80620002746582
-10.844099998474121,115.84770202636719,26.528200149536133,12.74839973449707
0.3625999987125397,108.0552978515625,21.808000564575195,14.106300354003906
5.7993998527526855,110.6447982788086,21.6382999420166,18.970500946044922
5.55049991607666,110.19779968261719,22.958900451660156,21.091699600219727
3.126199960708618,110.4135971069336,25.257200241088867,21.190200805664062
14.175200462341309,110.56739807128906,21.794300079345703,19.67140007019043
20.992000579833984,111.46260070800781,24.728700637817383,21.254600524902344
30.131200790405273,114.42330169677734,21.619800567626953,20.376100540161133
0.5167999863624573,117.04389953613281,21.11039924621582,23.086299896240234
5.207900047302246,116.34140014648438,19.83609962463379,24.529600143432617
8.387900352478027,118.36190032958984,26.268600463867188,26.909299850463867
22.196800231933594,111.6906967163086,27.16189956665039,22.988300323486328
32.58359909057617,121.21920013427734,32.07720184326172,25.868200302124023
30.27039909362793,114.47920227050781,39.08729934692383,25.395099639892578
29.690099716186523,115.49929809570312,42.797401428222656,29.439599990844727
30.4822998046875,115.42179870605469,46.59080123901367,36.9114990234375
-2.615600109100342,141.33990478515625,42.000999450683594,26.016599655151367
-2.04010009765625,143.20730590820312,41.34960174560547,23.45680046081543
-0.3116999864578247,143.406005859375,38.85179901123047,22.841699600219727
0.1899999976158142,144.21090698242188,38.19490051269531,22.158700942993164
1.7878999710083008,144.47610473632812,38.634700775146484,21.536100387573242
-0.07959999889135361,143.44619750976562,32.79280090332031,23.256500244140625
7.543600082397461,132.90130615234375,35.218299865722656,31.921199798583984
0.3431999981403351,127.00250244140625,32.96950149536133,36.61370086669922
17.875900268554688,113.83480072021484,41.48040008544922,37.951499938964844
0.2475000023841858,113.86969757080078,45.66619873046875,35.222198486328125
1.4788000583648682,115.33370208740234,43.94940185546875,29.0039005279541
-5.259900093078613,116.64289855957031,34.51430130004883,24.136899948120117
-2.6577999591827393,117.17220306396484,26.111299514770508,22.299299240112305
2.52239990234375,133.67840576171875,29.65290069580078,22.76889991760254
3.954400062561035,140.39149475097656,28.07699966430664,29.431699752807617
9.800399780273438,141.61489868164062,25.18939971923828,27.209800720214844
-0.5033000111579895,138.95350646972656,22.773799896240234,29.219600677490234
7.83459997177124,137.70590209960938,29.468000411987305,31.246400833129883
1.6815999746322632,143.18499755859375,26.41670036315918,27.773799896240234
1.768399953842163,143.64210510253906,31.254499435424805,27.07430076599121
0.33570000529289246,143.93380737304688,32.00429916381836,26.746599197387695
1.0399999618530273,144.79209899902344,28.03580093383789,26.08060073852539
1.0606000423431396,145.49819946289062,30.27630043029785,24.952299118041992
-0.12280000001192093,145.52450561523438,35.89569854736328,24.646799087524414
1.9276000261306763,146.51229858398438,32.22129821777344,24.049400329589844
0.807200014591217,145.8583984375,32.589599609375,25.01930046081543
0.6328999996185303,146.16580200195312,34.587501525878906,25.082700729370117
-0.2062000036239624,146.20069885253906,34.520198822021484,23.986900329589844
0.1809999942779541,149.29319763183594,42.38639831542969,22.33340072631836
-0.5223000049591064,151.28799438476562,43.30860137939453,20.440399169921875
