1
266.2078857421875,74.19029998779297,33.90380096435547,81.0740966796875
263.68939208984375,73.19049835205078,35.59880065917969,79.24819946289062
262.652587890625,72.6707992553711,36.68130111694336,83.1436996459961
261.8067932128906,72.33390045166016,37.3291015625,83.75869750976562
263.0683898925781,72.2531967163086,34.083499908447266,83.46720123291016
262.6160888671875,71.73650360107422,33.1156005859375,82.16649627685547
261.7626037597656,69.38809967041016,33.09189987182617,81.52269744873047
262.75,66.9468994140625,31.200000762939453,85.90910339355469
261.58740234375,66.22160339355469,32.68709945678711,87.4384994506836
261.0592956542969,67.00650024414062,33.781700134277344,88.33769989013672
260.9346923828125,67.70939636230469,33.670101165771484,83.95760345458984
261.0769958496094,66.85220336914062,32.37419891357422,87.27230072021484
260.5382995605469,66.12439727783203,34.62580108642578,86.83809661865234
261.4259033203125,67.82649993896484,34.35820007324219,81.1531982421875
262.3262939453125,67.31590270996094,33.10060119628906,84.95330047607422
261.4731140136719,69.23819732666016,34.64979934692383,82.44940185546875
261.9526062011719,68.46320343017578,36.457801818847656,86.56490325927734
265.2742919921875,66.72760009765625,33.93479919433594,84.8727035522461
263.9580993652344,64.9281997680664,36.02130126953125,85.60140228271484
266.0141906738281,64.30449676513672,35.328800201416016,87.58200073242188
268.0434875488281,64.59839630126953,35.86949920654297,91.1167984008789
270.1875,66.65260314941406,34.60580062866211,87.82460021972656
270.1271057128906,67.08399963378906,37.26689910888672,87.02839660644531
270.40948486328125,67.13410186767578,38.39149856567383,84.03469848632812
272.47039794921875,64.47640228271484,35.76499938964844,88.52410125732422
276.3738098144531,64.87529754638672,31.60260009765625,88.6729965209961
275.456787109375,65.62889862060547,32.425498962402344,88.65519714355469
275.57489013671875,67.85690307617188,32.39289855957031,85.12169647216797
273.5745849609375,68.90440368652344,36.48509979248047,83.4446029663086
274.68951416015625,65.872802734375,35.44969940185547,86.75199890136719
274.80828857421875,63.74150085449219,35.63349914550781,90.51000213623047
276.3096008300781,64.44999694824219,35.16310119628906,88.10060119628906
277.06219482421875,66.7665023803711,35.76580047607422,86.31069946289062
277.86041259765625,69.63359832763672,35.87269973754883,83.20059967041016
276.4877014160156,69.16000366210938,38.25040054321289,83.77559661865234
278.3673095703125,66.40360260009766,34.96269989013672,86.37570190429688
276.6441955566406,65.76339721679688,38.380001068115234,83.70850372314453
277.6023864746094,64.96810150146484,37.59880065917969,85.41120147705078
277.9471130371094,65.49970245361328,37.81629943847656,85.48760223388672
280.3359069824219,66.06829833984375,33.696800231933594,85.86650085449219
278.7760925292969,65.4729995727539,36.787498474121094,86.49310302734375
280.31781005859375,65.9551010131836,35.472999572753906,84.49939727783203
279.3359069824219,64.54930114746094,37.3583984375,84.89929962158203
281.97808837890625,64.98719787597656,34.28139877319336,84.65769958496094
280.02490234375,67.5999984741211,37.013301849365234,84.49330139160156
280.7474060058594,67.46099853515625,39.09830093383789,84.80439758300781
280.2356872558594,67.8010025024414,40.413700103759766,84.73739624023438
279.6474914550781,67.09529876708984,41.174598693847656,84.95780181884766
281.35150146484375,67.1760025024414,39.36989974975586,84.65499877929688
281.96868896484375,68.37149810791016,38.62260055541992,82.0635986328125
280.6318054199219,69.43409729003906,40.758201599121094,82.50250244140625
282.5426025390625,68.2927017211914,38.99420166015625,85.26689910888672
284.54290771484375,68.06089782714844,34.915401458740234,82.24590301513672
283.3669128417969,65.61299896240234,38.33679962158203,85.11540222167969
282.3074951171875,66.67250061035156,40.87229919433594,83.45359802246094
283.66400146484375,66.57510375976562,40.662200927734375,84.84510040283203
283.0286865234375,66.79720306396484,42.63840103149414,83.55809783935547
284.6955871582031,64.93720245361328,40.535499572753906,86.16590118408203
288.8310852050781,62.17770004272461,33.909400939941406,86.02749633789062
286.63848876953125,59.81340026855469,36.93050003051758,86.65370178222656
286.3460998535156,60.38019943237305,36.28839874267578,86.64540100097656
286.4119873046875,59.19929885864258,35.952701568603516,88.6989974975586
284.7699890136719,56.62580108642578,38.78179931640625,92.10669708251953
286.10888671875,54.68479919433594,37.566898345947266,94.01820373535156
285.439208984375,53.996299743652344,38.53820037841797,93.19999694824219
288.2222900390625,52.60900115966797,36.08869934082031,92.22250366210938
287.7786865234375,52.680301666259766,36.46969985961914,96.17310333251953
288.2005920410156,52.14720153808594,36.765899658203125,99.12650299072266
288.39788818359375,55.792198181152344,37.4922981262207,94.2947006225586
286.2500915527344,56.62260055541992,40.63349914550781,92.260498046875
288.1889953613281,54.575801849365234,38.07939910888672,94.40409851074219
288.2893981933594,53.22330093383789,38.23080062866211,92.80000305175781
287.5176086425781,55.07320022583008,38.56669998168945,92.07949829101562
285.3758850097656,56.245201110839844,40.323001861572266,95.39450073242188
288.1612854003906,57.4275016784668,37.43299865722656,93.80580139160156
287.05218505859375,55.805599212646484,39.720001220703125,93.72579956054688
288.4075927734375,55.36320114135742,37.98699951171875,93.90619659423828
288.5003967285156,54.9213981628418,38.31169891357422,91.88140106201172
288.96759033203125,55.042598724365234,38.577598571777344,95.93769836425781
291.54119873046875,56.092498779296875,37.42720031738281,94.73280334472656
292.0585021972656,57.22119903564453,36.369300842285156,95.38729858398438
291.98309326171875,56.132301330566406,37.02190017700195,96.09619903564453
293.0368957519531,54.192298889160156,35.40409851074219,96.30650329589844
293.7298889160156,52.08729934692383,34.3838005065918,95.26200103759766
291.7853088378906,54.86439895629883,35.868900299072266,97.27570343017578
292.5107116699219,54.133201599121094,35.5713005065918,100.44730377197266
293.8568115234375,57.21780014038086,32.611698150634766,97.29070281982422
292.56390380859375,56.39360046386719,34.2422981262207,97.74349975585938
295.50408935546875,51.56829833984375,31.207199096679688,100.70649719238281
294.6077880859375,52.35770034790039,30.02050018310547,94.69740295410156
294.89581298828125,52.96839904785156,32.78519821166992,93.87059783935547
295.20849609375,56.220298767089844,33.18709945678711,87.68659973144531
294.5841979980469,59.09090042114258,35.144100189208984,95.40489959716797
295.6789855957031,57.12649917602539,34.63420104980469,100.43900299072266
296.00048828125,55.46009826660156,34.570098876953125,98.50360107421875
295.2900085449219,52.3385009765625,33.85409927368164,97.78150177001953
293.856201171875,53.85210037231445,36.506900787353516,98.48680114746094
293.85150146484375,56.37919998168945,36.70140075683594,100.73310089111328
294.6776123046875,54.902400970458984,33.99769973754883,99.3740005493164
292.8569030761719,57.349700927734375,36.54280090332031,98.10530090332031
294.67498779296875,53.27080154418945,32.51959991455078,104.24310302734375
294.4476013183594,52.22809982299805,31.769100189208984,96.74569702148438
293.51800537109375,52.89070129394531,34.76169967651367,95.17109680175781
294.8915100097656,55.71189880371094,33.06660079956055,94.02310180664062
294.43280029296875,56.947601318359375,34.58060073852539,101.60590362548828
294.6720886230469,56.20669937133789,35.485599517822266,104.9834976196289
295.7055969238281,55.77069854736328,34.688201904296875,102.79229736328125
296.2273864746094,52.88529968261719,33.32379913330078,97.43009948730469
296.1221923828125,54.98749923706055,34.34469985961914,98.67120361328125
295.7672119140625,53.99039840698242,34.96580123901367,106.75589752197266
293.1044006347656,56.354000091552734,36.74150085449219,105.17279815673828
293.9342041015625,56.493900299072266,37.06079864501953,106.67610168457031
293.8658142089844,55.102699279785156,36.101200103759766,107.22799682617188
296.61669921875,54.24720001220703,33.02170181274414,100.47769927978516
296.2107849121094,53.84479904174805,33.57809829711914,101.38960266113281
294.2060852050781,56.60710144042969,38.20930099487305,108.51480102539062
293.5657958984375,56.738800048828125,40.50120162963867,111.16329956054688
296.5718078613281,59.17369842529297,37.217498779296875,103.20140075683594
298.5000915527344,56.16600036621094,35.65340042114258,108.65809631347656
298.1590881347656,54.69279861450195,33.94670104980469,101.18060302734375
296.32000732421875,56.828399658203125,36.41899871826172,99.82939910888672
298.21258544921875,54.72909927368164,33.83369827270508,106.30729675292969
297.5824890136719,56.159000396728516,33.49449920654297,111.16840362548828
297.6073913574219,56.355899810791016,34.609798431396484,109.55650329589844
298.17010498046875,55.458499908447266,34.64699935913086,110.3302001953125
298.2395935058594,56.267799377441406,33.33639907836914,100.05390167236328
298.8671875,54.45479965209961,34.32109832763672,92.75489807128906
301.51190185546875,55.03110122680664,31.17140007019043,88.9894027709961
300.4552917480469,58.456298828125,32.38850021362305,86.5177993774414
299.9978942871094,58.43000030517578,33.05939865112305,92.41020202636719
301.51141357421875,57.035301208496094,32.79570007324219,98.85310363769531
302.1881103515625,54.64070129394531,31.905399322509766,102.7031021118164
301.173095703125,55.548099517822266,32.32360076904297,103.84040069580078
301.0552978515625,55.0015983581543,34.199798583984375,114.29989624023438
301.40069580078125,55.52840042114258,33.42499923706055,114.29190063476562
299.6846923828125,57.5786018371582,36.09260177612305,110.52269744873047
299.4388122558594,55.28150177001953,40.88090133666992,114.13800048828125
301.2904052734375,55.82320022583008,35.702301025390625,99.30870056152344
302.8904113769531,53.58539962768555,30.868799209594727,91.41629791259766
302.45849609375,59.07509994506836,34.34230041503906,86.64669799804688
304.3680114746094,58.837100982666016,34.13119888305664,87.44290161132812
302.78839111328125,62.36130142211914,36.449501037597656,89.10209655761719
302.9977111816406,58.06809997558594,37.57789993286133,99.4760971069336
303.8418884277344,55.515499114990234,36.49599838256836,107.53170013427734
301.9128112792969,54.247798919677734,39.308998107910156,114.43939971923828
302.8909912109375,54.37820053100586,39.693599700927734,117.30909729003906
302.2156982421875,56.24039840698242,42.57160186767578,119.39810180664062
299.434814453125,56.28419876098633,43.94060134887695,120.18990325927734
299.6005859375,55.174198150634766,42.698699951171875,119.53929901123047
297.9778137207031,52.768699645996094,44.07210159301758,110.42030334472656
297.9330139160156,55.87699890136719,45.797698974609375,97.21749877929688
300.8940124511719,57.0453987121582,43.40629959106445,93.64309692382812
301.77911376953125,60.87900161743164,40.9213981628418,88.7876968383789
302.3131103515625,61.40549850463867,42.831199645996094,97.29810333251953
303.3197937011719,60.834800720214844,37.82429885864258,99.44390106201172
303.1488037109375,56.79410171508789,37.50379943847656,107.94190216064453
301.587890625,55.49829864501953,39.13890075683594,114.6686019897461
300.339111328125,54.99380111694336,42.650001525878906,121.74610137939453
297.815185546875,54.62260055541992,46.05270004272461,127.88610076904297
295.510498046875,56.69219970703125,48.30220031738281,122.96720123291016
297.08758544921875,54.67679977416992,46.59450149536133,124.85800170898438
296.7484130859375,54.90169906616211,45.94129943847656,110.94020080566406
297.69781494140625,56.51530075073242,46.527000427246094,97.47350311279297
301.61358642578125,61.01250076293945,41.44969940185547,90.8646011352539
301.6553955078125,60.75210189819336,40.326499938964844,91.7030029296875
301.5859069824219,63.19850158691406,42.70249938964844,96.60359954833984
299.1231994628906,59.28670120239258,48.179100036621094,108.59500122070312
299.2421875,59.83470153808594,44.98109817504883,113.61470031738281
299.1083068847656,54.814998626708984,43.82709884643555,120.24109649658203
299.0412902832031,56.088199615478516,44.19350051879883,121.92269897460938
297.5315856933594,59.9098014831543,49.35409927368164,124.10970306396484
296.48870849609375,55.74420166015625,48.410099029541016,129.57330322265625
295.6051940917969,54.37770080566406,49.58509826660156,143.43170166015625
294.222900390625,47.02909851074219,52.28450012207031,143.57029724121094
299.7008972167969,54.59450149536133,49.42879867553711,149.2371063232422
297.60040283203125,35.522300720214844,54.812198638916016,172.31190490722656
291.7521057128906,46.5004997253418,59.77830123901367,163.62359619140625
294.7358093261719,50.62590026855469,55.92470169067383,159.3137969970703
295.1859130859375,42.59370040893555,53.195098876953125,166.99099731445312
295.9208984375,51.465999603271484,54.300899505615234,156.27090454101562
294.6263122558594,54.69540023803711,51.075401306152344,151.091796875
297.5835876464844,53.68199920654297,49.27920150756836,148.4375
294.4372863769531,59.80120086669922,54.5463981628418,143.793701171875
293.9468994140625,55.50709915161133,53.979698181152344,151.60629272460938
288.46661376953125,54.70669937133789,60.2328987121582,153.25880432128906
286.7532958984375,52.71760177612305,62.47909927368164,154.9665985107422
299.2507019042969,51.45000076293945,51.58110046386719,154.9521026611328
294.3254089355469,58.575199127197266,54.10710144042969,151.36070251464844
291.3088073730469,50.58060073852539,53.06629943847656,152.73800659179688
290.3192138671875,56.374698638916016,56.90449905395508,151.6417999267578
291.0094909667969,53.79069900512695,55.01620101928711,142.14590454101562
291.6224060058594,56.520301818847656,52.24290084838867,137.42149353027344
289.7616882324219,58.47669982910156,54.23149871826172,140.0054931640625
291.54840087890625,58.14899826049805,51.35049819946289,144.62860107421875
291.9513854980469,60.21969985961914,55.16630172729492,145.15109252929688
288.7914123535156,58.25699996948242,58.67219924926758,144.56350708007812
287.926513671875,58.00529861450195,57.13779830932617,140.83999633789062
295.9054870605469,57.32889938354492,43.2760009765625,118.89450073242188
295.9440002441406,58.73929977416992,45.12350082397461,116.29389953613281
296.04150390625,59.48659896850586,43.00899887084961,104.24330139160156
296.2431945800781,61.73419952392578,37.56050109863281,99.83080291748047
293.4725036621094,63.80970001220703,43.70009994506836,111.0093994140625
294.2214050292969,60.71049880981445,42.03739929199219,120.71600341796875
291.1011047363281,58.37089920043945,44.4901008605957,126.44650268554688
285.5942077636719,57.58100128173828,50.16469955444336,113.3031005859375
285.9200134277344,59.37379837036133,47.06399917602539,112.13880157470703
282.9324951171875,62.223201751708984,51.263999938964844,121.84480285644531
281.1200866699219,61.71989822387695,51.94329833984375,129.5222930908203
277.9137878417969,55.0275993347168,55.229698181152344,136.75779724121094
278.7409973144531,58.09199905395508,52.84870147705078,129.34559631347656
278.7673034667969,57.027801513671875,52.293399810791016,128.7458953857422
279.5581970214844,58.03049850463867,49.212398529052734,122.18419647216797
277.6257019042969,61.55970001220703,53.7317008972168,124.36039733886719
276.28790283203125,62.81399917602539,57.3046989440918,133.01390075683594
276.3796081542969,61.944698333740234,50.494998931884766,133.8668975830078
272.8662109375,58.98830032348633,54.879600524902344,129.49310302734375
269.94940185546875,60.23080062866211,57.734901428222656,134.11849975585938
270.0035095214844,60.707000732421875,55.71440124511719,137.47889709472656
269.9617919921875,62.68939971923828,52.5885009765625,143.6186065673828
267.9277038574219,64.28130340576172,56.81079864501953,138.58709716796875
269.8284912109375,59.27450180053711,55.6078987121582,141.99639892578125
271.0281982421875,56.41379928588867,52.1150016784668,139.54550170898438
269.2077941894531,57.98590087890625,55.688499450683594,137.95970153808594
269.23089599609375,59.825599670410156,56.51470184326172,137.10830688476562
267.8794860839844,63.10749816894531,59.474998474121094,144.58900451660156
267.3346862792969,61.044898986816406,60.82569885253906,144.44960021972656
268.6099853515625,57.614898681640625,54.375999450683594,143.8574981689453
268.49810791015625,54.235198974609375,52.106998443603516,137.34530639648438
267.30120849609375,56.0546989440918,50.870601654052734,137.5113067626953
262.0289001464844,54.09560012817383,59.96590042114258,139.2552947998047
250.3907928466797,57.01300048828125,73.99199676513672,138.5780029296875
243.19349670410156,57.36180114746094,87.00859832763672,157.02439880371094
249.12939453125,56.3672981262207,81.32109832763672,152.82080078125
253.21730041503906,56.09189987182617,74.60549926757812,154.05079650878906
251.03160095214844,55.56119918823242,73.54450225830078,143.12269592285156
260.41070556640625,58.054901123046875,59.00310134887695,145.07139587402344
260.3988037109375,61.94300079345703,57.88759994506836,150.96180725097656
259.97821044921875,63.14889907836914,58.53839874267578,150.78570556640625
259.9668884277344,59.377201080322266,57.519901275634766,150.69740295410156
259.748291015625,53.36349868774414,54.52299880981445,149.9091033935547
255.75340270996094,51.62779998779297,60.196800231933594,150.35299682617188
247.82859802246094,55.022300720214844,71.55339813232422,151.89439392089844
239.38929748535156,53.440399169921875,82.59239959716797,157.3643035888672
238.18690490722656,54.968299865722656,89.81199645996094,160.03280639648438
246.76409912109375,52.98379898071289,78.58450317382812,158.92959594726562
249.76390075683594,49.76150131225586,71.993896484375,162.52279663085938
250.98179626464844,52.135501861572266,67.4541015625,146.92990112304688
255.97349548339844,52.378700256347656,61.58879852294922,142.33050537109375
255.52059936523438,54.50680160522461,61.04209899902344,153.68690490722656
255.05709838867188,59.70289993286133,63.564300537109375,157.7530059814453
255.50210571289062,59.173099517822266,61.577701568603516,153.9929962158203
254.66709899902344,53.6515998840332,65.30159759521484,158.0872039794922
255.67950439453125,52.8942985534668,62.48749923706055,151.5137939453125
252.50180053710938,50.0880012512207,67.19159698486328,157.03860473632812
246.97999572753906,50.304100036621094,72.4656982421875,168.8385009765625
247.76119995117188,52.87379837036133,74.0718994140625,167.31570434570312
249.9904022216797,52.5161018371582,72.27149963378906,167.9792022705078
254.439697265625,51.14929962158203,68.85060119628906,164.45809936523438
255.17269897460938,46.51729965209961,69.04989624023438,162.27760314941406
257.5852966308594,49.15760040283203,65.4009017944336,156.42739868164062
261.502197265625,50.7421989440918,60.451698303222656,165.96090698242188
258.684814453125,55.358699798583984,62.474700927734375,168.3704071044922
260.0885925292969,54.39149856567383,63.64799880981445,171.38209533691406
257.4993896484375,54.442501068115234,70.59020233154297,167.1970977783203
260.8539123535156,51.08430099487305,66.92990112304688,165.79420471191406
263.26739501953125,51.69390106201172,62.758399963378906,156.3115997314453
257.5953063964844,51.7848014831543,69.2885971069336,167.4058074951172
258.0006103515625,53.07529830932617,71.22100067138672,167.56460571289062
257.4548034667969,55.844600677490234,72.15689849853516,173.56320190429688
261.4364013671875,51.44960021972656,70.1874008178711,171.04359436035156
263.7738037109375,50.80950164794922,68.01260375976562,169.0229034423828
265.470703125,52.1067008972168,66.63999938964844,161.17640686035156
267.3568115234375,52.3760986328125,66.1865005493164,165.28280639648438
268.7626037597656,54.58420181274414,65.22119903564453,172.45370483398438
269.21551513671875,55.967498779296875,66.94300079345703,178.1215057373047
268.32611083984375,54.22100067138672,71.32140350341797,176.4595947265625
269.5043029785156,52.286800384521484,67.80259704589844,177.98699951171875
272.1370849609375,51.95800018310547,66.46890258789062,160.41319274902344
272.22430419921875,51.71979904174805,64.53759765625,164.00619506835938
273.9171142578125,52.940399169921875,64.47139739990234,153.90350341796875
273.3818054199219,55.66669845581055,66.32949829101562,149.56500244140625
271.7049865722656,57.65650177001953,70.9208984375,149.72909545898438
276.4142150878906,55.11940002441406,66.82330322265625,161.14410400390625
277.9032897949219,49.47990036010742,64.70480346679688,173.8665008544922
280.44970703125,48.83060073852539,65.54560089111328,172.11439514160156
281.3606872558594,50.78390121459961,68.60330200195312,182.8292999267578
282.2867126464844,56.30929946899414,69.06780242919922,165.45179748535156
282.6080017089844,58.45249938964844,70.19670104980469,164.40789794921875
282.1589050292969,52.794898986816406,71.73359680175781,175.75990295410156
283.9193115234375,49.336299896240234,64.51280212402344,179.5236053466797
284.85418701171875,46.88949966430664,65.92539978027344,174.40879821777344
286.481201171875,44.99829864501953,64.30619812011719,166.59249877929688
289.1737976074219,50.477500915527344,63.50859832763672,154.74159240722656
288.6733093261719,54.720298767089844,68.37470245361328,149.8155975341797
289.1596984863281,53.617801666259766,69.56410217285156,154.3551025390625
286.34991455078125,49.87580108642578,74.54560089111328,175.74169921875
288.8736877441406,46.667301177978516,68.36540222167969,178.82960510253906
290.12799072265625,43.53969955444336,67.50599670410156,189.9281005859375
292.4075012207031,45.32889938354492,68.88520050048828,163.16250610351562
292.6005859375,49.84400177001953,74.60910034179688,156.33180236816406
295.22100830078125,51.2859992980957,70.03700256347656,166.04800415039062
294.5779113769531,51.786800384521484,68.73419952392578,176.67979431152344
291.5223083496094,43.76409912109375,70.54779815673828,190.3000946044922
292.2244873046875,45.35219955444336,71.42130279541016,174.7292022705078
290.9642028808594,45.45759963989258,73.37670135498047,174.07249450683594
292.1117858886719,48.91960144042969,71.70590209960938,158.28579711914062
293.5971984863281,48.99800109863281,70.8384017944336,167.20899963378906
289.41461181640625,48.00709915161133,75.2582015991211,183.39529418945312
289.6838073730469,43.68939971923828,69.33439636230469,189.72959899902344
285.96881103515625,40.12369918823242,75.21749877929688,198.0146026611328
289.7322998046875,37.21379852294922,70.13700103759766,198.19529724121094
292.0292053222656,43.079200744628906,70.42610168457031,186.67840576171875
287.8284912109375,48.19459915161133,77.19529724121094,176.3531036376953
288.6310119628906,46.52450180053711,72.23989868164062,183.90660095214844
285.3291931152344,44.98189926147461,72.04560089111328,192.9528045654297
282.35589599609375,39.142799377441406,76.92669677734375,200.75399780273438
283.4128112792969,40.279701232910156,75.5541000366211,184.5072021484375
284.0716857910156,43.832000732421875,75.1594009399414,170.90789794921875
284.62701416015625,45.51900100708008,74.32649993896484,170.4980010986328
284.97650146484375,47.291900634765625,79.62359619140625,178.89990234375
282.6648864746094,46.390899658203125,81.95110321044922,193.2375946044922
282.7936096191406,42.12580108642578,80.94409942626953,194.44839477539062
284.08221435546875,40.44990158081055,79.4761962890625,195.42869567871094
286.8960876464844,40.3026008605957,76.3301010131836,182.1230926513672
289.9377136230469,43.37519836425781,74.11289978027344,180.47430419921875
286.6346130371094,46.59640121459961,78.6626968383789,186.7136993408203
283.7001953125,42.940101623535156,85.5624008178711,190.4073028564453
283.48968505859375,37.83890151977539,82.13970184326172,200.66749572753906
284.80828857421875,35.88650131225586,82.65180206298828,198.0576934814453
283.4591979980469,34.642398834228516,81.54460144042969,195.3885040283203
284.40521240234375,35.83789825439453,79.07669830322266,189.9243927001953
283.95379638671875,39.60309982299805,86.00869750976562,186.1667022705078
285.6803894042969,42.09560012817383,87.45809936523438,185.781005859375
284.6164855957031,39.71049880981445,87.9832992553711,200.09519958496094
286.1123046875,35.96820068359375,85.60320281982422,203.5792999267578
289.11358642578125,36.86240005493164,83.2614974975586,198.74459838867188
288.222412109375,38.81520080566406,86.4845962524414,191.08360290527344
285.5378112792969,41.16299819946289,91.78800201416016,189.04910278320312
286.835693359375,44.4656982421875,90.82499694824219,190.25230407714844
283.7296142578125,43.915401458740234,96.45079803466797,195.46730041503906
287.94769287109375,40.02109909057617,87.83910369873047,200.14280700683594
287.8489990234375,34.57500076293945,88.15160369873047,200.81399536132812
284.4949035644531,34.40769958496094,96.1530990600586,192.5030059814453
286.912109375,32.96179962158203,95.42510223388672,201.5399932861328
282.8114929199219,36.00019836425781,101.3136978149414,198.0561065673828
287.1871032714844,46.604801177978516,96.83489990234375,189.9853973388672
276.9281005859375,39.135101318359375,109.09030151367188,202.23989868164062
280.0021057128906,33.123600006103516,106.61000061035156,205.9698944091797
290.9932861328125,30.019500732421875,94.85369873046875,216.31680297851562
292.7820129394531,31.257600784301758,94.66459655761719,198.70809936523438
289.8382873535156,34.93949890136719,98.3551025390625,199.30050659179688
292.4258117675781,41.48149871826172,97.368896484375,194.6490936279297
293.2983093261719,39.6973991394043,99.197998046875,201.3249053955078
295.50439453125,36.67940139770508,98.56430053710938,205.79660034179688
301.52288818359375,32.16120147705078,91.8781967163086,202.8730010986328
301.00140380859375,28.94659996032715,93.19779968261719,208.64840698242188
298.0433044433594,38.79499816894531,96.7488021850586,206.0489044189453
300.44940185546875,37.68239974975586,97.22480010986328,205.76119995117188
305.8247985839844,36.859100341796875,95.13050079345703,201.39830017089844
307.7803955078125,37.51110076904297,96.59380340576172,203.1313018798828
306.8815002441406,34.13140106201172,99.41290283203125,208.33670043945312
309.355712890625,32.50239944458008,100.38980102539062,210.8220977783203
304.7344055175781,33.74589920043945,107.6427993774414,207.42320251464844
304.1842041015625,38.51490020751953,110.67859649658203,210.37890625
301.7626037597656,46.79949951171875,115.72679901123047,203.4647979736328
300.9267883300781,42.03499984741211,113.69439697265625,199.96119689941406
296.3374938964844,38.873600006103516,117.60639953613281,201.231201171875
302.79071044921875,34.41059875488281,111.47679901123047,207.83999633789062
300.65399169921875,30.258899688720703,116.35160064697266,209.80990600585938
299.0622863769531,36.19990158081055,119.78980255126953,208.86590576171875
298.093994140625,40.20800018310547,117.35919952392578,201.7969970703125
295.4997863769531,42.80950164794922,121.7979965209961,197.62060546875
296.0378112792969,35.343101501464844,114.96289825439453,206.32269287109375
296.82830810546875,34.3922004699707,111.98249816894531,203.8925018310547
293.9284973144531,29.364200592041016,113.9760971069336,214.32479858398438
289.29058837890625,28.830299377441406,114.44519805908203,212.70889282226562
287.14520263671875,35.57469940185547,113.43360137939453,205.32960510253906
284.7392883300781,41.7411994934082,111.4937973022461,192.30709838867188
284.7987060546875,39.345001220703125,109.716796875,206.07330322265625
279.5220947265625,35.21009826660156,117.43920135498047,204.90550231933594
284.45928955078125,29.51740074157715,109.86990356445312,207.45269775390625
287.4963073730469,28.639999389648438,107.70050048828125,206.0684051513672
284.2428894042969,29.66629981994629,111.48770141601562,209.48779296875
283.6875,38.69599914550781,105.89620208740234,195.69639587402344
282.30670166015625,42.0629997253418,121.73799896240234,192.60110473632812
282.6510925292969,34.34109878540039,121.11019897460938,204.48379516601562
286.4285888671875,31.590299606323242,110.52249908447266,210.5500030517578
282.15478515625,25.980899810791016,126.74720001220703,220.60040283203125
278.9184875488281,22.195100784301758,132.3096923828125,219.6678009033203
280.4762878417969,29.695999145507812,134.06390380859375,196.8000030517578
277.61590576171875,33.76139831542969,128.40089416503906,200.08419799804688
275.6471862792969,38.49440002441406,130.029296875,198.32229614257812
283.14569091796875,27.518999099731445,118.43180084228516,211.23190307617188
286.1636962890625,22.501100540161133,115.98750305175781,215.5590057373047
282.9306945800781,21.2544002532959,122.59539794921875,214.8813018798828
283.23309326171875,22.396900177001953,118.89129638671875,214.42349243164062
280.75,29.794200897216797,130.3083038330078,215.3076934814453
271.4678039550781,39.36009979248047,138.47830200195312,201.91310119628906
274.5766906738281,35.28120040893555,139.05650329589844,202.98939514160156
275.323486328125,32.49489974975586,143.90469360351562,202.46839904785156
275.7430114746094,29.86440086364746,140.08709716796875,204.27810668945312
273.7264099121094,25.74049949645996,135.74530029296875,205.28379821777344
270.8418884277344,26.25149917602539,141.89979553222656,204.4075927734375
265.1192932128906,31.53860092163086,145.88290405273438,210.7093963623047
263.3750915527344,32.233001708984375,143.1656036376953,214.73609924316406
265.7207946777344,31.224000930786133,137.7716064453125,208.0157012939453
262.2712097167969,30.518600463867188,137.87350463867188,209.22940063476562
260.3287048339844,20.7810001373291,137.27699279785156,215.41920471191406
259.7785949707031,24.52120018005371,137.63890075683594,216.5413055419922
262.8559875488281,28.6643009185791,139.87489318847656,211.910400390625
264.7532043457031,32.08330154418945,140.93800354003906,210.30540466308594
259.1582946777344,34.168399810791016,164.36300659179688,208.21839904785156
256.55560302734375,30.1294002532959,167.0106964111328,201.11849975585938
253.65809631347656,26.177000045776367,165.89439392089844,212.5885009765625
245.2230987548828,23.33370018005371,178.0001983642578,215.09629821777344
223.2454071044922,23.90180015563965,200.90390014648438,220.7904052734375
215.7061004638672,33.469600677490234,196.1634063720703,198.8096923828125
212.56809997558594,43.6974983215332,191.75230407714844,188.80909729003906
211.54580688476562,47.90190124511719,177.3509063720703,184.3551025390625
208.4329071044922,53.606201171875,133.2050018310547,184.20840454101562
213.73680114746094,50.03860092163086,116.79859924316406,189.74560546875
207.20779418945312,45.29779815673828,111.53929901123047,197.289306640625
196.85020446777344,46.805198669433594,112.38490295410156,196.17430114746094
196.17359924316406,55.41889953613281,104.76100158691406,177.3957977294922
199.94760131835938,63.22639846801758,78.33039855957031,165.50750732421875
210.33079528808594,59.611698150634766,72.57640075683594,173.89230346679688
215.78050231933594,62.93159866333008,89.63919830322266,174.90029907226562
232.09620666503906,60.6864013671875,102.00779724121094,178.58120727539062
241.9947967529297,64.72699737548828,72.05889892578125,161.3800048828125
258.6783142089844,67.2219009399414,67.35260009765625,168.45919799804688
271.85870361328125,78.24019622802734,82.10870361328125,160.91650390625
275.5862121582031,75.41089630126953,93.11119842529297,169.97390747070312
266.3960876464844,79.07890319824219,99.38400268554688,163.63189697265625
265.29541015625,87.12699890136719,100.22840118408203,153.34039306640625
271.8658142089844,96.26840209960938,91.16819763183594,146.34249877929688
272.2041015625,98.32450103759766,75.18509674072266,142.18699645996094
266.997314453125,97.58350372314453,83.25080108642578,145.56309509277344
261.6171875,102.22810363769531,98.46009826660156,139.40440368652344
267.0834045410156,115.05989837646484,103.60800170898438,123.00659942626953
275.71600341796875,114.43119812011719,99.4437026977539,127.82029724121094
254.8730010986328,104.31390380859375,116.21659851074219,139.29010009765625
265.097900390625,104.78099822998047,96.61650085449219,138.110107421875
269.25640869140625,106.97579956054688,91.16100311279297,126.74410247802734
276.5085144042969,106.75569915771484,79.2969970703125,129.74600219726562
282.86138916015625,106.47370147705078,76.54049682617188,131.76910400390625
282.5530090332031,104.44219970703125,80.36219787597656,135.6851043701172
285.2998962402344,101.23049926757812,85.17729949951172,138.4718017578125
290.431396484375,109.72250366210938,91.4021987915039,130.68060302734375
300.8526916503906,102.99330139160156,77.53839874267578,139.45570373535156
310.6711120605469,112.85320281982422,63.043701171875,128.95849609375
317.1932067871094,116.0541000366211,53.635501861572266,112.9927978515625
316.14910888671875,119.73770141601562,59.137001037597656,111.3656005859375
312.55828857421875,115.03230285644531,73.41429901123047,126.04049682617188
309.50030517578125,107.68769836425781,78.61699676513672,130.23739624023438
314.2622985839844,110.57240295410156,70.62879943847656,122.55829620361328
322.31549072265625,111.8822021484375,55.17020034790039,121.55220031738281
328.7565002441406,120.65509796142578,46.20119857788086,110.8550033569336
321.690185546875,119.2582015991211,52.820899963378906,119.05979919433594
317.44268798828125,121.73419952392578,59.585201263427734,116.64579772949219
308.2862854003906,121.04940032958984,72.70709991455078,117.09490203857422
305.62359619140625,127.03829956054688,73.09100341796875,109.6532974243164
309.7735900878906,129.63450622558594,60.513099670410156,95.59149932861328
308.3396911621094,127.61849975585938,47.613800048828125,105.91739654541016
306.527587890625,128.23330688476562,42.33190155029297,100.52179718017578
301.53009033203125,126.78469848632812,42.012001037597656,106.43450164794922
295.99560546875,122.96440124511719,46.62329864501953,109.24530029296875
291.24249267578125,122.18450164794922,44.75849914550781,111.82649993896484
285.56451416015625,124.35659790039062,50.64310073852539,114.79049682617188
289.2091064453125,127.84200286865234,39.52069854736328,99.8416976928711
288.7738037109375,129.52789306640625,35.657901763916016,94.3490982055664
287.05938720703125,132.368896484375,39.04610061645508,89.19529724121094
280.4714050292969,134.69189453125,50.748600006103516,93.125
277.83770751953125,137.89329528808594,55.95940017700195,96.40799713134766
277.7784118652344,138.53250122070312,55.51679992675781,93.2698974609375
280.0564880371094,139.9611053466797,45.82680130004883,97.17040252685547
281.5498046875,141.42529296875,38.496498107910156,97.26110076904297
283.29888916015625,139.16189575195312,40.10219955444336,102.268798828125
286.9858093261719,142.60389709472656,32.47909927368164,95.51969909667969
288.30828857421875,141.86480712890625,32.69260025024414,95.6260986328125
284.6377868652344,143.0247039794922,39.57379913330078,89.9312973022461
286.6358947753906,145.09629821777344,37.11149978637695,93.29910278320312
290.7008056640625,146.8961944580078,31.49139976501465,85.52130126953125
293.0010070800781,149.52330017089844,29.106599807739258,88.61260223388672
296.1173095703125,152.43260192871094,29.420000076293945,86.2166976928711
297.1155090332031,156.46229553222656,30.568199157714844,84.74749755859375
299.539794921875,155.2174072265625,32.00270080566406,85.90679931640625
299.5527038574219,157.76730346679688,34.887699127197266,78.69259643554688
302.409912109375,158.2698974609375,34.26139831542969,75.82959747314453
301.7900085449219,158.47940063476562,36.84230041503906,79.43229675292969
304.3222961425781,159.9320068359375,30.556800842285156,77.93009948730469
308.30938720703125,162.8979949951172,26.595300674438477,76.20349884033203
309.0526123046875,163.05230712890625,23.995500564575195,76.85919952392578
309.94970703125,163.47869873046875,24.43079948425293,72.2885971069336
308.5107116699219,164.81289672851562,24.808000564575195,69.86160278320312
307.6582946777344,164.5970001220703,22.87779998779297,69.75900268554688
305.6846923828125,166.57049560546875,22.881999969482422,70.16680145263672
305.6527099609375,167.7086944580078,22.704299926757812,70.32170104980469
304.5541076660156,169.48989868164062,22.75629997253418,69.11129760742188
303.3846130371094,169.8354034423828,22.164400100708008,68.00789642333984
301.3739929199219,169.52540588378906,22.89940071105957,65.69539642333984
299.6474914550781,169.39019775390625,23.121700286865234,64.05829620361328
298.92041015625,170.01429748535156,21.47439956665039,62.7333984375
298.37109375,169.59030151367188,18.862300872802734,63.28369903564453
297.0357971191406,172.83340454101562,18.569599151611328,58.41600036621094
295.10589599609375,176.08799743652344,21.582300186157227,54.03730010986328
295.260986328125,172.57989501953125,21.630199432373047,56.62369918823242
294.09930419921875,171.91819763183594,23.24880027770996,56.170101165771484
295.2921142578125,172.4420928955078,21.4158992767334,53.6781005859375
296.1239929199219,170.01539611816406,20.596200942993164,54.78310012817383
297.8279113769531,170.1956024169922,20.95359992980957,52.6442985534668
297.7380065917969,168.760498046875,21.56839942932129,53.02349853515625
298.1578063964844,168.64419555664062,22.389999389648438,50.772701263427734
299.4106140136719,168.4243927001953,17.760000228881836,50.86629867553711
300.4014892578125,170.48109436035156,15.168700218200684,47.14780044555664
300.41558837890625,170.9553985595703,15.653900146484375,47.965999603271484
299.3245849609375,171.00599670410156,19.022499084472656,47.6702995300293
299.3257141113281,170.43850708007812,17.879600524902344,45.8047981262207
298.1189880371094,171.54249572753906,17.978900909423828,42.85660171508789
298.0614013671875,171.67050170898438,16.989299774169922,41.09400177001953
298.24359130859375,170.4781951904297,17.750200271606445,42.57360076904297
296.5888977050781,168.13279724121094,20.528900146484375,43.964599609375
297.4007873535156,167.25680541992188,19.675899505615234,42.70399856567383
295.60650634765625,166.24789428710938,23.547399520874023,41.03929901123047
295.8356018066406,167.41510009765625,22.779699325561523,39.53129959106445
294.8369140625,167.1802978515625,24.186800003051758,40.03129959106445
294.002685546875,167.05479431152344,24.556900024414062,41.38240051269531
292.65289306640625,166.6392059326172,26.633899688720703,36.52560043334961
293.4927978515625,166.6575927734375,24.23710060119629,30.74570083618164
293.67449951171875,166.17759704589844,20.77239990234375,32.49789810180664
293.26739501953125,166.65989685058594,17.82159996032715,32.760101318359375
291.7745056152344,167.19760131835938,17.975500106811523,32.7598991394043
289.2257080078125,167.91690063476562,18.722000122070312,31.597999572753906
288.43218994140625,167.47520446777344,16.503700256347656,31.030399322509766
287.29791259765625,167.18919372558594,15.086799621582031,31.84819984436035
286.4444885253906,165.65960693359375,14.203399658203125,34.36090087890625
284.73638916015625,164.9907989501953,14.836299896240234,36.035099029541016
282.31451416015625,164.18460083007812,16.595600128173828,36.76789855957031
280.0899963378906,164.93670654296875,17.969600677490234,35.29899978637695
278.09381103515625,163.95469665527344,19.29520034790039,35.950199127197266
276.1679992675781,162.9720001220703,18.16710090637207,36.43159866333008
273.8044128417969,162.61659240722656,18.163700103759766,37.40869903564453
273.2340087890625,163.50990295410156,17.01490020751953,36.71139907836914
271.0180969238281,163.82350158691406,15.148300170898438,33.26580047607422
270.88970947265625,164.37640380859375,13.492300033569336,36.03889846801758
268.6034851074219,164.61480712890625,13.714599609375,35.004398345947266
266.351806640625,164.23170471191406,13.167400360107422,34.93730163574219
263.94158935546875,163.57339477539062,14.744000434875488,37.107601165771484
261.8013000488281,163.72720336914062,15.279399871826172,37.97560119628906
259.7762145996094,163.88040161132812,15.359399795532227,37.121498107910156
257.9743957519531,164.92739868164062,15.804100036621094,36.73419952392578
255.70089721679688,166.11380004882812,17.110700607299805,36.24679946899414
253.24600219726562,166.4615020751953,19.329099655151367,35.19150161743164
251.5753936767578,165.3614959716797,19.846900939941406,34.984798431396484
249.40220642089844,164.6147003173828,19.18120002746582,35.89799880981445
247.0251007080078,165.7574005126953,20.339799880981445,34.56380081176758
245.35049438476562,164.42030334472656,19.345800399780273,36.04240036010742
244.65269470214844,165.5579071044922,15.980400085449219,32.3307991027832
242.84230041503906,165.5240936279297,15.11340045928955,29.91629981994629
241.20199584960938,166.8070068359375,13.999899864196777,26.574199676513672
239.04010009765625,166.3000030517578,15.261899948120117,31.482999801635742
237.11019897460938,165.6903076171875,16.516599655151367,34.77560043334961
234.40060424804688,165.34730529785156,17.787099838256836,34.94449996948242
232.14520263671875,164.8751983642578,14.457500457763672,34.79819869995117
230.49310302734375,166.15980529785156,14.16919994354248,32.694698333740234
227.61880493164062,166.92840576171875,15.159899711608887,32.917999267578125
223.72340393066406,166.63819885253906,17.78420066833496,33.58729934692383
222.34080505371094,165.8092041015625,18.322099685668945,33.80070114135742
219.95989990234375,164.3647003173828,18.922000885009766,36.496700286865234
218.81629943847656,164.50160217285156,18.07229995727539,35.661598205566406
215.82749938964844,164.43870544433594,17.496299743652344,35.53450012207031
213.4539031982422,166.45799255371094,16.898500442504883,32.08539962768555
212.35279846191406,167.25770568847656,15.418800354003906,32.492698669433594
211.33169555664062,169.10470581054688,14.100099563598633,31.17020034790039
209.2812042236328,168.8199005126953,13.738499641418457,31.010099411010742
207.44459533691406,169.8260955810547,13.100299835205078,28.2898006439209
204.30599975585938,169.24960327148438,14.77340030670166,28.410499572753906
201.72610473632812,169.13389587402344,15.831899642944336,29.194700241088867
199.75619506835938,170.31080627441406,16.60300064086914,27.481800079345703
198.73170471191406,170.34649658203125,14.572699546813965,26.838499069213867
195.72210693359375,170.4824981689453,14.578499794006348,28.248699188232422
194.00489807128906,169.51409912109375,14.210700035095215,29.408100128173828
191.96200561523438,168.74949645996094,14.414299964904785,29.649999618530273
189.9940948486328,167.9691925048828,15.482500076293945,31.805400848388672
188.46249389648438,167.1811981201172,15.457099914550781,32.489898681640625
187.1593017578125,168.13499450683594,15.850899696350098,31.31329917907715
185.8520050048828,168.29200744628906,15.813899993896484,31.18320083618164
183.3291015625,169.06190490722656,16.814899444580078,31.08810043334961
181.36520385742188,169.8303985595703,16.03849983215332,29.674299240112305
180.10459899902344,169.2397003173828,15.540300369262695,30.7322998046875
178.6042938232422,169.4248046875,15.751899719238281,29.561399459838867
177.74200439453125,168.4875030517578,14.35260009765625,30.779300689697266
176.1967010498047,168.98460388183594,14.948200225830078,29.137800216674805
173.99510192871094,168.08140563964844,17.561899185180664,29.901599884033203
171.0637969970703,169.1300048828125,20.412399291992188,29.48259925842285
170.16650390625,168.27749633789062,20.515899658203125,30.20800018310547
169.66470336914062,169.42959594726562,19.560800552368164,29.210800170898438
168.81820678710938,170.76010131835938,18.193899154663086,27.6289005279541
169.3795928955078,168.047607421875,14.409799575805664,30.65220069885254
169.6082000732422,167.923095703125,13.339599609375,30.425600051879883
170.2050018310547,166.7834014892578,12.73859977722168,32.783599853515625
169.6667938232422,168.49049377441406,12.60319995880127,30.348400115966797
168.82899475097656,168.34170532226562,12.70009994506836,30.85580062866211
167.13580322265625,168.88519287109375,14.277099609375,30.449199676513672
166.24609375,169.80909729003906,15.092900276184082,28.947799682617188
165.01260375976562,169.43190002441406,15.74779987335205,29.760799407958984
165.2917022705078,169.39100646972656,15.537500381469727,29.457599639892578
165.1475067138672,169.14300537109375,15.195599555969238,29.53689956665039
163.3511962890625,169.17449951171875,18.2283992767334,29.690900802612305
163.44020080566406,169.19009399414062,18.367399215698242,29.546100616455078
162.87600708007812,168.9490966796875,17.56529998779297,29.387399673461914
163.4512939453125,168.99850463867188,16.781299591064453,29.78660011291504
163.072998046875,168.91090393066406,17.143400192260742,30.12540054321289
163.5863037109375,168.41209411621094,17.25819969177246,29.798599243164062
163.22579956054688,169.0959014892578,18.242700576782227,30.045900344848633
162.9250030517578,168.27029418945312,18.607500076293945,29.924100875854492
163.78770446777344,168.2799072265625,17.927000045776367,30.405399322509766
164.99209594726562,168.88540649414062,16.309999465942383,29.555999755859375
165.36399841308594,168.0841064453125,15.818300247192383,30.718700408935547
165.41220092773438,167.9116973876953,15.833600044250488,31.537200927734375
165.61000061035156,167.47979736328125,17.273700714111328,31.75029945373535
166.0572967529297,167.7928009033203,16.53459930419922,31.830900192260742
166.26739501953125,169.1779022216797,15.928000450134277,30.349899291992188
166.35369873046875,169.48899841308594,17.553600311279297,30.092899322509766
166.65460205078125,169.01220703125,17.040700912475586,29.97410011291504
166.81370544433594,168.2989959716797,16.783100128173828,31.803300857543945
166.8592071533203,168.46449279785156,16.909099578857422,30.47800064086914
167.0771942138672,168.110595703125,16.759199142456055,30.548999786376953
166.7471923828125,168.2194061279297,17.120399475097656,30.828899383544922
166.60450744628906,168.07400512695312,16.320899963378906,31.324800491333008
166.689697265625,168.6627960205078,16.163400650024414,29.859899520874023
166.02239990234375,167.5655975341797,16.97559928894043,31.665000915527344
166.3719024658203,167.84170532226562,16.57430076599121,31.47319984436035
166.77749633789062,167.27439880371094,16.549299240112305,32.29690170288086
166.88800048828125,167.977294921875,16.135499954223633,31.924100875854492
166.87159729003906,168.59449768066406,15.616100311279297,30.590900421142578
166.5655059814453,168.57330322265625,16.511999130249023,30.467300415039062
166.54769897460938,168.7772979736328,16.867900848388672,29.867399215698242
166.5113983154297,168.60330200195312,16.800800323486328,29.73579978942871
166.79150390625,168.25010681152344,15.897700309753418,30.51810073852539
166.93890380859375,167.7281036376953,15.481100082397461,31.05340003967285
166.99630737304688,168.02279663085938,15.793999671936035,30.837900161743164
167.03219604492188,168.44459533691406,15.659600257873535,30.78019905090332
166.95730590820312,169.07449340820312,16.570100784301758,29.084299087524414
167.53160095214844,170.03250122070312,15.464900016784668,28.940900802612305
167.3125,170.51260375976562,16.014699935913086,28.252399444580078
167.49620056152344,171.37049865722656,15.196100234985352,27.684499740600586
167.11380004882812,171.42930603027344,15.42300033569336,27.95439910888672
168.65829467773438,172.27130126953125,14.546899795532227,26.718299865722656
170.01840209960938,171.79580688476562,14.782299995422363,27.145700454711914
170.96200561523438,172.74310302734375,14.212499618530273,26.087400436401367
171.94309997558594,172.3936004638672,13.49489974975586,25.965999603271484
172.96200561523438,171.83889770507812,13.399299621582031,26.30340003967285
174.20199584960938,171.4821014404297,13.937000274658203,26.758800506591797
175.14869689941406,171.78729248046875,15.97760009765625,26.21339988708496
177.19720458984375,171.41749572753906,14.992400169372559,27.21780014038086
179.08349609375,172.09010314941406,12.939599990844727,26.5393009185791
180.19349670410156,172.19400024414062,15.969799995422363,26.481199264526367
180.53819274902344,172.1667938232422,17.282400131225586,27.29789924621582
180.7241973876953,172.44590759277344,19.697099685668945,26.592199325561523
182.57369995117188,171.80589294433594,18.74850082397461,27.35110092163086
184.1427001953125,170.90870666503906,16.605499267578125,28.808399200439453
186.82359313964844,169.99850463867188,15.17300033569336,28.350500106811523
189.4342041015625,169.41360473632812,14.403200149536133,29.377700805664062
191.78359985351562,169.96710205078125,13.276399612426758,29.242700576782227
193.69639587402344,170.06480407714844,12.836099624633789,29.38920021057129
195.97430419921875,170.33299255371094,12.362000465393066,27.540000915527344
198.12890625,169.1833038330078,12.663100242614746,28.991199493408203
199.7165069580078,169.218505859375,13.438300132751465,28.710800170898438
202.12669372558594,168.60169982910156,14.555299758911133,29.343299865722656
204.2760009765625,169.364501953125,15.317099571228027,29.245800018310547
205.60389709472656,169.1309051513672,16.138999938964844,29.739900588989258
206.62860107421875,168.7626953125,17.212900161743164,30.18269920349121
208.1864013671875,168.2156982421875,18.05120086669922,30.927600860595703
210.02389526367188,168.21339416503906,16.359699249267578,29.57900047302246
212.46749877929688,168.18299865722656,14.752599716186523,29.559499740600586
214.31759643554688,168.64649963378906,15.490699768066406,29.353300094604492
217.43209838867188,167.2574005126953,14.309599876403809,32.349098205566406
221.0727996826172,166.51589965820312,13.339099884033203,32.71649932861328
224.22540283203125,165.2812042236328,12.946700096130371,34.745601654052734
225.9344024658203,164.77639770507812,13.399100303649902,35.230098724365234
229.11090087890625,165.0395050048828,13.395400047302246,32.893001556396484
231.4364013671875,165.91180419921875,15.123499870300293,32.3916015625
232.851806640625,165.85240173339844,16.622800827026367,32.4114990234375
235.59060668945312,167.0030059814453,16.868799209594727,32.988399505615234
237.96229553222656,166.52040100097656,15.597100257873535,34.152801513671875
239.8292999267578,166.4080047607422,16.628000259399414,33.08169937133789
242.47079467773438,166.1959991455078,16.996400833129883,33.506500244140625
245.82640075683594,167.78619384765625,13.475099563598633,30.4689998626709
248.67889404296875,167.8571014404297,13.192700386047363,30.08970069885254
252.43499755859375,168.0688934326172,13.057299613952637,30.47130012512207
255.5386962890625,167.66220092773438,13.223099708557129,31.996200561523438
256.6177978515625,165.9720001220703,16.086599349975586,34.30609893798828
258.4501953125,165.42630004882812,18.61829948425293,34.73440170288086
261.9862976074219,165.076904296875,16.780099868774414,35.1702995300293
264.960205078125,164.7722930908203,15.834799766540527,35.60710144042969
268.035888671875,165.24679565429688,15.475899696350098,33.06269836425781
272.12078857421875,165.0635986328125,14.614899635314941,33.64939880371094
273.37188720703125,164.79710388183594,16.09149932861328,32.617000579833984
274.9779052734375,164.20970153808594,17.476499557495117,34.88999938964844
279.20941162109375,163.881103515625,16.720500946044922,36.081600189208984
282.7174072265625,164.2032928466797,15.848899841308594,33.570701599121094
288.4549865722656,166.0399932861328,16.501699447631836,32.07339859008789
289.84930419921875,166.82330322265625,18.87070083618164,33.23740005493164
293.3743896484375,166.11639404296875,15.359100341796875,34.819400787353516
298.1824951171875,167.25379943847656,14.063899993896484,33.201698303222656
300.1423034667969,166.93649291992188,14.73449993133545,34.045799255371094
303.53961181640625,165.1042938232422,15.500499725341797,35.926700592041016
307.8835144042969,163.62649536132812,18.975299835205078,37.677799224853516
311.3393859863281,163.0487060546875,16.3218994140625,38.34989929199219
314.2190856933594,165.45069885253906,15.820699691772461,36.541500091552734
318.1268005371094,167.18910217285156,13.168700218200684,34.719200134277344
321.9396057128906,166.07009887695312,12.60770034790039,34.10139846801758
322.4602966308594,165.110107421875,14.19279956817627,31.217199325561523
328.6618957519531,166.72470092773438,15.912099838256836,31.572099685668945
331.6062927246094,166.17340087890625,16.975799560546875,34.72420120239258
335.3185119628906,167.83639526367188,20.072500228881836,33.79199981689453
337.7179870605469,168.9842071533203,16.830400466918945,32.213600158691406
340.0906066894531,168.03720092773438,14.03439998626709,33.3213005065918
343.5559997558594,168.5814971923828,11.937899589538574,32.4193000793457
347.0201110839844,167.6094970703125,14.873000144958496,31.851999282836914
344.7002868652344,167.19749450683594,19.239200592041016,32.13800048828125
349.6158142089844,168.17750549316406,20.514999389648438,29.401500701904297
352.1802062988281,168.35049438476562,20.0093994140625,27.37529945373535
353.0513916015625,168.34210205078125,19.296499252319336,29.952999114990234
355.12030029296875,168.43069458007812,24.168699264526367,29.70989990234375
356.5044860839844,168.00770568847656,23.568300247192383,32.0817985534668
356.4707946777344,167.49429321289062,24.28219985961914,32.658599853515625
357.18609619140625,168.22000122070312,23.726900100708008,32.12910079956055
360.15948486328125,167.8289031982422,22.470500946044922,32.433101654052734
361.1225891113281,168.8365936279297,24.503400802612305,32.71030044555664
363.00531005859375,168.75259399414062,23.900999069213867,32.51559829711914
364.5119934082031,170.3563995361328,22.325000762939453,31.25550079345703
365.73309326171875,169.17210388183594,20.571699142456055,31.88949966430664
366.4316101074219,168.38070678710938,19.13800048828125,31.881999969482422
369.1687927246094,168.46139526367188,15.768600463867188,31.476299285888672
371.0509033203125,167.5240020751953,13.695699691772461,33.21839904785156
371.07830810546875,167.3271026611328,14.419099807739258,32.72880172729492
370.722412109375,167.62570190429688,15.472700119018555,32.659698486328125
368.8500061035156,167.28880310058594,18.452800750732422,31.899200439453125
369.1518859863281,167.62660217285156,17.149799346923828,32.94919967651367
367.2005920410156,165.88890075683594,18.766599655151367,34.05580139160156
371.0769958496094,165.94509887695312,14.111100196838379,32.75189971923828
370.2095031738281,165.1822052001953,13.905799865722656,34.79389953613281
