1
294.9258117675781,53.78519821166992,30.921199798583984,103.98269653320312
292.40679931640625,53.59159851074219,34.13529968261719,96.95829772949219
291.9931945800781,53.8223991394043,35.227298736572266,97.96730041503906
294.1335144042969,56.5458984375,33.84640121459961,104.44290161132812
293.6875915527344,56.77119827270508,36.07429885864258,105.59200286865234
294.8456115722656,57.78730010986328,36.0900993347168,104.4271011352539
294.9341125488281,56.05419921875,33.53879928588867,104.2886962890625
296.1129150390625,55.57640075683594,31.477800369262695,94.34110260009766
295.58319091796875,55.903499603271484,33.26359939575195,97.56620025634766
294.82110595703125,55.641700744628906,34.91239929199219,102.46700286865234
294.2909851074219,56.51789855957031,34.91809844970703,105.69110107421875
294.1180114746094,58.04240036010742,34.467899322509766,106.40789794921875
295.0137939453125,56.7056999206543,34.18870162963867,105.28500366210938
294.6607971191406,55.802799224853516,34.73529815673828,101.13790130615234
294.8656921386719,55.59709930419922,33.55659866333008,101.63749694824219
293.25421142578125,57.65060043334961,37.24530029296875,108.57039642333984
296.347900390625,57.8754997253418,35.23649978637695,109.22489929199219
296.705810546875,58.32460021972656,35.69969940185547,106.197998046875
297.80499267578125,58.04890060424805,35.0806999206543,106.19779968261719
297.0093994140625,55.643001556396484,34.36940002441406,99.13040161132812
297.3113098144531,55.84270095825195,32.44499969482422,101.06549835205078
300.343505859375,57.0453987121582,27.4822998046875,103.98040008544922
297.57818603515625,58.56520080566406,31.926799774169922,107.31079864501953
296.73748779296875,58.52579879760742,35.32040023803711,106.84559631347656
296.5813903808594,55.525699615478516,35.15890121459961,109.74720001220703
297.6173095703125,55.16170120239258,32.35419845581055,101.97869873046875
298.8306884765625,55.83470153808594,32.02629852294922,96.2656021118164
302.5845031738281,57.49720001220703,27.02519989013672,83.96820068359375
300.64739990234375,67.99019622802734,26.315900802612305,75.24099731445312
300.059814453125,70.80149841308594,27.570899963378906,79.82039642333984
301.38751220703125,65.95249938964844,26.86079978942871,87.27330017089844
301.0152893066406,59.642601013183594,29.358699798583984,96.97650146484375
302.1268005371094,57.257301330566406,28.49049949645996,104.89939880371094
300.1864013671875,58.81019973754883,33.170501708984375,110.74600219726562
301.9923095703125,59.585201263427734,29.57939910888672,109.67389678955078
300.5863037109375,57.7307014465332,31.569299697875977,113.00559997558594
301.8465881347656,57.76580047607422,33.64030075073242,112.2217025756836
301.3236083984375,57.57389831542969,32.854000091552734,105.39810180664062
298.7524108886719,56.997501373291016,43.52560043334961,98.95809936523438
301.8066101074219,58.278499603271484,33.447200775146484,88.3666000366211
301.46258544921875,60.906700134277344,40.469200134277344,86.67060089111328
302.4960021972656,60.307498931884766,34.38869857788086,90.72769927978516
302.3121032714844,60.93159866333008,34.685298919677734,93.2698974609375
302.743408203125,57.835201263427734,37.20479965209961,107.32849884033203
301.85870361328125,56.94449996948242,42.225399017333984,113.5083999633789
302.23779296875,55.17490005493164,42.07360076904297,119.71399688720703
303.7951965332031,57.79010009765625,40.82929992675781,120.51129913330078
300.93231201171875,58.0359992980957,44.13370132446289,117.68280029296875
300.2001953125,56.04290008544922,41.4640998840332,118.71219635009766
299.8359069824219,55.25979995727539,41.72779846191406,108.66329956054688
300.71429443359375,55.4297981262207,40.5806999206543,96.13610076904297
301.60589599609375,58.527198791503906,40.32789993286133,92.23380279541016
300.6700134277344,60.514400482177734,45.352500915527344,91.12920379638672
302.1465148925781,60.608299255371094,44.15190124511719,96.91919708251953
301.4718017578125,62.02510070800781,45.21730041503906,99.77690124511719
302.4652099609375,58.86989974975586,37.764801025390625,110.97100067138672
300.318603515625,56.81269836425781,41.06480026245117,117.45089721679688
300.1697998046875,55.19380187988281,44.11130142211914,124.21299743652344
298.0609130859375,57.97639846801758,48.00199890136719,127.45680236816406
294.2767028808594,57.573699951171875,52.02330017089844,126.65280151367188
295.57550048828125,57.73099899291992,51.261199951171875,130.4552001953125
297.6741027832031,53.93000030517578,47.12670135498047,125.24320220947266
301.3905944824219,56.36980056762695,46.79410171508789,124.10299682617188
300.38909912109375,59.64590072631836,50.18920135498047,140.70680236816406
298.6763000488281,57.8734016418457,49.81650161743164,124.7843017578125
300.3446044921875,58.00019836425781,43.59619903564453,107.75250244140625
299.4523010253906,60.4208984375,45.98429870605469,107.7437973022461
300.41448974609375,57.96649932861328,45.137298583984375,120.40480041503906
300.2090148925781,56.827598571777344,41.81589889526367,123.13839721679688
298.74560546875,56.397701263427734,46.91299819946289,127.37460327148438
298.0242004394531,60.81930160522461,51.264198303222656,144.16070556640625
298.3055114746094,56.85940170288086,53.82939910888672,148.90530395507812
300.3440856933594,48.987998962402344,52.53710174560547,159.72329711914062
298.6712951660156,54.23659896850586,49.10419845581055,154.1970977783203
301.3004150390625,34.924198150634766,50.63779830932617,169.75469970703125
299.9410095214844,49.848201751708984,48.36069869995117,155.6522979736328
302.8630065917969,41.01599884033203,48.545101165771484,166.7288055419922
298.87921142578125,57.86410140991211,51.00600051879883,149.2198944091797
297.93109130859375,47.330501556396484,49.86330032348633,154.07769775390625
299.49749755859375,55.786800384521484,51.457801818847656,148.38909912109375
298.38958740234375,54.11479949951172,52.5890007019043,150.9272003173828
301.2135009765625,58.458900451660156,48.8291015625,140.8856964111328
299.8453063964844,57.674400329589844,50.537498474121094,146.14930725097656
297.6227111816406,56.92399978637695,54.419498443603516,147.8394012451172
296.7023010253906,52.50559997558594,54.72309875488281,154.67869567871094
295.3113098144531,53.391700744628906,54.62710189819336,153.55149841308594
298.6322021484375,54.459999084472656,52.85219955444336,151.91160583496094
298.7536926269531,59.25669860839844,47.17250061035156,149.6302032470703
295.56610107421875,45.16059875488281,53.93450164794922,153.98219299316406
295.2453918457031,56.9463005065918,55.23609924316406,150.985107421875
294.3164978027344,57.63999938964844,55.787498474121094,146.581298828125
293.9507141113281,58.668701171875,50.63859939575195,141.0207977294922
292.5408935546875,57.18510055541992,51.0890998840332,144.76150512695312
292.12298583984375,59.80110168457031,52.100399017333984,144.78269958496094
295.1012878417969,59.997798919677734,51.231201171875,146.35569763183594
294.718505859375,60.34260177612305,52.75579833984375,143.41180419921875
290.67510986328125,59.752201080322266,58.13840103149414,148.648193359375
290.98760986328125,55.63479995727539,56.63019943237305,149.74420166015625
292.1784973144531,57.942298889160156,55.12710189819336,148.2606964111328
291.8102111816406,57.70389938354492,55.71009826660156,146.79840087890625
291.06689453125,64.60479736328125,55.88169860839844,143.0885009765625
289.7221984863281,60.53770065307617,52.63610076904297,143.30270385742188
290.0574035644531,59.98109817504883,45.79520034790039,130.71189880371094
288.606689453125,58.5619010925293,46.229400634765625,131.90980529785156
286.784912109375,58.26919937133789,46.82339859008789,133.86279296875
286.9643859863281,57.96770095825195,47.7765007019043,144.76260375976562
283.01708984375,59.20940017700195,50.20479965209961,140.29469299316406
281.052001953125,59.44609832763672,55.83679962158203,139.71209716796875
278.5108947753906,59.522499084472656,53.96289825439453,134.8459014892578
277.25079345703125,57.16740036010742,53.84370040893555,132.07400512695312
279.3772888183594,58.63890075683594,49.89469909667969,132.95260620117188
278.564697265625,59.858001708984375,50.81909942626953,122.60530090332031
276.9932861328125,62.6265983581543,55.1786994934082,132.92909240722656
274.7025146484375,63.6775016784668,59.77080154418945,141.1501007080078
275.164794921875,62.850399017333984,55.92250061035156,139.26089477539062
273.9743957519531,59.10810089111328,50.203800201416016,131.3134002685547
268.2474060058594,63.231300354003906,57.81480026245117,134.6428985595703
268.3453063964844,63.78459930419922,57.39889907836914,143.81480407714844
266.8182067871094,65.62329864501953,59.218299865722656,140.74729919433594
267.3551025390625,66.27239990234375,59.00450134277344,138.33949279785156
268.5014953613281,63.66849899291992,58.05970001220703,137.1042938232422
269.7085876464844,57.767601013183594,57.01919937133789,140.48300170898438
268.4735107421875,59.699100494384766,58.40380096435547,142.889404296875
264.34039306640625,62.322200775146484,62.27399826049805,145.7866973876953
265.3164978027344,63.747398376464844,61.525901794433594,142.1282958984375
265.068603515625,64.435302734375,63.182899475097656,140.06919860839844
266.8439025878906,58.8385009765625,54.71310043334961,144.7113037109375
264.2627868652344,54.268798828125,58.14939880371094,142.69459533691406
263.61761474609375,57.17100143432617,55.08089828491211,137.96449279785156
261.877685546875,56.04669952392578,59.38119888305664,145.4134063720703
251.9897003173828,55.88600158691406,71.16110229492188,157.60560607910156
263.0452880859375,59.308998107910156,62.089698791503906,152.15640258789062
255.50030517578125,61.91059875488281,70.17400360107422,148.32899475097656
257.8002014160156,60.1161994934082,65.58270263671875,146.79010009765625
257.8826904296875,59.890499114990234,62.585899353027344,141.0092010498047
260.48541259765625,62.78960037231445,56.707298278808594,144.618896484375
259.2770080566406,67.68920135498047,58.16529846191406,145.68380737304688
257.1769104003906,64.03720092773438,61.21659851074219,147.9228973388672
257.8728942871094,58.77870178222656,57.17720031738281,152.51719665527344
258.03271484375,52.655601501464844,55.38719940185547,154.68899536132812
254.7738037109375,51.089500427246094,59.994300842285156,153.07229614257812
248.91839599609375,56.457298278808594,68.0927963256836,148.1024932861328
237.7230987548828,57.336299896240234,84.44409942626953,154.5164031982422
241.8488006591797,54.731201171875,85.6969985961914,159.97540283203125
247.7667999267578,54.18130111694336,77.3582992553711,157.6002960205078
250.45140075683594,53.83449935913086,69.37809753417969,160.3197021484375
250.4185028076172,52.59469985961914,66.96479797363281,149.28140258789062
253.46969604492188,52.770999908447266,62.009300231933594,148.3125
253.43310546875,55.360599517822266,61.0010986328125,158.81179809570312
251.29820251464844,58.6338005065918,65.11170196533203,159.02369689941406
251.74789428710938,62.6885986328125,64.62950134277344,153.92539978027344
254.35760498046875,54.61470031738281,61.40439987182617,159.99859619140625
252.9445037841797,48.92919921875,64.46309661865234,158.34559631347656
251.53329467773438,52.19810104370117,66.26219940185547,153.4835968017578
250.07229614257812,54.569698333740234,65.99919891357422,165.21640014648438
249.72970581054688,58.339500427246094,69.62300109863281,163.49110412597656
248.2677001953125,54.652400970458984,72.68250274658203,171.27389526367188
255.47109985351562,52.724700927734375,65.69259643554688,162.1298065185547
254.79200744628906,51.657100677490234,66.38909912109375,155.59300231933594
254.60389709472656,54.04949951171875,66.63040161132812,153.2384033203125
258.5918884277344,58.16360092163086,63.46820068359375,155.54409790039062
258.49371337890625,54.649600982666016,62.766998291015625,169.5489959716797
257.2735900878906,62.273799896240234,64.08419799804688,162.1407928466797
258.7784118652344,56.406700134277344,63.177799224853516,168.43499755859375
259.6994934082031,50.28710174560547,64.6344985961914,165.52890014648438
261.908203125,54.03089904785156,62.55160140991211,159.23330688476562
256.8562927246094,54.28820037841797,69.02639770507812,164.54010009765625
258.1559143066406,54.5452995300293,67.81770324707031,173.5019989013672
256.9027099609375,56.5807991027832,71.9583969116211,175.11270141601562
255.8647003173828,53.29059982299805,76.31700134277344,171.44729614257812
260.15570068359375,53.73720169067383,72.0552978515625,167.62989807128906
264.1283874511719,53.4989013671875,67.63929748535156,161.4969940185547
264.16461181640625,53.63750076293945,69.82140350341797,168.39059448242188
264.9637145996094,55.17499923706055,69.07270050048828,176.81820678710938
266.7572021484375,57.9651985168457,68.556396484375,176.5655975341797
268.7589111328125,56.087398529052734,67.15969848632812,176.80099487304688
269.4837951660156,52.348899841308594,67.30460357666016,176.9499969482422
267.0036926269531,50.14509963989258,71.8739013671875,164.6488037109375
265.8086853027344,51.54280090332031,71.77870178222656,177.26890563964844
267.1568908691406,55.212100982666016,72.25420379638672,182.45370483398438
272.705810546875,59.118499755859375,68.01000213623047,174.0218048095703
270.9855041503906,56.948299407958984,72.87930297851562,181.1063995361328
273.5675964355469,47.85210037231445,69.79399871826172,184.1051025390625
276.0929870605469,46.64630126953125,66.41639709472656,177.2624053955078
274.2846984863281,52.63010025024414,73.21520233154297,175.4971923828125
280.03228759765625,55.034698486328125,67.18699645996094,185.3011016845703
280.9903869628906,53.01570129394531,67.20500183105469,181.72579956054688
280.1155090332031,57.84000015258789,71.68470001220703,182.1844024658203
281.9872131347656,50.880001068115234,70.61160278320312,181.76780700683594
281.3893127441406,50.68009948730469,65.99970245361328,181.9429931640625
280.364501953125,48.27199935913086,72.9385986328125,173.71839904785156
284.6778869628906,50.168701171875,66.19390106201172,164.52450561523438
286.56500244140625,53.70880126953125,67.65180206298828,155.69189453125
287.5823974609375,55.27040100097656,71.206298828125,155.31089782714844
284.8861083984375,55.69269943237305,74.49359893798828,173.9075927734375
289.03021240234375,48.84469985961914,65.56189727783203,179.57969665527344
286.815185546875,44.34939956665039,70.63330078125,184.710205078125
286.4916076660156,47.704898834228516,70.14019775390625,191.85440063476562
288.4591064453125,46.03689956665039,72.43049621582031,181.9311065673828
291.1900939941406,52.136600494384766,70.90440368652344,185.5048065185547
291.6899108886719,53.903900146484375,72.79920196533203,173.55580139160156
291.6852111816406,51.932701110839844,70.04550170898438,183.7032012939453
289.72021484375,45.65650177001953,71.70690155029297,189.8166046142578
289.79901123046875,47.276798248291016,72.40480041503906,188.18170166015625
290.4346008300781,46.896400451660156,72.32669830322266,169.12820434570312
291.4820861816406,50.186500549316406,69.73899841308594,164.39230346679688
290.6825866699219,53.694698333740234,73.36139678955078,187.4311065673828
291.77288818359375,46.0276985168457,71.918701171875,189.8385009765625
285.35400390625,48.505699157714844,77.29630279541016,181.25579833984375
286.1402893066406,45.59000015258789,74.2645034790039,194.74349975585938
286.33929443359375,37.46870040893555,75.40409851074219,201.5677032470703
290.647705078125,43.25199890136719,70.25579833984375,188.00230407714844
286.4984130859375,50.83399963378906,77.92990112304688,185.252197265625
285.0971984863281,51.45790100097656,78.2656021118164,181.12989807128906
281.9278869628906,48.214900970458984,76.5282974243164,188.04330444335938
275.6289978027344,45.292198181152344,85.58480072021484,193.57069396972656
279.18280029296875,43.28990173339844,80.4260025024414,185.65060424804688
280.8114013671875,44.109798431396484,80.78720092773438,182.9573974609375
281.8916931152344,47.73789978027344,81.19920349121094,171.0865936279297
283.6807861328125,48.98210144042969,83.65029907226562,187.96859741210938
280.1455078125,52.902801513671875,87.07250213623047,184.36399841308594
281.7242126464844,45.721099853515625,83.68309783935547,194.2863006591797
282.59429931640625,39.04719924926758,79.26000213623047,201.36659240722656
286.46978759765625,43.1255989074707,77.64409637451172,181.80360412597656
286.2821044921875,48.87200164794922,80.48660278320312,173.32769775390625
280.6816101074219,51.45930099487305,87.77189636230469,184.22360229492188
286.1517028808594,47.394500732421875,78.78610229492188,190.45669555664062
285.0794982910156,41.782798767089844,78.39839935302734,196.28759765625
282.1689147949219,36.65729904174805,83.69120025634766,196.335693359375
282.662109375,37.95389938354492,82.58300018310547,192.0352020263672
282.4627990722656,38.402099609375,82.33920288085938,189.381103515625
283.4486999511719,42.78879928588867,85.61759948730469,184.97039794921875
282.79278564453125,44.83760070800781,90.48400115966797,191.0198974609375
279.54278564453125,43.557899475097656,95.32740020751953,198.70950317382812
282.89739990234375,43.42940139770508,92.04409790039062,198.1405029296875
287.9126892089844,42.56340026855469,85.75399780273438,199.08810424804688
287.9419860839844,42.073299407958984,88.75779724121094,188.3450927734375
283.7059020996094,45.95280075073242,93.44029998779297,187.13409423828125
282.58050537109375,47.01369857788086,97.10870361328125,190.43130493164062
286.89788818359375,46.331600189208984,90.73269653320312,196.177001953125
281.12091064453125,42.42219924926758,95.93609619140625,199.72669982910156
285.2550048828125,39.23809814453125,96.56939697265625,201.2386016845703
284.6741027832031,37.191200256347656,90.777099609375,192.1531982421875
284.5213928222656,36.73979949951172,95.13459777832031,197.00230407714844
282.6846008300781,44.79249954223633,99.16719818115234,191.160400390625
281.3140869140625,48.46630096435547,100.8998031616211,190.23289489746094
278.4202880859375,44.677799224853516,106.0271987915039,193.6566925048828
283.368408203125,36.639801025390625,103.99819946289062,200.01210021972656
282.4476013183594,35.187801361083984,107.185302734375,208.056396484375
296.1527099609375,38.608699798583984,90.21209716796875,195.0135955810547
294.39019775390625,40.51319885253906,92.86029815673828,198.8385009765625
293.3153991699219,46.75400161743164,92.69840240478516,190.12339782714844
288.5185852050781,44.63410186767578,97.77529907226562,197.34530639648438
292.3688049316406,39.363800048828125,98.81220245361328,206.0540008544922
298.26190185546875,35.39540100097656,90.05740356445312,203.03269958496094
298.3077087402344,40.984901428222656,94.48690032958984,198.86549377441406
292.318603515625,38.56869888305664,100.28569793701172,206.3572998046875
295.0530090332031,39.567100524902344,104.92610168457031,200.86129760742188
297.702392578125,44.05739974975586,106.16290283203125,193.4541015625
301.2532958984375,40.247398376464844,104.2864990234375,202.23300170898438
301.55560302734375,36.79240036010742,108.16329956054688,207.6540069580078
304.25390625,35.644100189208984,105.47820281982422,209.60499572753906
301.6138000488281,50.60820007324219,116.15409851074219,191.2032928466797
300.0835876464844,51.699100494384766,115.42939758300781,194.33349609375
300.1286926269531,47.788299560546875,110.6989974975586,197.18800354003906
296.7041931152344,58.23109817504883,114.78810119628906,181.1887969970703
291.9859924316406,50.3577995300293,117.7428970336914,189.80270385742188
295.3153076171875,40.881900787353516,113.08709716796875,201.089599609375
295.1824951171875,45.73780059814453,117.0438003540039,196.18389892578125
294.0736999511719,45.07229995727539,116.83889770507812,195.66650390625
290.7886047363281,43.81330108642578,123.8488998413086,197.4499053955078
289.82159423828125,46.93389892578125,128.11239624023438,197.71279907226562
294.09539794921875,36.819801330566406,117.10749816894531,206.62399291992188
290.202392578125,38.43069839477539,120.68599700927734,200.92410278320312
288.35089111328125,34.40570068359375,116.88510131835938,207.9468994140625
282.647705078125,29.18079948425293,119.18090057373047,219.80690002441406
280.2090148925781,42.04520034790039,119.39240264892578,203.4333038330078
275.24798583984375,50.12049865722656,119.56690216064453,186.9456024169922
279.7547912597656,40.75469970703125,115.55290222167969,198.36990356445312
273.2019958496094,45.39139938354492,121.71710205078125,195.54849243164062
275.7449035644531,37.9650993347168,119.79109954833984,202.4127960205078
278.46051025390625,34.81460189819336,114.2063980102539,203.460205078125
278.4244079589844,41.345699310302734,114.24569702148438,197.9102020263672
278.7026062011719,44.727699279785156,113.75959777832031,191.9528045654297
279.0943908691406,45.69380187988281,124.63590240478516,192.01690673828125
281.0137023925781,41.06529998779297,124.72039794921875,197.28379821777344
285.6521911621094,31.912799835205078,115.98259735107422,213.4739990234375
282.6839904785156,28.121000289916992,123.89350128173828,222.92489624023438
283.5509033203125,26.339599609375,122.03299713134766,215.77940368652344
281.0541076660156,30.869199752807617,126.68329620361328,201.54190063476562
275.5910949707031,35.78110122680664,133.67520141601562,203.39979553222656
276.1195983886719,37.5713005065918,122.29509735107422,201.89759826660156
280.56878662109375,35.53089904785156,125.34259796142578,206.81900024414062
280.8398132324219,24.941999435424805,121.1156005859375,216.69290161132812
283.7054138183594,23.388500213623047,119.95069885253906,219.08900451660156
280.0473937988281,23.116600036621094,121.83319854736328,212.31239318847656
274.87579345703125,34.57160186767578,140.12840270996094,211.07009887695312
273.9573059082031,39.12879943847656,154.66290283203125,200.39590454101562
271.7970886230469,46.65370178222656,159.5200958251953,191.93499755859375
271.6888122558594,36.62820053100586,144.14979553222656,203.38890075683594
275.99261474609375,32.23740005493164,136.7716064453125,204.1029052734375
273.60540771484375,22.591899871826172,135.60780334472656,213.15420532226562
270.1802062988281,26.481800079345703,146.4691925048828,208.831298828125
262.9562072753906,35.32529830932617,147.81809997558594,208.64100646972656
268.455810546875,36.536800384521484,133.34170532226562,207.4665069580078
261.9974060058594,34.14580154418945,145.28700256347656,199.48719787597656
260.2544860839844,32.382598876953125,138.13119506835938,208.55589294433594
260.3550109863281,21.086599349975586,132.65029907226562,214.5074005126953
258.5805969238281,25.95009994506836,136.88470458984375,212.51950073242188
264.8045959472656,32.009300231933594,133.7187042236328,206.87109375
252.7769012451172,39.28929901123047,158.10400390625,198.99620056152344
254.16400146484375,41.14179992675781,166.3321990966797,199.5930938720703
255.1562042236328,31.256799697875977,166.68260192871094,202.2895965576172
252.94850158691406,26.454999923706055,163.3292999267578,213.3009033203125
241.04469299316406,35.1431999206543,185.6945037841797,205.91490173339844
248.38720703125,28.04050064086914,179.89239501953125,211.5948028564453
225.37130737304688,33.84590148925781,212.21780395507812,203.8135986328125
215.00900268554688,50.40549850463867,215.76109313964844,184.4001007080078
202.20159912109375,56.06340026855469,206.7418975830078,184.5196990966797
200.0908966064453,62.13740158081055,190.68899536132812,182.43679809570312
195.79600524902344,57.270301818847656,157.27810668945312,182.5637969970703
200.5312957763672,53.35210037231445,127.19100189208984,182.53050231933594
195.61929321289062,56.24440002441406,121.58300018310547,183.95359802246094
196.98779296875,60.08259963989258,111.0022964477539,175.79519653320312
197.02279663085938,65.93309783935547,98.72239685058594,170.66510009765625
204.59019470214844,61.34339904785156,70.6812973022461,171.6363983154297
214.89309692382812,60.31039810180664,79.99169921875,175.92160034179688
233.0841064453125,62.13249969482422,98.14959716796875,182.8159942626953
246.23719787597656,69.20490264892578,115.2155990600586,171.7989959716797
254.022705078125,72.3927001953125,137.7425994873047,173.2993927001953
263.0613098144531,83.78369903564453,131.5034942626953,157.7803955078125
272.5216064453125,85.53309631347656,102.40979766845703,160.4949951171875
270.72088623046875,84.59359741210938,90.64749908447266,155.70509338378906
263.1449890136719,85.26029968261719,97.220703125,154.1663055419922
266.0320129394531,94.89089965820312,91.1051025390625,148.3914031982422
261.33221435546875,90.08039855957031,88.41380310058594,149.07760620117188
257.9479064941406,94.08999633789062,91.52989959716797,146.22900390625
255.9268035888672,101.34359741210938,102.34420013427734,138.8820037841797
253.6439971923828,102.52490234375,112.4281005859375,138.7498016357422
254.60150146484375,104.78910064697266,121.39540100097656,137.7895050048828
252.76519775390625,98.1355972290039,107.44049835205078,145.58160400390625
266.193115234375,108.47799682617188,91.8478012084961,132.476806640625
268.6158142089844,103.05709838867188,86.55809783935547,136.28619384765625
276.9855041503906,105.127197265625,76.55020141601562,133.4071044921875
279.85760498046875,105.5009994506836,79.0427017211914,136.7523956298828
279.28460693359375,103.8938980102539,83.33439636230469,135.3881072998047
284.0784912109375,103.49320220947266,86.87969970703125,134.99229431152344
289.6617126464844,108.40119934082031,89.83329772949219,133.84300231933594
296.0234069824219,104.6415023803711,81.32830047607422,136.09739685058594
307.2409973144531,117.48059844970703,66.20539855957031,121.09040069580078
309.9223937988281,117.20659637451172,63.57619857788086,110.18789672851562
312.89990234375,117.15769958496094,61.58919906616211,114.95670318603516
313.2164001464844,115.36139678955078,70.04119873046875,124.25900268554688
308.3882141113281,109.26689910888672,79.06279754638672,130.0377960205078
312.6033020019531,108.22959899902344,71.53179931640625,128.74099731445312
318.7974853515625,112.2583999633789,58.10110092163086,119.28450012207031
322.80731201171875,119.1270980834961,52.2338981628418,111.92140197753906
319.0729064941406,118.41510009765625,54.17020034790039,119.24759674072266
312.6028137207031,121.09110260009766,66.02469635009766,118.6937026977539
305.8117980957031,125.46240234375,78.80370330810547,112.02970123291016
305.04638671875,128.80560302734375,72.82649993896484,109.24430084228516
307.2934875488281,127.8729019165039,60.747398376464844,103.03099822998047
307.8865051269531,129.69070434570312,48.669898986816406,103.5656967163086
306.6282043457031,129.9315948486328,41.415401458740234,96.68190002441406
297.6408996582031,126.3988037109375,44.79090118408203,101.34639739990234
290.79278564453125,123.00700378417969,54.34130096435547,113.17369842529297
287.20269775390625,122.7676010131836,49.994300842285156,111.57759857177734
285.3414001464844,124.106201171875,49.80120086669922,114.69920349121094
281.1499938964844,127.9989013671875,48.451499938964844,108.49210357666016
281.93548583984375,129.7823028564453,43.79169845581055,103.06539916992188
285.31988525390625,131.87330627441406,41.40039825439453,109.93419647216797
277.1095886230469,132.65789794921875,53.27130126953125,105.6802978515625
275.5509948730469,136.70030212402344,59.1963005065918,102.947998046875
277.6351013183594,137.82139587402344,55.47760009765625,96.3313980102539
279.1567077636719,139.94509887695312,44.52539825439453,95.88719940185547
280.03131103515625,140.73890686035156,40.300899505615234,98.5261001586914
284.3680114746094,141.48399353027344,34.50979995727539,89.95950317382812
285.1376037597656,144.81129455566406,33.65399932861328,88.53299713134766
285.939697265625,142.81520080566406,34.57509994506836,93.36530303955078
285.0223083496094,145.82269287109375,38.296199798583984,88.24040222167969
285.1536865234375,146.95970153808594,43.15719985961914,90.71320343017578
289.26971435546875,147.19239807128906,32.95029830932617,90.98979949951172
292.19879150390625,149.2445068359375,31.39189910888672,89.3115005493164
294.2148132324219,153.99920654296875,30.752599716186523,87.5906982421875
296.25390625,155.73330688476562,31.030399322509766,86.78250122070312
299.1310119628906,154.66400146484375,31.30739974975586,86.17980194091797
298.5921936035156,157.01280212402344,35.30649948120117,80.88249969482422
301.7760925292969,159.2852020263672,34.87379837036133,77.34739685058594
301.24920654296875,159.77749633789062,36.48320007324219,77.78050231933594
302.6614990234375,161.36390686035156,32.568599700927734,77.5719985961914
307.9324035644531,162.98550415039062,25.704099655151367,75.97720336914062
307.3988952636719,164.77810668945312,25.752099990844727,76.37999725341797
308.8125,164.94309997558594,26.171600341796875,71.22049713134766
307.381103515625,164.76170349121094,26.697799682617188,71.63919830322266
305.44329833984375,166.14190673828125,29.025999069213867,70.59320068359375
303.9751892089844,167.93519592285156,26.483600616455078,69.72350311279297
305.6022033691406,170.1208038330078,21.917800903320312,68.13580322265625
304.8883972167969,170.7021026611328,21.216299057006836,68.06279754638672
303.0071105957031,170.45790100097656,21.33300018310547,67.88059997558594
301.3280944824219,169.64210510253906,21.803300857543945,66.26190185546875
299.3183898925781,170.59930419921875,22.61989974975586,62.24610137939453
298.59490966796875,170.0449981689453,20.908599853515625,63.79389953613281
296.7663879394531,170.03160095214844,19.274200439453125,62.88639831542969
295.8523864746094,172.2677001953125,18.96660041809082,60.07040023803711
293.8117980957031,173.7602996826172,21.83289909362793,57.15800094604492
293.6995849609375,172.06500244140625,22.390399932861328,57.5265007019043
292.1560974121094,175.20849609375,24.597400665283203,53.41809844970703
294.59619140625,173.41929626464844,21.222900390625,53.17399978637695
295.4071044921875,170.34750366210938,20.255399703979492,54.15330123901367
296.65570068359375,169.0229034423828,21.593799591064453,54.99729919433594
296.07958984375,170.41270446777344,22.268999099731445,51.565399169921875
297.4967956542969,169.0944061279297,21.464599609375,51.12580108642578
297.6754150390625,168.8845977783203,19.392900466918945,50.82929992675781
299.5415954589844,169.28970336914062,16.403499603271484,49.26850128173828
299.0143127441406,172.5052947998047,17.30699920654297,46.595001220703125
298.9834899902344,172.18719482421875,17.9867000579834,46.5968017578125
298.0168151855469,170.8852996826172,17.959199905395508,45.295501708984375
297.073486328125,172.57760620117188,19.301700592041016,42.04859924316406
297.022705078125,171.7342987060547,17.582799911499023,41.92649841308594
297.6171875,171.0388946533203,18.148799896240234,42.298500061035156
295.19061279296875,169.597900390625,21.77589988708496,42.20349884033203
295.8017883300781,168.13299560546875,21.460899353027344,41.27069854736328
296.8346862792969,166.8126983642578,21.668699264526367,40.15850067138672
295.5231018066406,167.31809997558594,23.201900482177734,41.4838981628418
294.5492858886719,167.50979614257812,23.834400177001953,39.38359832763672
294.9560852050781,166.89239501953125,21.65250015258789,38.2156982421875
295.39129638671875,167.0594024658203,19.696199417114258,32.7859001159668
295.4375,167.1748046875,17.61840057373047,30.138099670410156
294.0382080078125,166.92520141601562,17.52359962463379,31.843599319458008
293.2247009277344,166.779296875,17.58489990234375,33.05009841918945
291.6986999511719,167.68380737304688,16.663400650024414,32.13330078125
289.8370056152344,166.83740234375,16.448299407958984,32.72529983520508
289.0191955566406,167.63890075683594,16.081199645996094,31.586200714111328
286.6217956542969,167.57879638671875,16.506099700927734,31.40690040588379
286.0505065917969,167.29640197753906,14.612299919128418,32.479698181152344
284.14190673828125,165.66470336914062,15.04010009765625,34.707801818847656
282.03070068359375,166.08799743652344,15.676199913024902,34.99530029296875
280.223388671875,164.87010192871094,16.953899383544922,35.111900329589844
277.9975891113281,163.63290405273438,18.419700622558594,37.35860061645508
276.7420959472656,162.67129516601562,17.126800537109375,36.72529983520508
274.0802001953125,162.83070373535156,17.752099990844727,37.02109909057617
273.3100891113281,163.17550659179688,17.273399353027344,36.667701721191406
271.09381103515625,163.48519897460938,16.271099090576172,36.900299072265625
270.3819885253906,164.77239990234375,14.398200035095215,36.10409927368164
268.46600341796875,164.4770050048828,13.973899841308594,36.28459930419922
266.5043029785156,165.1551055908203,12.716099739074707,33.70399856567383
263.6724853515625,165.23890686035156,15.631199836730957,34.600799560546875
261.4071044921875,164.14959716796875,16.200899124145508,35.72740173339844
259.1943054199219,165.3408966064453,15.793800354003906,35.510799407958984
257.2319030761719,165.9113006591797,16.766599655151367,36.24679946899414
255.83299255371094,166.21270751953125,16.88279914855957,36.54290008544922
252.71780395507812,166.3262939453125,19.63909912109375,36.71770095825195
250.9597930908203,167.73060607910156,20.621400833129883,32.62630081176758
248.86659240722656,165.20179748535156,20.1427001953125,35.33089828491211
246.88160705566406,164.9123992919922,20.728900909423828,36.72669982910156
244.7122039794922,164.94529724121094,20.85449981689453,36.87300109863281
244.0316925048828,166.14120483398438,16.502599716186523,32.19179916381836
243.327392578125,166.6938934326172,13.795999526977539,29.685800552368164
241.11109924316406,166.556396484375,14.178099632263184,30.008899688720703
239.1313934326172,166.6678009033203,13.570799827575684,31.626100540161133
237.4593963623047,165.9676055908203,15.368800163269043,34.45500183105469
234.49330139160156,165.67739868164062,18.63290023803711,35.05609893798828
231.5323944091797,166.39390563964844,19.831300735473633,33.429298400878906
229.42100524902344,166.96270751953125,18.933300018310547,33.0161018371582
226.63360595703125,167.2156982421875,16.985000610351562,32.571800231933594
224.16409301757812,167.20260620117188,17.478900909423828,33.23569869995117
222.4091033935547,166.27420043945312,18.764400482177734,33.488800048828125
219.7510986328125,164.9561004638672,18.953699111938477,35.807899475097656
218.27220153808594,164.92990112304688,18.608400344848633,36.294700622558594
215.48489379882812,164.31790161132812,18.23859977722168,35.57099914550781
213.1269989013672,165.96249389648438,17.689599990844727,33.96310043334961
212.62330627441406,167.36520385742188,14.499699592590332,32.94070053100586
210.56410217285156,169.3795928955078,14.530500411987305,30.770200729370117
208.38510131835938,169.29049682617188,14.26710033416748,30.35650062561035
205.37899780273438,169.2779998779297,14.777400016784668,29.268299102783203
203.1013946533203,169.73159790039062,16.356800079345703,28.726999282836914
200.65330505371094,169.65150451660156,17.329700469970703,28.694900512695312
199.08949279785156,170.6894073486328,16.600099563598633,28.202600479125977
197.90370178222656,170.57009887695312,15.45419979095459,26.754100799560547
195.4196014404297,171.08389282226562,14.804900169372559,27.141399383544922
193.58810424804688,169.85020446777344,14.078399658203125,29.205900192260742
190.59410095214844,168.29949951171875,15.749500274658203,32.26959991455078
189.2642059326172,168.73460388183594,16.167400360107422,30.92530059814453
187.76620483398438,167.75509643554688,16.133800506591797,32.12519836425781
185.09829711914062,168.12759399414062,18.394699096679688,31.73240089416504
185.00680541992188,168.3939971923828,16.376399993896484,31.708999633789062
182.0491943359375,169.94090270996094,17.763500213623047,30.320499420166016
181.52630615234375,169.72909545898438,15.043800354003906,30.151399612426758
179.4915008544922,169.36180114746094,14.905799865722656,30.762100219726562
178.23609924316406,168.30870056152344,15.394800186157227,31.09869956970215
176.64529418945312,169.09640502929688,15.035499572753906,30.065399169921875
175.972900390625,168.28370666503906,14.829400062561035,29.986499786376953
173.04409790039062,169.3654022216797,17.071800231933594,28.885499954223633
171.36599731445312,169.5261993408203,18.96780014038086,29.2987003326416
171.0063934326172,169.1553955078125,19.055500030517578,29.207199096679688
168.8524932861328,170.31260681152344,18.843299865722656,28.00860023498535
169.27740478515625,171.3804931640625,15.905500411987305,27.370500564575195
168.86819458007812,168.87930297851562,13.997400283813477,30.124500274658203
168.9550018310547,168.55740356445312,13.375699996948242,30.221900939941406
169.7279052734375,168.3686065673828,12.439000129699707,31.240999221801758
169.2050018310547,169.60450744628906,12.446900367736816,29.180099487304688
168.35809326171875,168.8946075439453,12.58329963684082,30.575700759887695
166.49220275878906,169.82139587402344,13.825499534606934,30.053499221801758
165.7324981689453,169.74229431152344,14.867500305175781,29.94409942626953
164.4044952392578,169.58290100097656,16.729900360107422,29.95560073852539
164.00540161132812,169.2445068359375,16.369400024414062,30.100299835205078
163.14669799804688,170.18800354003906,17.649799346923828,29.5669002532959
161.28990173339844,168.30880737304688,20.188199996948242,30.922000885009766
161.3166046142578,169.03640747070312,19.687999725341797,30.204700469970703
161.56329345703125,169.20379638671875,19.500699996948242,30.359600067138672
162.69329833984375,169.1999969482422,17.176599502563477,30.277999877929688
162.39450073242188,168.86920166015625,18.447900772094727,30.38319969177246
161.9718017578125,167.7467041015625,18.639999389648438,31.074899673461914
160.88099670410156,168.6282958984375,20.356000900268555,30.945100784301758
162.96090698242188,167.53500366210938,17.207500457763672,30.69499969482422
163.28900146484375,169.16200256347656,18.49530029296875,30.015199661254883
163.82789611816406,168.8325958251953,17.778400421142578,30.17460060119629
164.8697967529297,168.8383026123047,15.455900192260742,29.817399978637695
164.5751953125,168.81700134277344,16.188800811767578,30.87470054626465
165.33079528808594,168.4362030029297,15.169099807739258,30.819299697875977
165.35679626464844,168.3173065185547,15.940199851989746,31.161800384521484
165.75140380859375,169.193603515625,14.483699798583984,30.924800872802734
166.00889587402344,168.91529846191406,15.167099952697754,30.2455997467041
165.92759704589844,169.64419555664062,16.03510093688965,30.984600067138672
166.24949645996094,168.06809997558594,14.675999641418457,31.858699798583984
166.30409240722656,168.0550994873047,15.427900314331055,32.191898345947266
165.94349670410156,168.23159790039062,15.474800109863281,31.581300735473633
165.7761993408203,168.0518035888672,15.525199890136719,32.14059829711914
165.7642059326172,167.99630737304688,16.69219970703125,32.30699920654297
165.2418975830078,168.4582977294922,17.6033992767334,31.37660026550293
165.45599365234375,169.0791015625,17.263700485229492,30.083999633789062
166.09429931640625,168.2666015625,15.759900093078613,31.161300659179688
165.76699829101562,168.8813934326172,16.718000411987305,31.49650001525879
165.86480712890625,168.38099670410156,15.687000274658203,31.844600677490234
166.09429931640625,168.58580017089844,15.426300048828125,31.3882999420166
165.91470336914062,169.02520751953125,16.2947998046875,30.390100479125977
165.6822052001953,169.14930725097656,16.335599899291992,30.041799545288086
165.42979431152344,169.00270080566406,16.237699508666992,30.273500442504883
166.1342010498047,169.00860595703125,15.411600112915039,29.80579948425293
166.42880249023438,168.44349670410156,16.481599807739258,30.56450080871582
165.99879455566406,168.45730590820312,17.094900131225586,30.666500091552734
165.84719848632812,168.54150390625,16.563400268554688,30.045900344848633
165.54840087890625,169.00369262695312,17.11440086364746,29.944900512695312
165.02340698242188,170.28720092773438,17.60099983215332,28.853900909423828
165.18409729003906,170.81520080566406,17.479700088500977,29.607099533081055
164.45880126953125,170.6739959716797,18.403799057006836,28.257299423217773
165.1999969482422,171.10260009765625,16.600799560546875,28.619699478149414
166.96409606933594,172.04139709472656,15.345399856567383,28.13319969177246
168.11309814453125,172.589599609375,15.923999786376953,27.150400161743164
170.16180419921875,172.95289611816406,14.209400177001953,26.022199630737305
170.9134063720703,172.66830444335938,13.792200088500977,26.073400497436523
171.58810424804688,171.87939453125,14.141200065612793,26.90250015258789
172.90699768066406,172.1123046875,14.54539966583252,26.93199920654297
173.972900390625,171.19020080566406,16.199199676513672,27.771299362182617
174.7292938232422,171.95620727539062,15.548100471496582,27.372699737548828
177.64309692382812,172.42160034179688,14.149399757385254,26.49959945678711
179.92320251464844,171.89230346679688,15.860199928283691,28.222700119018555
180.57040405273438,172.70770263671875,17.33919906616211,26.881900787353516
180.92860412597656,172.36129760742188,18.5310001373291,26.917400360107422
181.8708038330078,172.28579711914062,18.23390007019043,27.440900802612305
182.16929626464844,171.29690551757812,18.281400680541992,27.729999542236328
184.3406982421875,169.68780517578125,17.917999267578125,29.562599182128906
187.64149475097656,169.31809997558594,15.60890007019043,30.342599868774414
189.22250366210938,169.5966033935547,15.68910026550293,31.062299728393555
192.36070251464844,170.12240600585938,14.037199974060059,30.760700225830078
195.91619873046875,169.96910095214844,11.698800086975098,29.24220085144043
196.50750732421875,169.88510131835938,13.400799751281738,29.230100631713867
196.26820373535156,168.9615936279297,15.859600067138672,31.53580093383789
201.2967987060547,168.28939819335938,14.267399787902832,30.002300262451172
203.79539489746094,169.65469360351562,14.528499603271484,28.709699630737305
205.61000061035156,169.41180419921875,15.526800155639648,30.123600006103516
206.15390014648438,169.2653045654297,17.46179962158203,30.1653995513916
207.6999053955078,168.20680236816406,17.864299774169922,32.476898193359375
208.96600341796875,168.18890380859375,17.228599548339844,30.056499481201172
211.42979431152344,168.81419372558594,15.360600471496582,29.23579978942871
213.7928009033203,168.4405975341797,14.381799697875977,29.67449951171875
216.66650390625,167.43739318847656,14.88659954071045,32.394798278808594
220.389892578125,165.88259887695312,14.095800399780273,34.182098388671875
222.97889709472656,165.69650268554688,14.196800231933594,34.78219985961914
224.50010681152344,165.24209594726562,15.077300071716309,34.301700592041016
229.31979370117188,165.45660400390625,12.715700149536133,31.429000854492188
231.13699340820312,166.13079833984375,14.531700134277344,32.623600006103516
232.59620666503906,166.68629455566406,17.786500930786133,31.804399490356445
234.62730407714844,167.8217010498047,17.489299774169922,32.368099212646484
236.5124969482422,167.14700317382812,17.039199829101562,33.6442985534668
238.94810485839844,166.5531005859375,17.292299270629883,33.34189987182617
240.99600219726562,167.09979248046875,18.712200164794922,32.87670135498047
244.39230346679688,167.7122039794922,15.837400436401367,30.6825008392334
247.78939819335938,167.8863067626953,13.804300308227539,30.034099578857422
251.8594970703125,168.02879333496094,12.852499961853027,30.48710060119629
254.4759063720703,167.908203125,13.03320026397705,32.01539993286133
257.9664001464844,166.68150329589844,13.833100318908691,34.25019836425781
258.51190185546875,166.1439971923828,17.21109962463379,34.16600036621094
261.6650085449219,164.9250030517578,15.896499633789062,35.41960144042969
264.2974853515625,165.33279418945312,15.038100242614746,33.72169876098633
266.93829345703125,165.08099365234375,15.826000213623047,34.90480041503906
271.3157043457031,165.33749389648438,15.314399719238281,34.96289825439453
272.94268798828125,165.11920166015625,16.004199981689453,33.55970001220703
274.5472106933594,164.875,17.328800201416016,33.964900970458984
277.75201416015625,164.55859375,16.977800369262695,34.15850067138672
283.61419677734375,164.67919921875,16.640499114990234,35.000099182128906
286.9910888671875,165.9521026611328,17.097700119018555,31.742000579833984
290.0775146484375,166.41749572753906,15.206700325012207,33.950401306152344
294.40838623046875,167.34890747070312,12.52910041809082,33.429298400878906
298.0857849121094,162.66700744628906,12.866399765014648,37.677398681640625
297.82489013671875,162.56410217285156,16.583599090576172,39.03799819946289
302.7159118652344,163.1201934814453,14.669400215148926,38.189998626708984
308.8205871582031,163.46609497070312,16.685199737548828,38.30939865112305
310.6897888183594,166.85299682617188,16.36050033569336,34.93730163574219
313.6221008300781,166.00059509277344,14.502799987792969,35.5885009765625
319.70721435546875,167.12539672851562,9.99429988861084,34.34320068359375
321.706298828125,166.59959411621094,12.08530044555664,31.842199325561523
326.3302917480469,165.86749267578125,14.7947998046875,29.618499755859375
328.12890625,167.43040466308594,15.483200073242188,29.75279998779297
330.6242980957031,166.66909790039062,17.010400772094727,33.154598236083984
334.0360107421875,167.94920349121094,20.046100616455078,33.74359893798828
334.4656982421875,168.71839904785156,20.23240089416504,32.252201080322266
340.48370361328125,168.14120483398438,14.3774995803833,32.9635009765625
342.3266906738281,168.677001953125,19.015600204467773,31.548099517822266
344.36248779296875,168.53990173339844,22.052000045776367,30.881900787353516
343.78399658203125,167.5269012451172,26.340999603271484,32.77360153198242
345.5801086425781,168.33709716796875,33.632301330566406,32.78919982910156
347.298095703125,168.36880493164062,33.8661003112793,31.699100494384766
347.6029052734375,168.68589782714844,32.90480041503906,31.208799362182617
350.3507080078125,168.00929260253906,30.158899307250977,31.5575008392334
354.0509033203125,168.5574951171875,26.03350067138672,30.8346004486084
357.08099365234375,168.29539489746094,22.78230094909668,32.542598724365234
357.44439697265625,167.6804962158203,22.961299896240234,32.734100341796875
357.6224060058594,167.6967010498047,26.017900466918945,32.9989013671875
358.5669860839844,169.4488983154297,26.57309913635254,33.43339920043945
359.37939453125,169.29800415039062,26.530099868774414,31.847200393676758
358.24090576171875,169.658203125,27.799400329589844,31.928199768066406
359.1250915527344,168.02549743652344,26.554800033569336,33.05929946899414
361.410400390625,167.76870727539062,24.0757999420166,32.090599060058594
362.3565979003906,167.18569946289062,22.001300811767578,34.3120002746582
364.5690002441406,167.22390747070312,20.618099212646484,33.70280075073242
362.08709716796875,168.06370544433594,23.598499298095703,33.58890151977539
360.5116882324219,168.22740173339844,26.407899856567383,31.672700881958008
360.0289001464844,168.6304931640625,27.243099212646484,32.36520004272461
357.90008544921875,167.0438995361328,29.518699645996094,31.609800338745117
361.04681396484375,167.68319702148438,25.395000457763672,32.160499572753906
362.122802734375,166.07269287109375,23.341899871826172,34.17770004272461
360.12908935546875,165.89700317382812,24.11590003967285,33.93080139160156
