1
614.0501708984375,118.4136962890625,72.93250274658203,68.32679748535156
623.4439086914062,120.3511962890625,73.09839630126953,76.39219665527344
641.4846801757812,121.13400268554688,59.24330139160156,87.43209838867188
668.2232055664062,123.77469635009766,53.65449905395508,83.76730346679688
687.5217895507812,131.1396026611328,56.267601013183594,83.52999877929688
701.9547729492188,136.0,64.37069702148438,74.11299896240234
717.8267822265625,140.67300415039062,52.11000061035156,66.30699920654297
714.2493286132812,138.60960388183594,63.909400939941406,69.89730072021484
716.3634033203125,133.6304931640625,71.43930053710938,77.03479766845703
726.627685546875,132.92730712890625,69.95189666748047,71.7396011352539
729.917724609375,133.00070190429688,69.18730163574219,73.46309661865234
730.140625,135.1719970703125,66.09770202636719,74.24359893798828
729.2155151367188,131.64190673828125,68.64610290527344,71.68569946289062
725.4613037109375,126.17960357666016,64.66110229492188,76.29959869384766
726.3933715820312,125.20929718017578,62.13970184326172,79.72160339355469
727.5670776367188,127.12310028076172,67.97339630126953,79.53410339355469
736.4777221679688,133.74969482421875,67.08100128173828,68.71209716796875
743.8170776367188,140.5001983642578,56.89780044555664,61.31829833984375
737.4130249023438,142.0679931640625,51.03739929199219,52.83330154418945
723.798828125,142.702392578125,60.532501220703125,51.63999938964844
717.38623046875,135.75210571289062,66.95079803466797,59.05870056152344
712.2442016601562,125.44660186767578,60.33430099487305,70.26730346679688
699.252197265625,127.43180084228516,52.52989959716797,65.53150177001953
685.6331176757812,123.76950073242188,46.80759811401367,64.45429992675781
666.7326049804688,124.73709869384766,52.732601165771484,57.70589828491211
655.67919921875,123.86640167236328,63.92539978027344,49.91350173950195
649.5534057617188,121.39749908447266,63.38669967651367,59.80929946899414
634.080078125,118.614501953125,67.86129760742188,68.2770004272461
623.6038818359375,116.41069793701172,59.65890121459961,67.65499877929688
630.2293090820312,113.25309753417969,51.375999450683594,73.93779754638672
636.2578735351562,111.71119689941406,46.63779830932617,75.67610168457031
639.7055053710938,112.34609985351562,44.5609016418457,74.11029815673828
642.4016723632812,115.80259704589844,45.4031982421875,71.14089965820312
644.47900390625,120.12319946289062,44.2140998840332,67.01529693603516
646.593505859375,122.0082015991211,43.387001037597656,70.40519714355469
642.3511962890625,121.4551010131836,43.96440124511719,67.53089904785156
633.8831787109375,118.1353988647461,47.819400787353516,64.2396011352539
622.1536254882812,116.66259765625,53.66239929199219,68.52880096435547
616.2255859375,114.2344970703125,56.62670135498047,73.231201171875
615.8482055664062,113.26599884033203,54.017799377441406,71.5530014038086
619.9766235351562,109.03949737548828,49.87630081176758,74.94210052490234
615.4376220703125,110.64730072021484,43.90250015258789,71.25969696044922
605.9779052734375,109.88919830322266,41.867698669433594,71.08059692382812
594.018310546875,109.73780059814453,41.13100051879883,63.083499908447266
586.78662109375,112.2947998046875,34.02170181274414,57.99810028076172
574.1707763671875,113.33499908447266,34.424198150634766,56.380401611328125
554.7572021484375,115.45719909667969,41.936798095703125,60.670501708984375
535.0194702148438,112.72200012207031,49.930999755859375,61.11830139160156
520.69677734375,114.82389831542969,53.47129821777344,58.877899169921875
510.5289001464844,115.92469787597656,50.79290008544922,56.449501037597656
501.052490234375,115.0447998046875,54.00619888305664,56.72719955444336
494.6683044433594,115.54350280761719,63.612701416015625,54.39699935913086
488.4361877441406,112.94819641113281,68.0374984741211,56.170101165771484
490.0783996582031,113.45369720458984,63.486900329589844,56.11439895629883
496.13079833984375,114.6636962890625,51.39250183105469,59.22159957885742
501.0712890625,117.3678970336914,49.26380157470703,65.58879852294922
517.8701782226562,122.2249984741211,41.98379898071289,62.4463005065918
526.917724609375,129.52459716796875,40.10850143432617,59.532100677490234
534.7730712890625,139.76669311523438,39.68880081176758,53.98189926147461
538.9464111328125,145.8450927734375,41.49480056762695,49.30799865722656
543.83837890625,149.43670654296875,40.97269821166992,46.15520095825195
541.609619140625,146.01199340820312,49.23529815673828,50.47100067138672
536.9035034179688,142.00990295410156,54.51240158081055,53.407100677490234
539.1715698242188,137.51280212402344,57.01020050048828,59.27199935913086
546.8779296875,133.87359619140625,51.55670166015625,62.54520034790039
547.3983154296875,133.49380493164062,50.062400817871094,60.927101135253906
543.3469848632812,133.9730987548828,53.30580139160156,62.44850158691406
538.9276123046875,136.2884063720703,56.466400146484375,60.3583984375
537.7020263671875,138.21690368652344,47.07929992675781,50.40190124511719
539.2711791992188,139.99899291992188,40.34199905395508,47.46099853515625
533.0855712890625,139.36489868164062,46.74319839477539,43.955299377441406
526.0076293945312,136.36720275878906,57.63180160522461,48.74140167236328
530.0695190429688,133.80569458007812,60.94449996948242,48.8046989440918
534.7183227539062,134.3614044189453,60.46860122680664,52.88710021972656
538.161376953125,133.7834014892578,68.1697998046875,54.0609016418457
549.5902099609375,138.45950317382812,56.85240173339844,42.242801666259766
561.8463745117188,143.0612030029297,53.772701263427734,39.94860076904297
574.4188232421875,146.11019897460938,51.569698333740234,37.44620132446289
586.6038208007812,151.26539611816406,46.54389953613281,36.9474983215332
599.4086303710938,151.66290283203125,48.169700622558594,43.88019943237305
626.4628295898438,149.4821014404297,43.8390998840332,48.21419906616211
646.518798828125,148.2801055908203,41.018001556396484,46.80220031738281
657.5908203125,151.11959838867188,42.16490173339844,48.26259994506836
673.7415771484375,155.18099975585938,38.387901306152344,47.91419982910156
683.4014282226562,155.595703125,36.15769958496094,43.02519989013672
693.0593872070312,153.720703125,33.73929977416992,52.65850067138672
702.5023193359375,147.47689819335938,32.774600982666016,57.43389892578125
696.7108154296875,142.99029541015625,38.57149887084961,57.60490036010742
703.174072265625,139.6320037841797,40.52239990234375,60.47610092163086
711.37060546875,137.52479553222656,38.85660171508789,56.192298889160156
718.7097778320312,137.0222930908203,37.39899826049805,59.629798889160156
721.6511840820312,137.01100158691406,39.05870056152344,57.0629997253418
725.2593994140625,135.86270141601562,38.44860076904297,52.864498138427734
731.9534912109375,136.9281005859375,40.44850158691406,56.64250183105469
734.2642211914062,141.16409301757812,44.79240036010742,50.506900787353516
731.8933715820312,143.96749877929688,43.39070129394531,41.163299560546875
724.0433959960938,146.0594940185547,52.0791015625,38.98550033569336
704.881591796875,150.75379943847656,53.26029968261719,32.94929885864258
697.4066162109375,146.9918975830078,51.9286003112793,38.26679992675781
686.9791870117188,143.8621063232422,46.112998962402344,44.590599060058594
669.147216796875,148.47779846191406,38.39509963989258,41.738399505615234
653.9091796875,150.55520629882812,38.02370071411133,37.77579879760742
639.6635131835938,150.40109252929688,42.213199615478516,37.955101013183594
626.2921752929688,150.1457061767578,50.31700134277344,38.39780044555664
621.8370971679688,151.4470977783203,48.13639831542969,37.61690139770508
620.659912109375,153.74710083007812,40.018798828125,33.64659881591797
616.1873168945312,155.30349731445312,38.090999603271484,38.07830047607422
621.5889892578125,154.96249389648438,36.18119812011719,36.8114013671875
634.1149291992188,157.4510040283203,30.101299285888672,39.04679870605469
643.1876220703125,153.4600067138672,27.552799224853516,45.62409973144531
647.8499145507812,154.20150756835938,31.782100677490234,44.16230010986328
649.152587890625,154.9237060546875,32.942100524902344,43.20119857788086
652.5736083984375,158.06610107421875,30.003700256347656,39.14739990234375
655.78857421875,157.67239379882812,28.44420051574707,45.36790084838867
653.1978759765625,157.356201171875,28.297300338745117,45.9822998046875
651.7562255859375,155.70559692382812,28.885799407958984,42.025901794433594
649.7335815429688,153.43850708007812,27.95800018310547,45.700801849365234
640.2664794921875,153.15350341796875,35.20930099487305,43.8380012512207
637.2548217773438,152.652099609375,37.554298400878906,46.239898681640625
