1
399.0497131347656,90.35260009765625,84.59020233154297,31.3981990814209
395.2178039550781,91.19670104980469,87.4561996459961,32.115299224853516
389.93780517578125,95.46379852294922,91.60820007324219,27.144899368286133
386.4497985839844,98.00920104980469,93.24030303955078,24.322200775146484
375.660888671875,99.52449798583984,99.7782974243164,23.100500106811523
374.7279052734375,100.21980285644531,99.13909912109375,25.53700065612793
375.747314453125,101.98159790039062,94.6978988647461,24.774799346923828
375.1343078613281,103.22460174560547,92.34320068359375,25.60810089111328
377.4901123046875,103.10260009765625,83.13189697265625,28.11359977722168
377.9621887207031,104.28829956054688,82.5083999633789,28.433799743652344
375.8192138671875,104.82749938964844,81.84210205078125,31.332500457763672
371.5057067871094,107.57050323486328,82.38590240478516,29.7052001953125
370.6612854003906,108.72019958496094,79.80400085449219,31.43600082397461
369.6419982910156,110.3917007446289,74.86479949951172,30.471200942993164
370.75189208984375,111.80960083007812,71.19020080566406,28.909700393676758
368.5387878417969,113.5634994506836,72.52960205078125,27.61199951171875
370.1372985839844,115.44529724121094,66.7208023071289,27.415000915527344
367.9920959472656,116.79949951171875,68.6781005859375,27.796100616455078
366.965087890625,116.30049896240234,62.757301330566406,31.046499252319336
367.5802001953125,117.27619934082031,58.82170104980469,30.72279930114746
340.90008544921875,125.75800323486328,63.395198822021484,41.22169876098633
339.50390625,123.51380157470703,71.66089630126953,50.755401611328125
342.7153015136719,118.59130096435547,73.92849731445312,57.46979904174805
344.9067077636719,114.91059875488281,76.02880096435547,66.6176986694336
346.9612121582031,111.08529663085938,86.5624008178711,78.91310119628906
344.5857849121094,109.78820037841797,94.64409637451172,69.67449951171875
340.6151123046875,111.14669799804688,101.4447021484375,58.51319885253906
331.38519287109375,111.10780334472656,110.52549743652344,56.46929931640625
326.97198486328125,113.37519836425781,115.17320251464844,51.73820114135742
328.04400634765625,112.30709838867188,112.59089660644531,50.24020004272461
322.6747131347656,111.71790313720703,117.00520324707031,48.51369857788086
313.5199890136719,111.72750091552734,122.12689971923828,53.33409881591797
304.8229064941406,112.81300354003906,132.19590759277344,51.13570022583008
296.71240234375,109.53189849853516,141.80870056152344,58.914398193359375
303.32489013671875,118.72350311279297,139.9980010986328,52.81629943847656
357.9397888183594,90.14759826660156,126.61969757080078,61.94729995727539
367.8489074707031,80.81759643554688,106.55590057373047,67.79419708251953
377.06671142578125,72.00679779052734,87.90679931640625,77.61370086669922
391.1195983886719,63.26380157470703,79.52439880371094,85.06770324707031
407.4569091796875,66.67469787597656,60.03020095825195,76.66200256347656
414.5364990234375,62.2421989440918,55.403099060058594,72.42900085449219
420.3666076660156,64.25550079345703,49.557701110839844,65.36479949951172
422.99359130859375,59.6703987121582,52.73830032348633,66.01750183105469
425.4169006347656,58.04750061035156,55.24330139160156,63.71630096435547
430.2333984375,53.279701232910156,53.18339920043945,64.71389770507812
432.3591003417969,50.937801361083984,50.09260177612305,64.44129943847656
435.13238525390625,49.149898529052734,49.5536003112793,63.66189956665039
436.224609375,46.171199798583984,49.76070022583008,64.96810150146484
438.1347961425781,47.61040115356445,47.21689987182617,60.285099029541016
439.98779296875,47.06460189819336,46.995201110839844,59.652198791503906
442.4244079589844,45.73849868774414,49.11840057373047,58.8578987121582
446.0714111328125,44.53269958496094,45.792999267578125,57.3286018371582
450.2962951660156,40.12839889526367,46.95349884033203,60.45589828491211
455.3111877441406,41.463199615478516,43.21630096435547,57.24150085449219
459.0150146484375,40.58369827270508,44.78239822387695,58.4827995300293
463.74530029296875,42.168800354003906,40.81800079345703,51.66809844970703
469.30108642578125,37.42639923095703,39.847801208496094,55.279701232910156
473.781494140625,31.332199096679688,45.16270065307617,55.54130172729492
478.82220458984375,28.460399627685547,48.69580078125,57.96200180053711
486.42401123046875,22.931699752807617,48.520999908447266,64.1769027709961
491.15618896484375,19.31909942626953,47.077999114990234,71.2699966430664
494.9396057128906,19.19499969482422,50.40420150756836,72.75789642333984
494.85260009765625,19.85460090637207,59.11600112915039,73.10070037841797
494.89801025390625,20.914400100708008,66.1343002319336,72.79609680175781
493.9366149902344,21.895999908447266,79.92330169677734,67.31529998779297
492.79638671875,19.908700942993164,83.83209991455078,67.26679992675781
496.4422912597656,19.335399627685547,80.06340026855469,60.378299713134766
493.9403991699219,19.018699645996094,76.36940002441406,58.431400299072266
492.4242858886719,18.987499237060547,83.22480010986328,56.47079849243164
496.1094970703125,19.96780014038086,80.12310028076172,51.33259963989258
497.7903137207031,19.602500915527344,83.77519989013672,49.52259826660156
501.0867004394531,20.27910041809082,87.22820281982422,45.16630172729492
504.3053894042969,18.542200088500977,90.26709747314453,49.064300537109375
507.6896057128906,19.80299949645996,92.2698974609375,44.92720031738281
509.3861999511719,21.561800003051758,94.13690185546875,41.733001708984375
511.6249084472656,20.54509925842285,99.1719970703125,44.3916015625
514.5054931640625,19.727399826049805,98.3499984741211,49.111900329589844
517.6088256835938,18.928199768066406,99.95850372314453,50.06679916381836
519.9240112304688,19.43320083618164,101.31620025634766,42.35689926147461
520.2371826171875,17.912399291992188,101.98139953613281,44.76350021362305
523.3367919921875,16.599199295043945,99.44640350341797,42.0088005065918
525.4075927734375,17.071399688720703,96.84739685058594,39.72650146484375
528.89697265625,18.57830047607422,96.80059814453125,39.647098541259766
531.5800170898438,18.893800735473633,94.15059661865234,39.61140060424805
534.1876220703125,20.209699630737305,91.36840057373047,39.82320022583008
536.6458129882812,20.40130043029785,93.5905990600586,42.25379943847656
537.43408203125,20.678300857543945,94.17109680175781,41.48419952392578
543.5228271484375,20.352800369262695,90.45020294189453,40.160701751708984
547.4658203125,19.004899978637695,85.7844009399414,38.287200927734375
550.0922241210938,18.66069984436035,85.3927001953125,40.385101318359375
551.0126953125,18.586000442504883,85.62409973144531,40.237701416015625
556.5521240234375,17.646400451660156,79.931396484375,40.08679962158203
561.8941040039062,16.76180076599121,76.55999755859375,39.858001708984375
566.427978515625,15.758299827575684,70.88800048828125,40.126800537109375
568.5172729492188,13.39210033416748,71.21920013427734,43.67839813232422
572.1204223632812,14.567500114440918,66.42109680175781,39.510501861572266
575.436279296875,12.048800468444824,62.43299865722656,42.64680099487305
580.0899047851562,9.205100059509277,57.448299407958984,45.10820007324219
582.6414794921875,6.087399959564209,54.8577995300293,46.700801849365234
586.914794921875,2.8017001152038574,50.95320129394531,49.93159866333008
594.0966796875,3.0989999771118164,42.9650993347168,49.36790084838867
598.4984130859375,0.3465999960899353,39.65420150756836,49.73540115356445
600.860107421875,0.20080000162124634,38.31629943847656,45.47570037841797
603.60302734375,-0.16050000488758087,33.89649963378906,40.36579895019531
602.0360107421875,-0.10999999940395355,35.659000396728516,37.21979904174805
603.1641845703125,0.1949000060558319,35.48080062866211,34.94710159301758
603.9633178710938,0.824400007724762,34.76409912109375,33.041900634765625
604.00537109375,2.2012999057769775,35.83000183105469,32.19559860229492
606.389892578125,1.1447999477386475,34.02429962158203,31.96500015258789
605.6624145507812,2.0625,33.87580108642578,29.830400466918945
607.6607055664062,0.7368000149726868,32.167198181152344,29.598600387573242
609.5123291015625,0.14890000224113464,29.829099655151367,28.967199325561523
608.0233154296875,-0.17589999735355377,32.59880065917969,27.267900466918945
610.4221801757812,-0.2809999883174896,29.415599822998047,24.308500289916992
611.464111328125,-0.4749999940395355,28.65730094909668,22.759899139404297
612.2927856445312,-1.3522000312805176,27.770700454711914,22.4960994720459
615.243408203125,-0.6568999886512756,26.25160026550293,20.53230094909668
619.0374145507812,-0.011900000274181366,27.19930076599121,19.002500534057617
621.7620849609375,0.6916000247001648,22.628299713134766,16.806699752807617
625.6732788085938,0.551800012588501,19.277599334716797,17.768699645996094
624.4075927734375,0.7965999841690063,23.36669921875,15.265199661254883
616.6856079101562,-0.2526000142097473,25.035600662231445,13.238900184631348
602.5142211914062,0.15700000524520874,22.569000244140625,11.631400108337402
605.6593017578125,-0.24050000309944153,23.007299423217773,11.645099639892578
602.1948852539062,3.2945001125335693,26.28660011291504,12.71500015258789
606.5128173828125,0.042500000447034836,26.77440071105957,14.734399795532227
616.8892211914062,-1.6506999731063843,24.119699478149414,14.307999610900879
613.8704223632812,2.1723999977111816,24.401399612426758,15.938899993896484
619.4276733398438,0.8187000155448914,20.83810043334961,16.648000717163086
624.6497192382812,0.5752999782562256,17.224700927734375,17.041500091552734
625.2227172851562,1.1202000379562378,14.215700149536133,19.21820068359375
623.8286743164062,-1.6482000350952148,13.975099563598633,18.859699249267578
618.2745971679688,-0.7200000286102295,14.113900184631348,15.731300354003906
621.5687255859375,0.18359999358654022,15.585000038146973,15.121100425720215
622.3306884765625,0.7936000227928162,17.125,16.02790069580078
623.0421752929688,0.7160000205039978,16.19890022277832,18.540800094604492
621.0753173828125,0.5526999831199646,18.155899047851562,16.777099609375
618.218017578125,2.0427000522613525,18.509000778198242,15.263899803161621
615.397216796875,3.2723000049591064,22.617399215698242,16.171199798583984
613.3350830078125,1.7976000308990479,20.386499404907227,20.968299865722656
612.9243774414062,-0.12319999933242798,24.354400634765625,24.727500915527344
616.0361938476562,0.31040000915527344,22.858600616455078,27.208999633789062
619.11181640625,1.365399956703186,17.55660057067871,25.671300888061523
622.556884765625,1.155500054359436,15.625300407409668,26.159299850463867
624.9677124023438,1.6556999683380127,14.083499908447266,28.62779998779297
627.5234985351562,4.716700077056885,12.093799591064453,26.57979965209961
629.3745727539062,7.545199871063232,10.343500137329102,25.402299880981445
630.8051147460938,9.049400329589844,8.454000473022461,22.61709976196289
632.0977783203125,10.257599830627441,7.789599895477295,22.028900146484375
632.2747802734375,6.693399906158447,7.552599906921387,24.290700912475586
633.0283203125,5.543700218200684,6.160200119018555,25.674400329589844
633.5178833007812,7.481400012969971,5.0355000495910645,25.65760040283203
636.7155151367188,8.268699645996094,4.791800022125244,25.633800506591797
635.651123046875,8.593600273132324,5.2428998947143555,24.494699478149414
634.4168090820312,5.334700107574463,5.186200141906738,24.774200439453125
636.6409912109375,5.706699848175049,6.947700023651123,24.70680046081543
636.7993774414062,7.66949987411499,5.559800148010254,23.180299758911133
633.7672119140625,4.961299896240234,5.58519983291626,24.481399536132812
634.86572265625,4.092100143432617,4.739299774169922,25.483800888061523
630.1318969726562,-3.732800006866455,7.182700157165527,25.8533992767334
628.32373046875,-1.3626999855041504,9.557999610900879,23.827199935913086
621.3862915039062,-2.5020999908447266,11.95479965209961,21.46470069885254
624.1417236328125,-0.2732999920845032,12.933099746704102,20.086299896240234
627.8701171875,1.0018999576568604,11.92080020904541,19.19379997253418
629.0111083984375,-0.6462000012397766,10.758999824523926,18.502599716186523
628.6688842773438,-0.6779000163078308,10.927499771118164,16.47209930419922
621.5582885742188,0.1932000070810318,12.062199592590332,15.51729965209961
623.8679809570312,0.9732000231742859,13.362000465393066,16.28230094909668
625.9848022460938,2.716399908065796,11.883000373840332,18.111400604248047
627.51708984375,0.2037000060081482,10.352100372314453,16.57819938659668
630.2722778320312,0.38350000977516174,9.136500358581543,15.600899696350098
626.1072998046875,0.9186000227928162,9.580599784851074,16.843799591064453
628.072021484375,0.7878999710083008,10.792400360107422,18.963699340820312
629.8809814453125,-1.360700011253357,8.73289966583252,19.770599365234375
631.1162109375,0.16329999268054962,8.168600082397461,19.125600814819336
626.0751953125,-0.5953999757766724,10.425999641418457,18.333099365234375
624.30712890625,0.3154999911785126,12.179300308227539,17.993200302124023
621.94482421875,1.4408999681472778,15.633500099182129,17.02989959716797
622.5806884765625,3.218400001525879,15.232600212097168,16.409099578857422
624.4901733398438,2.8608999252319336,14.940600395202637,15.224900245666504
624.5836791992188,0.5260999798774719,13.435199737548828,17.685699462890625
622.6909790039062,0.6771000027656555,15.142499923706055,18.11359977722168
621.55712890625,1.1571999788284302,17.97439956665039,18.137800216674805
619.2363891601562,1.1687999963760376,19.630399703979492,17.766300201416016
616.9044799804688,1.3077000379562378,22.21139907836914,18.064800262451172
616.1939086914062,1.5836999416351318,23.440900802612305,18.299999237060547
617.1334838867188,1.531999945640564,22.57979965209961,18.978200912475586
614.5369262695312,2.8789000511169434,24.85059928894043,18.236600875854492
614.722900390625,2.649399995803833,24.51289939880371,18.240800857543945
616.1671142578125,2.9804999828338623,22.183900833129883,15.519200325012207
620.1124877929688,3.4804999828338623,19.422399520874023,13.88029956817627
619.2017211914062,4.349599838256836,20.211599349975586,12.710000038146973
618.0336303710938,3.0404000282287598,21.02440071105957,14.58080005645752
617.7786865234375,1.7633999586105347,21.454299926757812,14.396300315856934
622.5283203125,2.830699920654297,18.440099716186523,11.64109992980957
620.522216796875,1.0541000366210938,19.574600219726562,14.259300231933594
621.938720703125,0.3806000053882599,18.188600540161133,14.084600448608398
623.2916259765625,0.4706000089645386,16.92959976196289,12.442999839782715
627.3295288085938,0.8838000297546387,13.394700050354004,11.817999839782715
627.774169921875,0.2393999993801117,12.209799766540527,12.321100234985352
