1
358.7337951660156,203.6240997314453,67.75260162353516,74.59420013427734
356.1997985839844,189.38009643554688,67.6781005859375,87.44390106201172
351.2687072753906,186.19740295410156,73.8936996459961,92.01280212402344
356.2748107910156,187.906005859375,68.38269805908203,89.23500061035156
355.214599609375,189.96730041503906,74.6332015991211,85.40760040283203
358.54278564453125,190.58360290527344,68.20349884033203,88.15190124511719
364.2152099609375,194.57980346679688,67.35579681396484,81.88079833984375
366.6025085449219,194.08900451660156,65.86119842529297,81.49030303955078
373.1518859863281,196.0238037109375,55.08420181274414,81.92510223388672
373.7817077636719,198.55870056152344,53.60689926147461,77.3051986694336
376.3504943847656,194.84759521484375,49.85049819946289,84.42559814453125
379.4119873046875,195.097900390625,45.9984016418457,87.89289855957031
380.23150634765625,196.3300018310547,47.069000244140625,90.6604995727539
380.631103515625,200.6905059814453,46.96870040893555,85.0989990234375
381.1234130859375,206.12489318847656,47.170101165771484,83.22339630126953
384.4433898925781,219.5760955810547,45.684200286865234,84.59980010986328
385.2882995605469,212.77330017089844,44.37689971923828,79.44120025634766
384.0718078613281,231.51280212402344,52.64059829711914,83.57879638671875
381.5495910644531,216.85470581054688,59.58359909057617,76.83869934082031
381.23541259765625,217.87100219726562,74.37590026855469,76.38780212402344
380.9779052734375,228.13999938964844,77.40129852294922,72.13200378417969
382.3682861328125,207.6217041015625,68.6406021118164,79.2416000366211
382.84051513671875,211.50880432128906,60.56919860839844,85.73310089111328
379.0559997558594,211.0937042236328,63.999000549316406,86.75330352783203
379.0628967285156,215.7010955810547,62.18159866333008,79.3550033569336
378.1415100097656,218.50390625,72.09100341796875,76.98470306396484
378.2547912597656,227.63839721679688,76.5114974975586,67.67230224609375
381.5697021484375,231.15130615234375,71.7251968383789,64.11799621582031
380.6730041503906,227.23159790039062,70.27729797363281,68.8396987915039
382.4176025390625,228.54359436035156,66.2876968383789,68.0167007446289
380.7320861816406,228.22450256347656,67.95659637451172,67.97679901123047
383.3439025878906,228.55029296875,66.64600372314453,66.15380096435547
380.0306091308594,227.58180236816406,71.5259017944336,67.39440155029297
381.1404113769531,222.7720947265625,70.2697982788086,71.93240356445312
380.06658935546875,218.24070739746094,68.45860290527344,76.15249633789062
379.0714111328125,220.12750244140625,72.9000015258789,75.83039855957031
380.7235107421875,222.75270080566406,72.3364028930664,73.19779968261719
390.3544921875,232.3592987060547,67.19319915771484,64.46749877929688
380.29949951171875,225.95440673828125,73.34239959716797,71.64409637451172
388.9635009765625,230.10960388183594,73.80570220947266,70.09970092773438
380.5729064941406,228.43299865722656,74.19860076904297,69.43160247802734
394.69720458984375,232.42779541015625,65.37640380859375,70.06159973144531
379.2441101074219,235.71429443359375,77.3635025024414,62.1510009765625
391.0199890136719,239.50860595703125,76.2020034790039,62.258201599121094
378.4429016113281,236.54849243164062,81.34549713134766,61.85139846801758
386.4259948730469,239.7635040283203,79.04000091552734,59.45389938354492
375.4175109863281,238.33349609375,81.40760040283203,55.089900970458984
381.21759033203125,237.6999969482422,85.26200103759766,59.749298095703125
374.23980712890625,236.05999755859375,80.3302001953125,57.225799560546875
386.0252990722656,235.96530151367188,79.56009674072266,60.643699645996094
373.591796875,234.84669494628906,80.27670288085938,56.42190170288086
394.55230712890625,255.14239501953125,83.15969848632812,58.36920166015625
398.1366882324219,261.8919982910156,80.70999908447266,47.76089859008789
408.284912109375,259.94329833984375,72.2854995727539,53.07789993286133
417.0086975097656,259.97821044921875,64.92310333251953,51.9911994934082
431.4552917480469,257.2184143066406,55.372398376464844,55.54880142211914
434.7149963378906,261.9122009277344,60.93170166015625,48.375
429.37701416015625,256.61358642578125,55.140201568603516,53.17660140991211
434.6903991699219,251.40310668945312,49.11280059814453,58.1072998046875
439.7398986816406,250.22479248046875,40.90399932861328,61.2307014465332
445.0235900878906,251.44970703125,39.19049835205078,56.23210144042969
451.5987854003906,252.1864013671875,34.334598541259766,60.73970031738281
452.24139404296875,252.18359375,41.64059829711914,71.52189636230469
461.5470886230469,256.51800537109375,41.885101318359375,77.10900115966797
461.6427917480469,250.69900512695312,43.50450134277344,81.33450317382812
464.05780029296875,230.6262969970703,45.184898376464844,97.16490173339844
462.6929931640625,221.3470001220703,53.223899841308594,106.45099639892578
413.0869140625,180.88900756835938,54.327301025390625,91.28060150146484
419.9154968261719,183.69760131835938,54.987701416015625,79.3646011352539
406.0993957519531,177.36900329589844,60.46760177612305,86.80709838867188
410.7724914550781,177.18960571289062,66.15679931640625,81.39450073242188
407.25689697265625,170.54119873046875,57.951698303222656,86.6404037475586
412.99249267578125,173.59959411621094,69.63890075683594,79.25389862060547
412.29180908203125,182.39999389648438,59.54029846191406,69.81900024414062
410.4090881347656,186.0345001220703,65.17620086669922,65.0863037109375
416.32861328125,184.764404296875,74.79499816894531,67.18810272216797
420.3092956542969,186.91000366210938,62.81560134887695,65.66000366210938
424.6189880371094,190.1049041748047,68.58429718017578,62.276100158691406
425.0972900390625,188.78829956054688,73.3499984741211,63.76359939575195
423.32440185546875,187.80340576171875,74.306396484375,63.826900482177734
425.68121337890625,185.62879943847656,73.32559967041016,64.57219696044922
425.1017150878906,182.9154052734375,69.96089935302734,67.53410339355469
428.9789123535156,182.34410095214844,66.51419830322266,64.52030181884766
427.9573974609375,185.98550415039062,72.40699768066406,61.11589813232422
427.6849060058594,185.0059051513672,72.043701171875,60.877498626708984
428.2337951660156,179.0290069580078,71.94270324707031,65.29350280761719
431.0553894042969,172.29310607910156,67.3467025756836,70.94650268554688
433.0400085449219,168.0012969970703,67.44529724121094,72.7145004272461
435.0314025878906,167.52330017089844,67.01460266113281,71.45790100097656
437.9092102050781,170.6407012939453,65.3031997680664,66.7770004272461
441.5862121582031,162.9727020263672,60.787200927734375,72.93609619140625
435.93499755859375,153.58189392089844,68.39579772949219,79.74559783935547
439.2904968261719,159.65480041503906,68.81629943847656,71.47370147705078
441.3431091308594,157.3354034423828,67.1404037475586,72.17790222167969
443.1979064941406,151.73060607910156,67.04429626464844,75.77680206298828
445.3179931640625,154.5164031982422,68.36250305175781,71.88459777832031
448.12750244140625,158.0498046875,66.40699768066406,65.58159637451172
451.0669860839844,152.26080322265625,64.57009887695312,69.52230072021484
452.2734069824219,151.26190185546875,62.79819869995117,69.05889892578125
453.52490234375,149.743896484375,64.22540283203125,68.3291015625
453.33349609375,143.25819396972656,68.84619903564453,74.16829681396484
456.2898864746094,138.28070068359375,65.78839874267578,78.96929931640625
463.7840881347656,143.5135040283203,60.77159881591797,70.75689697265625
466.1578063964844,139.49020385742188,59.839599609375,74.5802001953125
470.0492858886719,140.47850036621094,58.63100051879883,71.71389770507812
480.76361083984375,130.54429626464844,59.277801513671875,79.10980224609375
480.46209716796875,128.20120239257812,70.60279846191406,81.41200256347656
489.3638916015625,117.2332992553711,61.84579849243164,90.65679931640625
493.6111145019531,119.75,58.320098876953125,83.59600067138672
500.269287109375,120.35880279541016,53.558101654052734,77.79010009765625
501.4132080078125,120.41329956054688,52.375301361083984,74.96089935302734
498.8255920410156,119.84089660644531,61.98460006713867,70.654296875
507.2080993652344,134.71890258789062,58.36199951171875,54.67319869995117
504.70941162109375,127.17469787597656,59.26919937133789,54.61429977416992
493.6639099121094,131.24630737304688,61.213401794433594,41.79970169067383
507.1947937011719,140.00650024414062,59.13600158691406,41.809200286865234
523.560791015625,149.8173065185547,51.6619987487793,45.263999938964844
521.9711303710938,143.09230041503906,49.6431999206543,50.43090057373047
521.6849975585938,140.52850341796875,47.45899963378906,51.21390151977539
528.35888671875,142.19039916992188,40.33359909057617,50.58679962158203
527.3480834960938,137.6343994140625,40.54570007324219,56.51279830932617
528.4495849609375,139.17709350585938,38.90060043334961,52.947200775146484
528.0866088867188,134.85800170898438,37.7760009765625,57.856201171875
529.3026733398438,130.818603515625,34.352699279785156,64.26249694824219
534.4005126953125,141.0648956298828,37.07809829711914,60.023399353027344
531.4506225585938,139.57080078125,38.10070037841797,53.3911018371582
532.7224731445312,137.2030029296875,35.9833984375,54.972999572753906
540.2935180664062,145.34759521484375,34.622501373291016,52.78179931640625
534.8989868164062,143.60989379882812,37.97359848022461,54.20140075683594
533.3253784179688,143.5753936767578,38.92620086669922,51.3578987121582
532.53369140625,143.31900024414062,40.53390121459961,51.54570007324219
534.8060302734375,142.49659729003906,35.84640121459961,53.39400100708008
534.5468139648438,143.81919860839844,37.440101623535156,50.91569900512695
533.9813232421875,146.66079711914062,37.72909927368164,48.36180114746094
534.0991821289062,147.44760131835938,37.57109832763672,47.091800689697266
533.4180297851562,146.77059936523438,37.23699951171875,47.27899932861328
534.9265747070312,146.09890747070312,41.53630065917969,49.28030014038086
534.99658203125,141.49620056152344,38.191001892089844,53.1161003112793
536.3092041015625,138.3574981689453,34.314300537109375,55.37889862060547
537.2664184570312,130.9810028076172,31.20050048828125,61.942298889160156
538.5781860351562,141.21060180664062,31.008800506591797,53.20220184326172
536.2221069335938,146.24639892578125,35.66780090332031,48.49409866333008
537.1483764648438,143.79530334472656,33.91830062866211,50.87220001220703
541.35791015625,138.2071075439453,29.233699798583984,53.54330062866211
543.672119140625,131.0543975830078,25.788000106811523,56.39149856567383
544.1151733398438,126.91130065917969,22.61829948425293,57.87929916381836
555.9619750976562,133.13189697265625,16.521499633789062,52.3203010559082
557.81787109375,132.33560180664062,15.559900283813477,49.262699127197266
561.0142211914062,129.2277069091797,13.741700172424316,52.379600524902344
562.9053955078125,128.41749572753906,12.996199607849121,50.290000915527344
563.7647094726562,126.32769775390625,12.945300102233887,52.553199768066406
565.2725219726562,124.36830139160156,14.56659984588623,53.21289825439453
567.939208984375,113.95960235595703,12.24269962310791,58.99470138549805
569.8275756835938,116.99369812011719,13.93589973449707,55.598899841308594
559.5667724609375,110.95130157470703,17.754199981689453,58.18980026245117
558.0471801757812,103.73419952392578,19.028900146484375,60.195899963378906
555.9033203125,102.76599884033203,20.23200035095215,60.73860168457031
555.6541748046875,104.63200378417969,19.92639923095703,58.17789840698242
550.4390869140625,103.93560028076172,27.162599563598633,55.70050048828125
549.6865234375,101.35260009765625,33.6531982421875,54.82490158081055
551.940673828125,98.45480346679688,34.19660186767578,56.61240005493164
551.8106079101562,104.2479019165039,37.70399856567383,49.1150016784668
551.5764770507812,105.74109649658203,39.080501556396484,46.94139862060547
550.7432250976562,103.37590026855469,41.662200927734375,49.41469955444336
552.4572143554688,101.32389831542969,42.05590057373047,51.41210174560547
553.0076293945312,104.6978988647461,43.502601623535156,46.12419891357422
555.80126953125,100.84149932861328,43.548500061035156,50.29719924926758
557.5012817382812,97.96549987792969,43.28889846801758,54.39759826660156
559.8599243164062,97.53060150146484,41.7307014465332,52.609798431396484
563.777587890625,92.71510314941406,38.224098205566406,57.2942008972168
563.8142700195312,105.07749938964844,45.78160095214844,49.10749816894531
564.6923828125,99.0696029663086,42.89189910888672,52.24169921875
563.9279174804688,98.57550048828125,43.88930130004883,50.66130065917969
559.8494873046875,95.160400390625,45.25830078125,52.49720001220703
557.2249755859375,86.8593978881836,47.184898376464844,59.22140121459961
559.186279296875,93.24520111083984,45.714500427246094,53.49570083618164
559.2581787109375,87.10569763183594,41.82149887084961,56.964900970458984
557.0390014648438,91.56529998779297,45.68239974975586,53.89649963378906
554.3568115234375,87.26080322265625,47.88800048828125,55.747100830078125
551.3743896484375,82.50299835205078,51.69670104980469,61.58100128173828
547.784423828125,82.62409973144531,57.77130126953125,61.43429946899414
548.1522827148438,80.81159973144531,56.16569900512695,62.13410186767578
546.8563842773438,78.91790008544922,59.319400787353516,63.03300094604492
547.8477172851562,77.86409759521484,58.93439865112305,64.99960327148438
549.2053833007812,77.8279037475586,57.68050003051758,64.83159637451172
548.927490234375,78.35079956054688,58.638301849365234,62.87839889526367
548.5247802734375,75.6698989868164,59.479801177978516,64.15560150146484
548.8200073242188,79.63770294189453,59.13249969482422,59.32320022583008
546.5673828125,74.77239990234375,60.714900970458984,62.76539993286133
552.2675170898438,73.59940338134766,52.2495002746582,63.12179946899414
553.842529296875,71.53700256347656,51.89699935913086,67.51210021972656
549.4766845703125,75.19110107421875,60.072898864746094,63.520198822021484
549.5994873046875,76.3384017944336,60.09299850463867,62.16529846191406
550.7135009765625,81.16799926757812,58.42369842529297,58.33319854736328
550.341796875,81.8458023071289,61.06829833984375,57.9093017578125
553.5413818359375,80.21600341796875,55.589599609375,60.44309997558594
550.8610229492188,85.0344009399414,60.19150161743164,54.75170135498047
546.80322265625,83.3447036743164,64.80729675292969,58.26020050048828
547.6721801757812,75.77030181884766,63.24549865722656,65.81099700927734
545.5626220703125,78.46399688720703,66.65489959716797,60.47990036010742
546.023193359375,77.46640014648438,66.97769927978516,60.452301025390625
546.447021484375,73.5386962890625,66.21040344238281,61.889400482177734
546.4556274414062,81.30699920654297,67.32839965820312,50.144500732421875
543.4046020507812,78.54170227050781,70.30709838867188,56.55139923095703
550.0510864257812,69.0470962524414,60.382301330566406,63.690799713134766
550.8983154296875,65.96189880371094,60.09450149536133,63.31610107421875
546.5311889648438,70.4447021484375,66.39969635009766,56.64680099487305
548.5311279296875,72.96209716796875,64.55909729003906,52.50120162963867
550.7659301757812,70.29660034179688,62.55780029296875,53.70429992675781
550.9359741210938,53.749900817871094,59.34109878540039,64.33049774169922
553.510009765625,54.685001373291016,56.576900482177734,63.35850143432617
554.6428833007812,50.2052001953125,47.42660140991211,61.478599548339844
550.9127197265625,49.422000885009766,46.18519973754883,54.06560134887695
557.3231201171875,51.982601165771484,48.09640121459961,55.394500732421875
559.0894775390625,59.57899856567383,48.799400329589844,48.98830032348633
560.9036254882812,57.74259948730469,47.657100677490234,50.6609001159668
560.3596801757812,52.0817985534668,48.2859001159668,55.63859939575195
561.0883178710938,47.79669952392578,44.13059997558594,57.325401306152344
559.9876708984375,51.34370040893555,47.76570129394531,55.330299377441406
560.4913940429688,50.20399856567383,47.91960144042969,55.186100006103516
559.8444213867188,50.082401275634766,49.003299713134766,53.94649887084961
560.7589721679688,52.9359016418457,48.964298248291016,50.783199310302734
566.778076171875,49.14440155029297,40.84870147705078,53.40290069580078
566.4669799804688,48.86690139770508,43.259498596191406,51.08089828491211
572.243408203125,50.129600524902344,37.0702018737793,48.13959884643555
570.9119873046875,53.548500061035156,40.25510025024414,43.97560119628906
561.4426879882812,40.45399856567383,47.076698303222656,48.13629913330078
561.5947265625,37.44350051879883,44.787601470947266,49.84349822998047
580.9019775390625,43.090599060058594,35.01539993286133,52.290000915527344
584.777587890625,43.13029861450195,33.94279861450195,50.43080139160156
580.9996948242188,46.36980056762695,39.2958984375,44.4385986328125
577.9251708984375,47.3390007019043,42.224300384521484,36.75899887084961
579.7836303710938,45.905799865722656,47.595401763916016,41.17129898071289
581.0225830078125,36.649200439453125,44.589599609375,47.01240158081055
576.756591796875,28.17530059814453,48.21080017089844,52.57109832763672
576.3541870117188,32.306800842285156,42.08409881591797,58.17620086669922
587.9318237304688,43.597999572753906,51.941001892089844,58.369998931884766
599.110595703125,47.41529846191406,43.082298278808594,55.0885009765625
604.3917236328125,50.614498138427734,36.44860076904297,51.922000885009766
605.6768188476562,47.612998962402344,36.347198486328125,51.96910095214844
608.907470703125,55.8568000793457,34.070499420166016,48.69110107421875
601.2163696289062,67.5875015258789,40.71009826660156,49.42279815673828
586.057373046875,72.04859924316406,49.77539825439453,44.682701110839844
591.2952270507812,74.47149658203125,50.10089874267578,44.714900970458984
594.478271484375,77.25299835205078,47.04600143432617,45.03419876098633
597.9970703125,81.17040252685547,43.60300064086914,47.777099609375
605.5792236328125,83.09950256347656,35.18159866333008,50.464599609375
617.1290283203125,85.58789825439453,40.89360046386719,48.14830017089844
617.3884887695312,81.2603988647461,45.87080001831055,58.14149856567383
618.0634155273438,91.16419982910156,46.34479904174805,56.95600128173828
616.57470703125,87.48519897460938,46.86600112915039,63.4276008605957
619.6115112304688,90.04309844970703,45.56169891357422,60.9182014465332
621.8809814453125,91.67769622802734,50.42599868774414,57.15420150756836
622.9625854492188,90.46869659423828,56.12260055541992,60.34880065917969
624.0206298828125,106.31770324707031,66.8302993774414,58.30670166015625
625.3475952148438,100.12169647216797,68.0553970336914,65.6498031616211
630.6052856445312,96.75469970703125,63.55099868774414,74.58689880371094
625.9929809570312,92.66560363769531,77.20259857177734,73.99440002441406
616.573486328125,91.7406997680664,70.74949645996094,70.24099731445312
625.6699829101562,90.16400146484375,60.79399871826172,69.11199951171875
630.6279296875,87.67389678955078,57.789798736572266,67.7593994140625
636.0880126953125,88.09269714355469,52.85300064086914,61.49140167236328
635.9188232421875,87.95780181884766,52.12089920043945,65.5604019165039
641.7326049804688,89.96659851074219,44.35860061645508,71.8677978515625
619.7081298828125,93.39700317382812,53.690399169921875,75.16000366210938
621.3651733398438,92.20390319824219,55.562198638916016,81.85079956054688
622.6204833984375,86.88809967041016,55.84360122680664,91.09049987792969
624.3629760742188,85.54299926757812,53.27050018310547,100.05909729003906
570.583984375,89.73539733886719,64.94869995117188,99.30490112304688
568.8115234375,83.01899719238281,46.30229949951172,99.9032974243164
578.6464233398438,80.96170043945312,52.887699127197266,112.2249984741211
576.6243286132812,78.15840148925781,43.78710174560547,109.21080017089844
590.8057250976562,89.60310363769531,49.75519943237305,108.07219696044922
587.4663696289062,91.83360290527344,52.122798919677734,102.57099914550781
592.2921142578125,96.42359924316406,45.45859909057617,97.69969940185547
595.4968872070312,90.34809875488281,42.14799880981445,108.2791976928711
600.267578125,81.97229766845703,39.125,118.54309844970703
606.2247924804688,87.92680358886719,32.32780075073242,115.95700073242188
607.4677124023438,94.6156005859375,33.41170120239258,108.84040069580078
616.8991088867188,96.52870178222656,22.175500869750977,110.29399871826172
609.8890991210938,97.37999725341797,30.83639907836914,109.67310333251953
614.7254028320312,92.86150360107422,27.3125,116.29129791259766
612.2498779296875,91.96040344238281,27.98150062561035,116.86309814453125
615.3430786132812,92.02850341796875,23.334199905395508,114.38279724121094
611.7213745117188,82.58149719238281,29.864500045776367,122.31210327148438
615.5189208984375,98.80269622802734,24.239099502563477,106.48570251464844
617.4255981445312,100.30039978027344,23.327699661254883,104.46420288085938
617.6660766601562,107.21119689941406,21.957399368286133,96.70240020751953
620.5905151367188,110.16429901123047,19.177099227905273,91.3458023071289
618.7597045898438,109.11409759521484,23.334299087524414,90.80609893798828
623.7512817382812,107.56400299072266,16.405000686645508,92.26490020751953
622.7276000976562,104.57730102539062,17.63960075378418,96.44349670410156
621.7993774414062,104.18949890136719,18.994800567626953,99.3019027709961
622.6947021484375,104.00389862060547,17.781600952148438,97.57679748535156
624.7935180664062,108.82119750976562,16.329299926757812,92.92379760742188
625.146484375,110.68949890136719,16.14929962158203,89.73930358886719
624.5748901367188,103.11830139160156,16.976200103759766,97.08480072021484
624.0529174804688,105.78189849853516,17.48150062561035,96.13169860839844
623.3084106445312,107.206298828125,18.242900848388672,93.68910217285156
623.014404296875,106.65589904785156,17.961599349975586,94.48259735107422
622.6674194335938,105.23999786376953,18.297199249267578,95.4197006225586
620.3480834960938,105.51300048828125,20.317899703979492,95.26419830322266
621.4644775390625,105.17769622802734,19.23889923095703,94.77690124511719
622.2412109375,104.63849639892578,17.813800811767578,94.09100341796875
621.85498046875,105.14540100097656,18.283899307250977,88.46309661865234
623.6246948242188,111.30770111083984,16.185100555419922,80.1604995727539
624.6959228515625,107.62640380859375,15.758199691772461,83.3270034790039
624.172607421875,104.7083969116211,15.961299896240234,81.44619750976562
623.9378051757812,100.86080169677734,15.625699996948242,81.61370086669922
