1
555.8674,239.1339,25.5659,46.5436
557.4811,238.5533,22.3243,37.4734
558.0196,243.6982,25.3272,40.5577
557.8289,260.3734,24.3110,42.1037
551.3714,269.1068,29.0312,36.0781
536.2175,270.6880,31.6996,39.2766
524.7009,274.1668,31.8285,38.4420
507.2368,273.3845,35.3590,40.6507
495.3579,271.8481,37.0518,37.3438
489.9704,266.5196,38.4725,38.1524
488.3816,265.1094,36.1604,40.0224
480.4842,275.7013,38.8890,29.6819
483.1465,273.9929,29.2241,30.5465
486.7244,253.3597,30.7288,34.1441
504.4651,254.5622,24.4817,38.1241
2
0
0
0
0
1
380.8133,251.2138,53.2082,66.8849
367.0781,273.6360,54.0799,59.7349
354.9372,290.1606,52.1333,50.0905
337.8035,291.1515,64.0221,47.9402
318.4861,296.4213,70.1773,40.9686
291.5584,289.9165,75.3399,46.8858
270.7998,289.1991,79.1798,49.4828
247.8110,292.7024,87.1095,46.7213
223.3741,300.7532,82.4072,40.9832
203.1700,309.2570,76.0187,41.3057
194.4901,314.3922,69.3546,44.1188
190.7162,318.1497,58.5265,42.3931
183.1349,316.1165,48.0494,47.1531
187.0781,318.4989,37.6915,40.9092
188.2336,308.4616,36.1994,47.4433
187.4577,302.4084,38.3735,48.4386
200.4259,298.4911,42.4683,44.8345
213.9858,299.8803,41.0741,40.0337
227.0431,304.0159,46.7480,35.7643
245.9586,299.4487,45.2266,35.6414
266.5160,293.7177,40.5128,36.0388
277.1978,291.8604,45.9037,34.3876
303.6090,284.0363,38.1808,35.3390
314.0602,283.2884,40.4274,35.8460
333.2412,260.7627,43.4958,38.5961
360.5993,251.8378,32.3954,46.0560
364.1567,258.2922,36.1516,40.6856
363.8514,250.6858,38.9765,36.7853
404.5750,286.8689,46.3493,33.3728
414.5697,288.2224,52.1253,28.2517
412.7014,282.2136,48.6284,33.9235
443.4508,268.9953,48.9219,44.0111
427.4185,267.7901,56.2307,46.6292
457.3600,274.2533,52.2939,39.1591
473.9652,266.9513,39.1231,37.9206
466.0590,274.6263,34.3301,32.4012
452.5760,274.9342,41.8665,31.8554
443.1325,275.6130,46.2937,35.6516
430.2875,277.7106,53.5494,33.8562
420.1630,280.5088,48.7537,31.2427
407.3456,285.1648,51.6909,28.6567
382.7256,283.3017,55.3373,35.1800
359.7477,284.0132,56.2116,35.1773
339.9658,283.9182,67.2031,34.8150
309.1663,288.2233,72.4998,39.1129
292.2163,289.8568,66.2085,42.8691
269.6339,296.8867,78.0324,36.6213
241.0561,303.1908,67.9521,31.7485
230.0802,297.5528,76.2920,39.1089
215.0929,297.0963,69.2658,38.3041
209.0315,267.7575,69.6404,48.1792
228.4084,257.7028,65.1847,35.1931
2
0
0
0
0
1
232.0537,159.0259,71.0514,57.6128
236.9765,145.3187,76.6719,55.7158
224.8763,127.0630,80.6274,52.4454
225.2073,115.0245,69.3303,57.7359
219.8391,115.5399,75.8674,50.1422
215.8222,127.7409,77.4752,42.2353
216.6976,127.7399,72.8556,50.4584
214.0401,130.7504,83.5251,53.2386
214.1683,138.3240,81.3239,46.3556
214.8005,140.3114,76.2799,48.2102
213.1427,137.8302,82.1286,48.0412
207.7270,127.4177,74.2178,55.2938
201.8602,131.4594,84.8214,54.4191
189.1865,135.6680,78.4856,46.3551
191.2383,128.3322,78.4783,53.6967
188.5367,133.7363,89.2896,48.0175
194.5340,133.5898,81.9203,47.2936
203.2779,138.8045,86.0224,42.1502
218.9842,138.1382,86.3039,44.9462
236.0066,137.7469,83.0687,45.0617
