1
298.377685546875,142.6909942626953,18.834199905395508,27.034799575805664
298.6776123046875,141.20779418945312,19.09819984436035,28.451099395751953
299.1242980957031,142.47959899902344,17.958200454711914,26.496299743652344
297.3612060546875,140.35769653320312,19.446699142456055,27.50200080871582
297.97650146484375,140.88710021972656,19.154600143432617,27.585899353027344
297.2359924316406,140.318603515625,20.16860008239746,26.130399703979492
297.3764953613281,139.98570251464844,20.31410026550293,26.516000747680664
298.1278991699219,139.65859985351562,19.799999237060547,25.70050048828125
299.80938720703125,140.48980712890625,18.621000289916992,23.798999786376953
299.85009765625,139.81700134277344,19.538700103759766,23.760099411010742
299.3953857421875,140.68299865722656,20.999399185180664,22.688400268554688
300.91729736328125,140.22120666503906,20.618499755859375,23.543100357055664
303.08819580078125,140.25160217285156,18.934799194335938,26.6427001953125
304.06781005859375,139.9208984375,19.49839973449707,25.53179931640625
302.3302001953125,138.9875946044922,21.824899673461914,29.191099166870117
303.6983947753906,137.6555938720703,20.6299991607666,30.334699630737305
303.92059326171875,138.56019592285156,20.751300811767578,27.859600067138672
301.2408142089844,136.5561065673828,23.24340057373047,31.525400161743164
297.60888671875,134.5758056640625,26.942800521850586,34.03350067138672
298.994384765625,132.9499969482422,25.786399841308594,35.51789855957031
298.6099853515625,130.34860229492188,26.658100128173828,38.415199279785156
300.4161071777344,129.0498046875,25.42460060119629,39.71879959106445
301.9331970214844,129.29539489746094,23.162200927734375,41.62030029296875
301.11370849609375,128.4665069580078,24.883699417114258,41.31420135498047
301.5950927734375,129.23179626464844,24.296600341796875,40.46500015258789
303.80108642578125,129.6793975830078,23.867799758911133,38.787498474121094
303.8319091796875,128.3883056640625,23.407499313354492,38.7681999206543
305.2732849121094,129.38400268554688,22.737499237060547,37.53409957885742
304.37701416015625,128.44610595703125,23.75189971923828,37.595401763916016
305.8595886230469,129.185302734375,22.253599166870117,39.55339813232422
305.4352111816406,127.37740325927734,22.771900177001953,39.95399856567383
306.4325866699219,127.72239685058594,22.318099975585938,41.0796012878418
306.9292907714844,126.94629669189453,22.274900436401367,38.690399169921875
307.918701171875,128.59640502929688,21.231399536132812,38.91889953613281
307.4513854980469,127.5322036743164,22.566200256347656,38.25790023803711
307.45361328125,129.60519409179688,23.416900634765625,36.61360168457031
307.6571960449219,128.31570434570312,22.98200035095215,35.577598571777344
308.8651123046875,129.53250122070312,22.58839988708496,36.394901275634766
308.0869140625,128.18820190429688,23.916799545288086,35.3484992980957
310.4849853515625,128.18930053710938,21.232900619506836,38.70800018310547
309.41290283203125,127.88849639892578,22.64310073852539,37.0171012878418
308.4432067871094,127.82859802246094,23.522300720214844,36.30950164794922
308.7589111328125,125.89659881591797,23.00309944152832,37.322898864746094
309.1368103027344,127.0154037475586,23.25510025024414,38.46369934082031
307.9226989746094,124.13289642333984,23.9778995513916,39.89070129394531
308.5924072265625,124.86039733886719,23.652299880981445,37.997798919677734
310.12139892578125,125.07279968261719,22.54199981689453,38.28559875488281
312.24560546875,125.5634994506836,20.178300857543945,39.20109939575195
313.02178955078125,125.12300109863281,19.56329917907715,36.883399963378906
309.9927062988281,124.2300033569336,22.546499252319336,38.302799224853516
311.9809875488281,123.49620056152344,21.233800888061523,38.746498107910156
310.4254150390625,123.07109832763672,22.012800216674805,39.89179992675781
311.14019775390625,121.83789825439453,22.222700119018555,39.52199935913086
311.7379150390625,123.43930053710938,20.563100814819336,39.643001556396484
312.1960144042969,122.50900268554688,20.42970085144043,39.239498138427734
311.74591064453125,124.01300048828125,20.938400268554688,37.07720184326172
311.7793884277344,123.24449920654297,20.797000885009766,36.497501373291016
311.8934020996094,122.47329711914062,20.2593994140625,38.90869903564453
311.3370056152344,121.52799987792969,20.869199752807617,38.61579895019531
310.0741882324219,121.37049865722656,21.827899932861328,39.62049865722656
310.5849914550781,121.30989837646484,20.497100830078125,36.6775016784668
309.9804992675781,120.61329650878906,19.679399490356445,39.17279815673828
309.7778015136719,120.0698013305664,19.47330093383789,37.95949935913086
309.06451416015625,120.70140075683594,20.010400772094727,35.44559860229492
310.0328063964844,119.31710052490234,19.794099807739258,38.13029861450195
311.9580078125,121.06179809570312,17.05500030517578,37.1775016784668
311.027587890625,118.05770111083984,17.36750030517578,40.38880157470703
310.5392150878906,120.84120178222656,18.871299743652344,36.89149856567383
311.4280090332031,121.5625991821289,17.56839942932129,35.190799713134766
311.1265869140625,122.2677993774414,17.793699264526367,35.794700622558594
311.67620849609375,120.50559997558594,17.438600540161133,36.93479919433594
312.0539855957031,121.69180297851562,16.54159927368164,35.04090118408203
311.1444091796875,122.60340118408203,17.70479965209961,33.22880172729492
310.2511901855469,120.5333023071289,18.433700561523438,33.843101501464844
310.15240478515625,121.91649627685547,17.989099502563477,32.38290023803711
309.71990966796875,121.76100158691406,18.559200286865234,32.249698638916016
308.85540771484375,121.33930206298828,19.207700729370117,31.768800735473633
308.77239990234375,121.62169647216797,18.583900451660156,32.73550033569336
308.05938720703125,120.993896484375,19.627099990844727,31.146299362182617
309.4950866699219,121.42720031738281,17.793100357055664,32.482398986816406
309.409912109375,121.24030303955078,17.878700256347656,31.76959991455078
309.993408203125,121.13580322265625,16.768299102783203,34.791099548339844
308.7403869628906,119.97560119628906,17.944299697875977,34.4724006652832
308.4140930175781,121.80030059814453,18.738800048828125,31.452999114990234
305.60418701171875,122.02040100097656,21.222700119018555,31.89739990234375
305.8297119140625,120.33979797363281,20.850200653076172,31.27899932861328
309.2768859863281,121.02909851074219,17.866899490356445,32.8927001953125
307.9674987792969,120.41739654541016,18.8966007232666,32.47809982299805
307.6603088378906,121.26119995117188,19.68199920654297,31.9606990814209
306.8197021484375,120.41470336914062,20.805099487304688,31.714399337768555
308.00640869140625,122.44409942626953,19.232099533081055,30.696399688720703
309.82879638671875,119.00160217285156,17.37529945373535,32.482601165771484
309.23150634765625,119.11869812011719,17.604999542236328,32.42110061645508
309.6637878417969,119.53179931640625,17.388599395751953,29.2189998626709
311.0633850097656,121.00260162353516,16.108999252319336,26.650999069213867
312.0718078613281,118.82129669189453,15.44379997253418,28.68079948425293
314.0494079589844,119.16079711914062,12.771300315856934,27.408100128173828
312.4043884277344,117.21489715576172,14.450699806213379,28.371700286865234
312.4053039550781,118.11009979248047,15.004799842834473,26.95210075378418
309.76959228515625,117.89910125732422,18.458200454711914,26.621000289916992
308.27960205078125,117.24449920654297,18.444700241088867,28.12779998779297
309.0372009277344,117.2219009399414,18.740299224853516,29.99489974975586
310.35528564453125,118.13770294189453,17.317699432373047,30.36720085144043
310.9471130371094,117.7759017944336,15.898200035095215,28.226699829101562
311.6440124511719,117.3102035522461,14.63860034942627,29.364700317382812
311.8581848144531,117.58560180664062,14.917200088500977,28.255199432373047
312.1748962402344,120.2876968383789,14.478899955749512,32.75640106201172
312.40240478515625,116.86990356445312,13.70110034942627,35.72050094604492
310.5185852050781,109.86730194091797,15.677200317382812,34.877201080322266
306.2496032714844,106.50679779052734,14.35200023651123,34.01530075073242
304.6221008300781,105.99829864501953,15.601300239562988,34.286800384521484
304.5902099609375,105.80030059814453,16.136600494384766,31.819400787353516
302.6600036621094,106.11959838867188,18.177799224853516,33.42829895019531
303.2279968261719,105.26319885253906,18.853900909423828,31.243499755859375
302.0649108886719,107.40630340576172,19.656099319458008,29.95549964904785
303.01080322265625,107.53089904785156,18.451900482177734,27.24810028076172
301.8019104003906,108.8738021850586,18.30769920349121,27.233200073242188
301.4005126953125,107.470703125,19.651199340820312,28.039400100708008
302.0325927734375,110.44889831542969,19.62470054626465,27.29290008544922
302.2489013671875,107.80329895019531,19.18709945678711,26.084199905395508
301.5494079589844,106.38890075683594,19.39419937133789,27.226299285888672
301.84228515625,105.86090087890625,19.698299407958984,27.618999481201172
298.96728515625,107.11720275878906,21.670900344848633,28.654199600219727
299.1076965332031,104.91339874267578,20.29210090637207,29.547399520874023
298.0151062011719,111.45120239257812,21.95319938659668,24.376699447631836
297.9458923339844,108.67369842529297,20.78190040588379,25.253700256347656
297.00909423828125,110.44599914550781,20.38949966430664,25.338499069213867
296.3504943847656,109.73300170898438,19.61199951171875,23.378599166870117
294.7582092285156,110.70069885253906,20.219999313354492,22.256000518798828
294.1358947753906,111.57520294189453,18.76180076599121,20.369600296020508
292.71661376953125,111.0969009399414,17.64240074157715,22.174100875854492
291.8460998535156,111.29309844970703,17.693199157714844,20.837600708007812
291.573486328125,112.74690246582031,15.829899787902832,19.47879981994629
290.2228088378906,113.22470092773438,16.03809928894043,18.810400009155273
289.1896057128906,114.23470306396484,16.268299102783203,18.79400062561035
289.4288024902344,112.01309967041016,13.956299781799316,19.664499282836914
288.8959045410156,112.96499633789062,13.417900085449219,19.623199462890625
288.1878967285156,103.28369903564453,13.937199592590332,19.051799774169922
286.7251892089844,103.99579620361328,14.581100463867188,20.091699600219727
285.4649963378906,103.57389831542969,14.750900268554688,22.547000885009766
282.96258544921875,103.13880157470703,16.534500122070312,24.61590003967285
281.7402038574219,103.18840026855469,16.65850067138672,26.54050064086914
281.67718505859375,103.90299987792969,16.350500106811523,28.14419937133789
278.5917053222656,103.03179931640625,19.078399658203125,23.802400588989258
279.90478515625,104.24150085449219,15.456999778747559,23.183700561523438
278.7497863769531,104.62570190429688,16.67099952697754,24.07229995727539
277.8382873535156,107.0958023071289,16.510299682617188,24.843299865722656
278.0881042480469,102.89830017089844,15.202699661254883,22.98819923400879
276.650390625,104.1968002319336,15.65250015258789,21.11210060119629
274.2532043457031,104.364501953125,17.730499267578125,21.80699920654297
275.92730712890625,107.40989685058594,15.134699821472168,19.04789924621582
270.0928039550781,104.4447021484375,18.648399353027344,20.740400314331055
268.18829345703125,104.5167007446289,18.862699508666992,19.73069953918457
266.82659912109375,103.83419799804688,18.971799850463867,20.86989974975586
265.14208984375,104.904296875,20.394100189208984,24.77739906311035
265.1289978027344,105.64649963378906,25.26689910888672,21.915300369262695
258.3794860839844,106.09269714355469,30.275699615478516,19.16160011291504
254.9364013671875,108.53240203857422,25.59429931640625,23.091299057006836
256.534912109375,106.78359985351562,21.014400482177734,25.08810043334961
256.7196960449219,105.45149993896484,16.854999542236328,30.18939971923828
270.86761474609375,101.22959899902344,18.024599075317383,27.226600646972656
271.9302978515625,103.40760040283203,15.642200469970703,24.490999221801758
270.1881103515625,103.8323974609375,16.997299194335938,23.092100143432617
269.8340148925781,102.62760162353516,17.138099670410156,23.676700592041016
268.3035888671875,103.32779693603516,18.06220054626465,23.407899856567383
268.03619384765625,103.52140045166016,17.509000778198242,22.56279945373535
265.76251220703125,106.05079650878906,19.221399307250977,19.420400619506836
267.4247131347656,105.21600341796875,16.009700775146484,20.512500762939453
268.2793884277344,107.69709777832031,14.245400428771973,18.583599090576172
266.114990234375,105.07039642333984,17.409799575805664,21.03030014038086
265.60198974609375,105.5250015258789,17.413799285888672,20.911399841308594
266.1044921875,103.76589965820312,16.0044002532959,22.58049964904785
268.4576110839844,105.48380279541016,13.169099807739258,19.69099998474121
265.9193115234375,105.16059875488281,15.496600151062012,20.063600540161133
268.6507873535156,104.90029907226562,15.524800300598145,18.285400390625
271.0003967285156,103.86270141601562,12.461099624633789,19.267200469970703
272.23028564453125,101.30770111083984,11.33650016784668,21.59309959411621
271.8971862792969,100.36820220947266,12.33489990234375,21.833799362182617
271.4908142089844,100.88960266113281,13.672800064086914,21.15690040588379
271.78839111328125,100.54850006103516,15.516300201416016,21.45669937133789
271.7984924316406,102.7665023803711,16.56800079345703,21.566499710083008
271.24530029296875,102.44950103759766,17.509899139404297,21.091999053955078
271.82501220703125,102.27320098876953,16.966299057006836,22.346099853515625
272.02349853515625,101.33280181884766,16.987300872802734,23.064800262451172
271.9356994628906,102.3678970336914,17.800600051879883,21.8302001953125
272.3268127441406,102.9926986694336,16.816099166870117,19.8887996673584
271.28851318359375,102.910400390625,18.115299224853516,22.674999237060547
271.9519958496094,102.6250991821289,18.21769905090332,24.00279998779297
271.9757080078125,103.94950103759766,18.58769989013672,26.16699981689453
270.960205078125,104.07340240478516,20.492700576782227,29.770200729370117
270.5085144042969,103.85479736328125,20.96430015563965,34.26789855957031
268.7013854980469,103.42630004882812,24.056100845336914,40.27450180053711
269.7571105957031,103.83450317382812,23.49449920654297,44.23509979248047
269.3385925292969,104.77770233154297,24.452999114990234,41.372798919677734
269.0617980957031,105.19490051269531,24.511600494384766,41.337799072265625
265.61151123046875,105.53990173339844,29.128799438476562,41.000099182128906
265.47491455078125,106.87519836425781,30.131999969482422,38.938899993896484
261.54638671875,105.2417984008789,35.19609832763672,43.0984001159668
261.21820068359375,105.68160247802734,36.37350082397461,42.6879997253418
262.6777038574219,105.93769836425781,34.180999755859375,40.599998474121094
261.6097106933594,106.10659790039062,34.71609878540039,41.53219985961914
259.9822082519531,105.49230194091797,36.36289978027344,40.86000061035156
261.95831298828125,105.8572006225586,34.30440139770508,42.185298919677734
261.87469482421875,105.24970245361328,33.388301849365234,43.521400451660156
260.20831298828125,106.4885025024414,35.33610153198242,44.110801696777344
263.309814453125,105.95680236816406,31.227500915527344,44.95029830932617
265.12091064453125,105.90249633789062,28.44890022277832,44.422298431396484
266.6922912597656,104.06809997558594,25.44610023498535,45.6348991394043
267.3254089355469,105.24849700927734,22.326200485229492,40.888099670410156
266.5994873046875,104.37899780273438,23.186800003051758,40.03519821166992
266.0606994628906,104.90119934082031,22.23430061340332,42.04159927368164
265.7026062011719,102.4363021850586,20.970500946044922,45.075199127197266
264.3546142578125,103.15619659423828,21.052499771118164,45.261199951171875
261.40631103515625,101.74259948730469,22.207199096679688,44.48509979248047
259.360595703125,101.97560119628906,22.555099487304688,46.97169876098633
257.79541015625,102.2125015258789,20.77359962463379,46.34550094604492
254.82310485839844,101.59429931640625,22.90130043029785,48.57709884643555
251.68479919433594,101.56900024414062,23.346200942993164,48.7588005065918
250.51339721679688,102.32150268554688,21.969999313354492,49.85580062866211
249.2458038330078,102.36720275878906,20.699199676513672,48.19110107421875
240.93240356445312,102.15979766845703,26.219200134277344,47.17919921875
242.90420532226562,104.40460205078125,19.88759994506836,46.8130989074707
234.74420166015625,101.61669921875,24.452299118041992,40.45650100708008
225.76060485839844,104.50769805908203,30.559900283813477,35.436798095703125
226.42959594726562,105.70210266113281,26.129199981689453,29.789400100708008
223.24620056152344,105.5343017578125,23.184799194335938,28.810300827026367
221.97140502929688,105.96900177001953,22.56760025024414,23.884199142456055
218.148193359375,107.31520080566406,23.449600219726562,23.648300170898438
216.61839294433594,108.43260192871094,23.888900756835938,23.270000457763672
212.2321014404297,109.25050354003906,25.843799591064453,25.37380027770996
213.75860595703125,109.6229019165039,21.4060001373291,23.20199966430664
210.2122039794922,108.94490051269531,21.710599899291992,24.519100189208984
213.42349243164062,110.52649688720703,16.898500442504883,22.194900512695312
210.3072052001953,110.0260009765625,17.843000411987305,25.3257999420166
205.86489868164062,110.07170104980469,21.735200881958008,28.751800537109375
199.5500030517578,111.2416000366211,23.699899673461914,30.942399978637695
196.9044952392578,110.60189819335938,24.418699264526367,34.94940185546875
194.05780029296875,111.69950103759766,24.926599502563477,38.56719970703125
191.54200744628906,110.1946029663086,24.24720001220703,42.20539855957031
189.0966033935547,111.9520034790039,24.347900390625,38.89580154418945
186.7906951904297,111.0886001586914,22.348800659179688,39.905601501464844
184.00120544433594,110.32140350341797,22.738300323486328,41.729000091552734
179.67909240722656,108.15699768066406,24.954599380493164,47.40330123901367
178.16099548339844,108.22010040283203,23.436100006103516,47.294498443603516
171.17030334472656,108.61129760742188,26.820899963378906,42.3135986328125
165.3050994873047,108.77649688720703,28.836200714111328,42.466800689697266
163.00259399414062,107.44280242919922,27.75819969177246,42.547401428222656
160.00360107421875,108.72460174560547,26.749399185180664,42.760101318359375
156.94679260253906,108.5779037475586,25.140199661254883,40.560001373291016
152.72860717773438,108.60820007324219,23.26140022277832,42.50899887084961
147.36160278320312,108.31790161132812,25.17490005493164,41.537200927734375
142.3094024658203,108.85569763183594,23.577600479125977,43.20560073852539
135.75289916992188,106.89450073242188,26.705299377441406,46.33869934082031
131.51080322265625,109.27680206298828,24.639299392700195,47.39759826660156
128.97509765625,104.09809875488281,22.66080093383789,48.309600830078125
123.6094970703125,109.55079650878906,24.491100311279297,44.44499969482422
121.4490966796875,110.3302993774414,21.973100662231445,41.82659912109375
118.19439697265625,110.13690185546875,20.72279930114746,40.90570068359375
112.89800262451172,110.33540344238281,22.085899353027344,40.409698486328125
107.67160034179688,113.66600036621094,24.893400192260742,39.9390983581543
98.08779907226562,112.03610229492188,29.068599700927734,37.666099548339844
98.78050231933594,114.05879974365234,23.37700080871582,35.52980041503906
93.18350219726562,112.06909942626953,22.802499771118164,36.17110061645508
88.9468002319336,110.5968017578125,22.61720085144043,39.62889862060547
84.29769897460938,110.6176986694336,22.61370086669922,41.744998931884766
79.49590301513672,111.19080352783203,21.265600204467773,43.273399353027344
72.29280090332031,110.752197265625,24.163400650024414,42.6870002746582
64.23970031738281,111.14900207519531,27.14069938659668,45.27410125732422
58.268798828125,111.63289642333984,27.833499908447266,41.038700103759766
54.17409896850586,111.88819885253906,28.992399215698242,42.92729949951172
47.48640060424805,112.29409790039062,30.106700897216797,39.42639923095703
49.555599212646484,114.06449890136719,24.45509910583496,38.99250030517578
45.40850067138672,114.45089721679688,25.613300323486328,39.08110046386719
46.39569854736328,115.00789642333984,19.424699783325195,33.94350051879883
26.963300704956055,109.49210357666016,19.787900924682617,31.06209945678711
15.506799697875977,110.17109680175781,27.6117000579834,32.150299072265625
