1
278.7980,131.6299,92.9194,65.1791
274.6203,133.2743,98.9804,64.0179
268.2253,134.7832,107.3616,64.9330
261.6094,134.4763,117.2575,68.1454
263.7538,135.6940,124.3078,70.3454
265.7096,136.2144,123.9666,69.1476
268.8652,134.8815,120.2325,74.1722
270.5851,134.5833,120.8132,76.6625
272.6065,137.1385,122.0509,73.5180
276.6978,138.5661,120.4399,72.9975
275.5704,138.0605,123.3659,72.8040
275.8606,138.0039,127.5261,75.3233
276.5258,136.6782,128.9239,77.9998
282.4303,139.4728,125.6048,76.3325
288.0915,141.2838,120.9706,73.2629
290.7957,136.8937,126.1552,79.8217
296.2357,143.5727,124.9651,76.3712
300.6732,148.7380,124.8860,69.0466
309.2185,150.6032,118.4467,69.5338
312.8577,149.1648,119.3194,73.9142
307.4012,141.6973,128.9196,81.0359
334.8115,147.5626,105.5546,73.1842
347.7336,144.3267,90.1490,81.9059
353.3835,146.8247,89.6111,79.2304
355.4637,144.5344,87.9885,83.3479
354.6010,137.6588,99.8481,87.2328
347.6707,145.0305,106.1428,76.9838
347.6113,143.2485,107.4925,77.5702
342.4829,142.0970,115.5824,78.8055
340.5776,145.9710,122.5679,73.7108
345.1145,150.8390,134.9472,70.4307
349.8017,147.8592,126.0983,86.1650
344.6895,145.5434,128.4404,94.6886
344.6928,155.0954,128.3372,78.0301
340.3522,152.9858,121.7462,81.4100
347.1452,150.2740,112.3203,84.0687
351.6595,152.6591,110.3279,84.1789
357.3000,148.2888,103.7842,83.5298
360.6854,148.5992,102.0440,85.2294
357.4031,149.5650,108.7901,82.5973
360.0938,149.2994,104.4184,86.3868
358.9270,150.1901,108.0956,85.5797
358.3156,148.1193,107.6993,86.9336
357.7237,151.1150,105.9823,82.7214
356.3878,154.8537,110.9587,80.6803
359.9668,158.3031,108.2342,76.1928
365.0959,156.0916,102.6321,82.9127
362.5726,155.7320,106.9028,83.4240
361.1065,158.4263,109.6515,82.1535
359.4527,160.4997,112.6296,82.3953
363.9780,156.2763,109.1219,87.2728
369.5876,161.9295,101.8483,82.7641
360.8431,163.4140,116.5719,82.3765
355.4097,162.4924,125.8219,84.4232
356.0626,160.4241,120.0558,85.0480
353.7596,162.3429,128.9096,82.3362
353.1900,163.8737,120.4177,76.6165
351.9031,163.3097,120.8975,74.0899
377.4651,165.3810,104.0406,70.5393
382.9021,166.0091,81.0359,66.1477
386.2427,163.8392,73.8820,63.5943
381.0522,163.2492,77.1472,60.1932
377.4714,164.2971,77.3949,54.5853
370.9924,161.0668,80.8566,54.7632
365.8970,160.7211,82.2672,50.6947
353.3213,153.9656,88.7089,54.2701
354.3893,153.5319,85.6611,52.0701
354.1535,151.8955,81.4200,51.9310
353.6132,154.3294,76.6344,48.0716
357.1795,148.9910,67.1244,52.6228
361.1934,154.2044,65.3242,48.5902
361.2803,156.5843,55.6134,43.3076
359.6411,154.3601,61.1592,47.8992
360.9486,153.4076,53.6763,51.3203
359.3373,150.2580,52.2948,53.4891
355.7808,150.0009,51.3476,52.1297
344.8724,148.4238,49.3593,51.3999
344.4271,145.9192,52.9908,57.7893
350.8236,140.0719,39.9612,64.3410
353.4926,139.1204,31.4412,64.0321
352.7129,135.4316,26.6993,68.2493
352.0367,132.9369,25.9977,69.7171
350.2665,130.4379,24.4772,71.2534
347.2984,125.2388,24.8239,71.9685
344.6830,123.5255,28.2783,75.0225
343.6601,124.8877,28.6935,71.3207
340.9754,123.6618,33.2210,66.2768
340.7302,124.1083,27.6319,61.4523
341.3834,121.9007,24.6898,55.5646
340.6550,122.0580,25.9463,53.1865
340.8023,121.2836,25.9869,54.8408
338.2469,121.7361,25.2692,51.3901
338.3422,121.5684,25.2192,51.9908
336.7984,118.4743,26.3693,54.3332
336.5103,118.3726,26.2513,53.5639
336.1861,119.4401,25.8350,53.4352
335.3280,120.5981,26.3558,53.5210
334.5736,120.8803,26.6286,55.5953
333.0995,119.0903,27.9087,59.7900
333.1309,119.8172,26.6565,55.6425
331.3194,122.0079,29.0300,49.3718
330.7997,123.4295,27.7762,47.0633
328.9914,124.7964,28.8939,46.3172
329.7906,125.5817,27.2962,42.3373
328.3061,129.0668,28.2358,39.6343
329.6050,128.3756,25.8789,41.8235
329.1785,127.7784,24.9965,45.1254
329.5566,127.2673,25.8491,45.6867
328.9876,131.8107,30.3151,43.9464
329.0786,132.5736,31.3990,44.1723
329.5372,132.7519,30.6197,45.8676
327.7257,133.4836,28.7931,44.0511
327.6234,131.1312,26.9570,46.5072
329.0654,131.1318,23.7694,49.1871
328.0532,130.4584,24.6258,48.3005
328.8331,130.0993,24.0294,47.4958
327.8699,128.2827,25.8363,48.5801
327.0109,128.0096,27.1262,47.8850
327.6422,129.6784,26.5765,47.0934
328.5603,130.0240,24.9248,47.1490
327.5174,130.3777,27.1657,49.1050
325.7274,131.0400,29.4808,50.7128
327.4605,131.0338,28.1425,52.1495
326.3047,132.3474,29.5970,49.2520
327.7369,132.6998,29.3994,51.6613
327.9287,133.3415,32.6429,54.1988
326.8642,130.0399,36.7666,57.9410
324.0140,129.0785,42.1026,60.6213
322.3709,130.1720,45.0735,56.3961
319.1569,131.2027,48.0215,55.6709
319.4754,132.0445,49.1302,51.0969
318.6811,133.8501,51.1923,44.3234
318.6459,134.7525,52.6367,42.5859
318.9188,133.8454,54.4492,43.9047
316.1009,136.7282,57.9953,41.6694
318.4520,135.6203,58.1031,41.8866
319.3915,136.1535,58.9066,38.4888
319.7701,135.2728,60.2245,39.9685
316.2010,134.9751,63.9360,40.6385
315.4077,133.6267,62.1690,40.7143
313.1421,134.2746,63.9150,38.8891
313.2158,131.7372,60.7254,41.3933
309.3597,132.7201,63.9111,39.3613
304.8304,133.0123,68.4580,39.7727
304.4485,132.0833,66.4232,39.2758
304.9756,131.4432,67.9227,41.0865
308.5256,130.4659,61.3139,39.4744
308.9247,129.4538,58.7980,42.1035
307.3329,132.3347,60.1060,39.1438
306.8028,132.7540,60.3270,37.8031
307.1361,132.9061,58.9303,35.8107
309.1091,133.0441,58.0885,35.6714
312.7990,131.8329,54.9264,40.2068
312.7622,133.5614,57.3818,39.5545
314.3774,133.8584,55.7381,38.4352
312.3434,136.4782,57.5988,37.5423
311.3069,136.7546,58.1748,38.4465
308.4746,136.8229,60.1019,40.7690
309.0934,137.0059,58.2800,41.0353
307.0989,136.8699,59.4814,42.1555
308.1002,136.5027,57.5204,43.5889
302.2936,137.4513,62.2186,42.8787
304.9980,137.0206,61.3052,41.3826
304.8181,137.4594,65.7005,43.7021
309.2609,138.1957,62.0015,38.3928
308.9487,134.9886,67.9975,34.1449
314.2763,132.4742,60.0519,35.6885
363.7726,112.4337,65.8105,39.8155
361.4462,109.6367,69.4683,45.5835
356.0009,109.5676,81.7129,48.4126
348.3057,112.1447,93.4006,50.5209
343.0814,110.7345,101.0854,54.5112
346.4582,111.8052,98.9748,56.5162
349.9338,109.9141,93.5127,58.6205
350.5767,109.9531,91.7317,56.5598
350.0241,111.0146,88.8381,58.7369
343.0468,112.9127,78.0784,67.4411
335.8942,116.5651,81.9666,75.1650
341.6512,114.4331,81.1873,78.6180
339.6073,118.1242,83.5574,77.0198
336.4235,117.2986,99.6433,77.6626
337.9848,110.8719,98.5854,84.3661
330.9178,110.7116,111.1656,86.8608
333.8246,109.0529,111.3088,76.6171
330.4984,107.1597,116.7249,66.3364
334.8933,108.4986,110.0347,53.9810
343.0690,107.4534,106.0252,53.7440
362.6301,105.3015,92.0033,52.9865
363.0793,101.8897,97.3851,41.8934
366.6536,100.3243,93.2157,36.5932
375.8591,100.2115,85.8674,33.0688
380.5025,99.7581,82.6831,32.3821
383.7093,98.4752,84.6770,29.9961
381.8954,98.0261,90.9426,28.2311
375.8211,97.1568,98.7317,27.4678
386.9854,95.6921,93.3293,26.8816
390.2150,93.8364,93.4343,29.9050
395.4866,92.0391,87.8099,30.2822
400.7761,88.3068,83.5821,36.9798
404.7333,88.2825,77.5074,38.2028
400.8215,94.4781,82.5239,33.2211
396.4963,93.5632,86.7068,35.7372
392.6840,90.4835,88.6226,40.3395
388.3720,92.3334,89.2630,40.7159
383.9546,92.2023,92.9384,42.9712
391.7908,86.6014,83.1784,51.3229
390.8092,88.9415,87.6476,49.3957
388.2325,91.6342,87.4725,47.3584
385.9199,94.1628,88.3141,44.9653
380.4895,95.4799,97.1146,45.9103
374.4051,96.9454,105.2506,44.6138
390.2040,100.4662,91.7090,42.7938
395.4248,102.6402,88.2435,41.8266
400.0872,106.0009,84.4552,37.8246
405.6446,108.3913,77.8608,35.1846
408.8792,109.0536,74.3585,38.5915
413.3187,110.2094,70.8782,40.0345
413.4834,111.9605,70.4859,41.4773
415.5228,113.9132,70.7726,40.1009
412.9053,114.4690,77.1061,42.4798
414.6027,116.1578,74.4576,40.5820
416.0195,116.5951,73.8595,43.4198
415.2924,117.5694,74.7365,42.3472
415.2004,118.4944,77.5238,43.3919
415.5258,118.8077,78.3343,44.4651
418.3207,118.8807,78.1643,46.5325
423.2062,120.2880,74.1435,44.6552
424.4523,119.8341,74.8863,44.7652
425.4649,117.4347,75.1331,53.1548
427.3690,119.6020,75.6091,47.8065
427.5062,119.0523,77.6506,47.1015
426.6051,117.2042,77.1181,50.3005
429.4459,118.2301,75.0220,48.1256
430.3291,119.6693,72.6900,38.1699
429.4222,118.9670,72.7083,38.1725
432.5264,118.9944,69.8302,38.2646
434.8515,119.0168,65.8007,39.2221
435.9900,122.0059,64.4652,40.5004
436.4625,124.5333,62.5463,40.9380
433.6315,124.7603,63.0520,43.9887
431.7353,124.7657,61.7812,47.3512
431.2275,124.5321,61.2255,50.7474
436.0773,125.9142,56.9867,55.3979
435.3351,126.8066,56.1323,53.9166
440.0716,129.5038,50.5273,52.1070
443.5685,134.1238,45.1331,51.5596
445.9601,136.6772,38.8245,51.0643
443.2627,134.3949,40.9810,56.3219
443.2574,140.1792,36.6646,53.8170
440.2619,142.4728,39.1570,56.0068
443.4747,143.9517,34.4265,62.2077
449.1906,147.3862,28.7699,56.8312
444.9787,146.5288,29.8613,56.3287
445.1242,145.8987,28.0878,57.6644
441.7139,150.5961,30.4425,55.3144
438.8914,152.7559,30.8208,49.9571
437.1270,153.1532,31.0294,46.4867
427.4193,188.7690,37.8623,41.2061
421.6641,185.6110,42.5706,38.4061
418.1886,184.7667,46.4675,32.6870
414.7332,182.8951,50.4545,30.4072
411.7820,181.8646,53.2119,30.8935
408.1483,180.2575,59.5294,30.1825
405.5697,178.7609,63.2996,30.8846
401.4235,176.1994,67.7367,33.0578
398.9189,175.0571,68.9039,28.7774
395.4794,174.3163,71.9715,28.8738
392.8315,171.6963,76.7630,31.4971
391.7363,170.7925,77.1928,32.4435
387.6665,170.0573,77.6521,30.8386
384.2842,168.3912,79.4364,31.6270
382.3322,177.6657,75.8461,40.6758
378.7704,173.2470,74.9541,50.1787
374.6298,164.3925,77.4573,64.8201
374.3297,161.9605,76.5894,69.0282
371.3919,158.1889,80.5697,76.5549
368.2142,155.9254,85.2637,76.6248
363.8724,153.2038,91.4194,83.0175
364.3526,153.2417,90.3391,81.6907
361.2216,152.9976,98.6114,76.0138
358.1419,155.9275,99.1573,64.9371
353.0391,154.5764,106.1960,61.9165
349.9827,155.4430,105.9458,58.6527
349.1673,157.4597,102.2635,53.6671
344.8571,154.9640,87.7172,50.9150
344.9698,154.9918,78.9861,46.1522
341.4549,154.0089,73.7989,48.8472
340.6772,153.4203,72.1611,46.1883
337.7737,155.8056,74.5390,45.1122
2
0
0
0
0
1
384.0879,197.2554,44.1217,63.0202
382.6163,196.2894,43.9765,67.6241
379.1143,198.0544,46.8669,67.8633
375.2943,199.5844,49.6368,70.7291
371.4438,204.0109,54.5768,65.6777
375.7510,203.9071,52.3540,62.8981
394.7464,203.9402,39.7921,62.9013
393.9900,188.5979,34.9159,70.9894
393.0377,192.0686,30.3120,76.0169
393.7225,196.2054,27.2572,71.2808
399.1553,189.5607,21.7201,76.6144
374.3879,205.0045,27.5755,75.8246
370.7047,211.5842,33.5097,71.2147
366.9111,208.8245,42.8160,69.2540
