1
386.6802062988281,468.68109130859375,67.9166030883789,71.96829986572266
389.1542053222656,463.93121337890625,74.05879974365234,70.5011978149414
398.4590148925781,456.976806640625,72.10469818115234,74.322998046875
400.0360107421875,454.02410888671875,75.75800323486328,72.07160186767578
392.3418884277344,456.6556091308594,80.01180267333984,69.42720031738281
381.7424011230469,459.8559875488281,83.73989868164062,68.15850067138672
371.7320861816406,463.4285888671875,84.10040283203125,69.01969909667969
358.47540283203125,473.7956848144531,87.04409790039062,67.40670013427734
360.2576904296875,489.47119140625,83.63860321044922,81.0625
382.8623962402344,501.4009094238281,69.3832015991211,79.36170196533203
391.20098876953125,501.5002136230469,66.0791015625,74.78500366210938
411.2137145996094,490.6859130859375,76.47669982910156,80.93170166015625
453.1106872558594,480.5144958496094,87.28089904785156,73.63899993896484
516.2183837890625,466.7226867675781,95.83149719238281,59.85850143432617
584.4995727539062,454.63800048828125,93.69110107421875,48.82379913330078
655.8358154296875,442.9309997558594,91.37740325927734,48.24720001220703
718.8048095703125,429.2536926269531,98.09110260009766,46.877899169921875
785.0313720703125,415.0592041015625,93.06590270996094,44.05780029296875
854.5443725585938,399.1745910644531,88.42030334472656,45.305999755859375
914.6707153320312,385.3116149902344,93.31109619140625,44.85390090942383
976.8681030273438,378.1993103027344,91.24420166015625,41.646400451660156
1035.6748046875,371.92388916015625,86.83170318603516,41.911399841308594
1091.71826171875,360.83648681640625,89.6791000366211,40.86949920654297
1145.1712646484375,354.2893981933594,90.18669891357422,40.61130142211914
1197.09765625,345.11199951171875,87.80500030517578,41.13349914550781
1250.406494140625,334.3822021484375,85.38099670410156,37.25379943847656
1299.1610107421875,327.1315002441406,84.18240356445312,37.03200149536133
1344.3988037109375,318.8904113769531,85.58540344238281,37.60689926147461
1387.783935546875,310.3587951660156,81.3270034790039,36.248600006103516
1425.5235595703125,302.3362121582031,81.81420135498047,35.596099853515625
1461.16943359375,292.2904052734375,81.81320190429688,37.60150146484375
1496.9390869140625,287.9247131347656,76.5238037109375,32.93939971923828
1491.26611328125,290.7325134277344,74.39630126953125,31.92300033569336
1492.4547119140625,295.9930114746094,79.70230102539062,32.358001708984375
1514.6265869140625,296.2847900390625,75.19920349121094,31.79840087890625
1526.4730224609375,300.2383117675781,69.91010284423828,26.65719985961914
1552.8084716796875,319.0006103515625,66.49079895019531,33.94810104370117
1561.5540771484375,318.1098937988281,67.99859619140625,34.61370086669922
1571.1624755859375,322.97088623046875,71.85269927978516,44.91899871826172
1583.5762939453125,323.160400390625,70.4186019897461,54.73379898071289
1592.96923828125,317.1748046875,67.52559661865234,62.58209991455078
1596.605224609375,311.0516052246094,68.16919708251953,63.91320037841797
1600.455810546875,303.2478942871094,64.56929779052734,63.67060089111328
1599.4071044921875,301.53961181640625,62.53710174560547,57.41510009765625
1596.9771728515625,294.3565979003906,61.37409973144531,55.286399841308594
1595.296630859375,288.2966003417969,70.01679992675781,52.400901794433594
1595.6912841796875,282.68389892578125,69.77290344238281,50.95909881591797
1596.119140625,278.5390930175781,66.20890045166016,46.76169967651367
1591.890625,274.4992980957031,68.66259765625,39.179901123046875
1588.1881103515625,270.3122863769531,62.925899505615234,33.576499938964844
1588.02587890625,263.0954895019531,58.17499923706055,28.296199798583984
1588.166259765625,254.61830139160156,62.20669937133789,28.329200744628906
1589.54150390625,247.3704071044922,55.98270034790039,26.532400131225586
1597.5579833984375,244.0113983154297,55.714900970458984,32.70069885253906
1589.55908203125,231.5959930419922,55.48659896850586,41.06480026245117
1585.622802734375,226.57330322265625,53.507999420166016,42.139198303222656
1579.572998046875,221.66859436035156,56.65190124511719,42.61149978637695
1574.84716796875,215.6717071533203,57.0192985534668,45.358001708984375
1567.7012939453125,210.82290649414062,61.221500396728516,50.34880065917969
1561.659423828125,208.09469604492188,63.175899505615234,49.60419845581055
1554.715576171875,202.61180114746094,67.32749938964844,54.38529968261719
1551.99267578125,198.9051971435547,73.69259643554688,57.63959884643555
1548.6217041015625,197.15870666503906,69.78780364990234,61.6879997253418
1544.2095947265625,194.4615020751953,70.38580322265625,61.63399887084961
1539.62060546875,195.56500244140625,69.89910125732422,58.493499755859375
1534.2330322265625,199.39830017089844,63.02080154418945,56.30690002441406
1525.656494140625,202.9102020263672,62.84370040893555,53.802101135253906
1510.23388671875,206.39540100097656,67.98500061035156,54.577701568603516
1480.6043701171875,206.90330505371094,81.64129638671875,51.2515983581543
1445.8204345703125,200.81100463867188,78.90440368652344,60.82279968261719
1385.6126708984375,209.92950439453125,81.9813003540039,57.90639877319336
1327.834716796875,228.0906982421875,82.70770263671875,53.27450180053711
1274.9569091796875,235.8282928466797,80.19740295410156,56.60260009765625
1219.982421875,248.8939971923828,83.84380340576172,54.61069869995117
1172.148681640625,259.006591796875,81.85870361328125,55.457801818847656
1124.6356201171875,270.5086975097656,82.16390228271484,56.76470184326172
1075.680419921875,284.7981872558594,83.39340209960938,49.426998138427734
1026.555419921875,290.6341857910156,84.61509704589844,57.83489990234375
975.0704956054688,302.87451171875,84.97930145263672,57.7036018371582
928.430419921875,319.1123046875,86.83450317382812,54.5359001159668
884.4578247070312,329.9359130859375,84.05889892578125,58.73640060424805
835.7366943359375,346.1034851074219,86.06230163574219,58.93040084838867
788.5797729492188,361.68951416015625,90.66000366210938,59.4651985168457
737.0864868164062,380.62359619140625,94.59380340576172,61.36539840698242
694.1840209960938,398.38958740234375,89.80339813232422,62.105499267578125
648.015625,416.73638916015625,91.2114028930664,64.70269775390625
602.8350830078125,436.3891906738281,93.57689666748047,64.48889923095703
558.0493774414062,453.24688720703125,94.58580017089844,63.96670150756836
512.3217163085938,473.4755859375,96.39800262451172,63.66279983520508
467.1675109863281,493.7974853515625,95.33409881591797,67.693603515625
426.6343078613281,513.5565185546875,91.40239715576172,72.17729949951172
424.5533142089844,512.5531005859375,86.72750091552734,60.732200622558594
412.81219482421875,512.68017578125,83.44660186767578,70.41629791259766
410.9140930175781,514.4263916015625,76.627197265625,77.72260284423828
411.9938049316406,523.2786254882812,71.08419799804688,79.01470184326172
409.2745056152344,537.0098266601562,68.2927017211914,74.78900146484375
409.4646911621094,545.0355834960938,61.7140998840332,79.96720123291016
410.9106140136719,553.63427734375,54.074798583984375,79.785400390625
413.58758544921875,554.4913940429688,46.232398986816406,81.51229858398438
414.1676025390625,553.7161254882812,36.51470184326172,82.21690368652344
418.301513671875,554.3043212890625,23.17889976501465,79.57859802246094
412.6612854003906,551.7775268554688,23.708799362182617,82.17279815673828
409.25360107421875,550.834228515625,28.765499114990234,83.26689910888672
406.13189697265625,548.8339233398438,34.902000427246094,78.64779663085938
410.6111145019531,540.4423217773438,44.26350021362305,78.55970001220703
408.9175109863281,535.926513671875,61.01860046386719,77.1864013671875
412.7525939941406,532.9838256835938,70.27909851074219,71.64350128173828
417.33270263671875,531.0017700195312,69.19000244140625,63.23820114135742
422.87030029296875,529.4285278320312,67.81060028076172,66.61730194091797
420.73291015625,532.2852172851562,66.52690124511719,67.29209899902344
421.25201416015625,535.0479125976562,63.552101135253906,61.41780090332031
421.4413146972656,535.9733276367188,66.18470001220703,58.81610107421875
416.23748779296875,535.2161254882812,70.30899810791016,57.71310043334961
411.09161376953125,536.3739013671875,73.83429718017578,55.756099700927734
407.201904296875,534.5886840820312,77.77200317382812,54.748199462890625
410.2605895996094,531.6090087890625,72.9572982788086,55.7327995300293
414.7593994140625,526.6857299804688,65.84539794921875,62.97719955444336
415.39990234375,525.0057983398438,62.412601470947266,64.17330169677734
408.5116882324219,526.14501953125,71.42250061035156,59.6786003112793
413.7596130371094,524.9395141601562,57.9296989440918,54.59550094604492
427.9490051269531,521.8386840820312,46.38719940185547,51.85139846801758
436.6474914550781,517.8004150390625,38.66849899291992,50.49720001220703
437.1252136230469,517.131591796875,38.63349914550781,45.46739959716797
441.04638671875,514.9589233398438,35.513099670410156,49.403499603271484
443.1629943847656,514.6978149414062,34.710899353027344,57.06159973144531
435.0780029296875,509.2831115722656,40.62910079956055,60.88639831542969
441.6835021972656,508.96051025390625,45.230098724365234,54.32120132446289
453.3772888183594,495.36480712890625,56.90449905395508,63.44049835205078
473.72540283203125,480.8512878417969,61.329898834228516,66.62169647216797
503.8695068359375,452.1177062988281,78.24349975585938,63.2328987121582
565.5289916992188,434.51031494140625,90.16200256347656,54.3828010559082
643.723876953125,420.2620849609375,95.30500030517578,51.95899963378906
717.2728881835938,405.7273864746094,101.97090148925781,53.34629821777344
794.7241821289062,399.8558044433594,99.26840209960938,49.63169860839844
867.8953247070312,392.184814453125,97.23780059814453,44.328800201416016
941.32568359375,380.6637878417969,98.30560302734375,47.263099670410156
1010.57177734375,371.1787109375,96.35040283203125,46.05500030517578
1079.7427978515625,360.80780029296875,95.84359741210938,43.951698303222656
1147.0040283203125,353.9855041503906,96.1415023803711,42.70399856567383
1210.221923828125,349.38739013671875,96.65519714355469,38.79999923706055
1271.30810546875,341.79058837890625,94.31430053710938,37.87689971923828
1335.9722900390625,327.98541259765625,95.71499633789062,38.56719970703125
1395.30908203125,320.4913024902344,91.01329803466797,35.4208984375
1451.4920654296875,309.4591064453125,95.70099639892578,37.445701599121094
1506.8963623046875,300.2809143066406,89.9802017211914,36.25189971923828
1562.76904296875,287.67181396484375,89.2571029663086,38.589500427246094
1586.806884765625,288.3323059082031,89.44640350341797,35.04790115356445
1598.08203125,285.7685852050781,77.11579895019531,39.69609832763672
1600.7322998046875,276.7272033691406,71.3499984741211,43.73249816894531
1602.2818603515625,277.8052978515625,74.47570037841797,37.503501892089844
1599.9515380859375,277.30560302734375,65.44390106201172,32.8671989440918
1602.80517578125,268.6654052734375,59.13399887084961,27.024499893188477
1599.9212646484375,269.4548034667969,59.730899810791016,25.41010093688965
1595.786865234375,272.114013671875,61.486900329589844,26.82390022277832
1590.4896240234375,278.614013671875,60.726600646972656,24.212299346923828
1584.45654296875,283.502685546875,62.206600189208984,29.226699829101562
1580.923583984375,270.5259094238281,65.23989868164062,25.820100784301758
1579.5428466796875,266.6214904785156,65.002197265625,24.143600463867188
1575.3082275390625,264.2430114746094,71.22830200195312,32.24869918823242
1569.997802734375,262.1831970214844,79.87640380859375,33.027000427246094
1566.212646484375,255.7209014892578,82.21499633789062,39.74789810180664
1567.9521484375,251.86590576171875,81.7593994140625,43.47890090942383
1568.8380126953125,248.60780334472656,83.56559753417969,44.29349899291992
1558.0908203125,250.62640380859375,89.64009857177734,41.28900146484375
1546.986083984375,247.118896484375,93.2030029296875,41.64550018310547
1541.123779296875,236.11459350585938,82.64510345458984,46.45109939575195
1542.585693359375,226.2095947265625,70.10679626464844,48.54779815673828
1540.058837890625,219.14430236816406,71.3938980102539,54.381500244140625
1538.330810546875,219.9777069091797,76.26260375976562,56.95650100708008
1533.64794921875,222.79379272460938,79.57569885253906,58.7942008972168
1529.7718505859375,228.58250427246094,78.95269775390625,69.40789794921875
1526.489501953125,234.7908935546875,70.24849700927734,67.75659942626953
1521.2047119140625,244.714599609375,64.54910278320312,61.24440002441406
1514.447265625,249.91799926757812,61.09360122680664,58.1885986328125
1502.8232421875,259.2239990234375,63.44599914550781,56.151100158691406
1489.2694091796875,267.9247131347656,67.8478012084961,57.22650146484375
1462.3619384765625,271.3505859375,76.38289642333984,58.997798919677734
1411.380859375,276.7903137207031,80.65670013427734,57.14849853515625
1355.4033203125,291.9892883300781,80.57450103759766,52.16339874267578
1305.623291015625,305.8489990234375,78.0790023803711,49.58250045776367
1255.750244140625,315.739501953125,79.08280181884766,51.59049987792969
1206.912353515625,325.7972106933594,80.04759979248047,48.73429870605469
1158.1337890625,336.91778564453125,81.92160034179688,50.14339828491211
1110.329345703125,347.5920104980469,86.53669738769531,47.27220153808594
1063.447509765625,355.3663024902344,86.13420104980469,49.754600524902344
1017.5903930664062,368.5484924316406,85.32969665527344,48.20479965209961
972.8389892578125,377.0303039550781,83.9365005493164,47.769500732421875
924.1873779296875,386.0415954589844,86.50569915771484,48.75490188598633
884.6309204101562,399.130615234375,82.5906982421875,46.98609924316406
841.0261840820312,404.9750061035156,83.36499786376953,48.76190185546875
797.6198120117188,417.7522888183594,85.46810150146484,49.8025016784668
751.680908203125,424.2995910644531,91.79789733886719,52.03379821777344
712.149169921875,435.25311279296875,88.2573013305664,48.363800048828125
670.075927734375,447.279296875,88.46829986572266,48.220298767089844
628.755126953125,453.9617004394531,92.8646011352539,48.0260009765625
591.8768920898438,460.2096862792969,91.01280212402344,49.662498474121094
552.801025390625,466.69580078125,94.76309967041016,49.90370178222656
512.8057861328125,480.3424072265625,95.50630187988281,45.33359909057617
477.5386962890625,486.5252990722656,93.42379760742188,46.7666015625
443.5314025878906,492.8100891113281,94.24610137939453,49.10419845581055
410.89630126953125,501.0115966796875,94.93769836425781,44.2484016418457
379.36859130859375,505.1979064941406,95.19960021972656,41.286598205566406
346.8551025390625,506.30938720703125,101.02420043945312,44.108001708984375
316.9480895996094,508.0078125,99.95040130615234,44.97679901123047
298.0893859863281,498.93231201171875,98.0260009765625,52.94580078125
289.7419128417969,494.8716125488281,103.38839721679688,57.38690185546875
281.32330322265625,494.3955078125,104.85440063476562,53.00239944458008
274.8710021972656,494.6716003417969,103.4166030883789,51.687400817871094
269.05389404296875,498.06329345703125,99.4457015991211,48.88309860229492
268.9796142578125,495.9147033691406,89.73480224609375,55.69879913330078
260.2701110839844,499.5827941894531,93.6510009765625,58.42649841308594
254.88540649414062,501.26910400390625,95.88880157470703,67.7343978881836
234.9853973388672,516.9531860351562,104.86009979248047,81.90879821777344
234.55490112304688,515.9984130859375,105.57980346679688,105.03910064697266
237.91290283203125,515.9080200195312,114.05169677734375,108.43589782714844
243.76480102539062,514.78857421875,115.66729736328125,109.59980010986328
245.83489990234375,511.8266906738281,108.27529907226562,102.88500213623047
254.03379821777344,521.7496948242188,107.39700317382812,96.45179748535156
284.7643127441406,549.5258178710938,79.75969696044922,86.95790100097656
291.65850830078125,563.3206787109375,73.36389923095703,99.59449768066406
297.3009948730469,575.7515258789062,70.32270050048828,86.6720962524414
319.9507141113281,584.9434204101562,70.6626968383789,73.24620056152344
327.69171142578125,586.3173828125,68.86689758300781,67.44650268554688
345.3465881347656,581.9937133789062,74.43109893798828,65.08879852294922
367.0003967285156,563.5629272460938,88.01219940185547,64.40229797363281
410.9596862792969,548.072021484375,98.54049682617188,71.03359985351562
489.3135986328125,536.00341796875,97.44029998779297,61.02000045776367
563.106201171875,529.4000244140625,101.10320281982422,48.89310073852539
632.7675170898438,522.6091918945312,103.83589935302734,48.78139877319336
709.713623046875,515.3952026367188,97.28170013427734,48.57780075073242
779.7860717773438,510.72509765625,100.01640319824219,49.58399963378906
847.6669921875,505.51220703125,100.5302963256836,46.86320114135742
919.7979736328125,499.6893005371094,97.65899658203125,47.14509963989258
989.413330078125,500.59228515625,93.49949645996094,41.644901275634766
1048.80419921875,496.67181396484375,98.33760070800781,43.77289962768555
1112.9871826171875,495.4424133300781,94.9269027709961,40.49129867553711
1173.8900146484375,494.8771057128906,94.11910247802734,38.69300079345703
1235.7193603515625,489.1361999511719,93.50360107421875,39.32789993286133
1294.8209228515625,485.06829833984375,91.70980072021484,42.06380081176758
1352.5260009765625,484.8684997558594,87.03209686279297,37.1078987121582
1404.7587890625,482.37359619140625,87.04850006103516,36.49879837036133
1456.5308837890625,479.70318603515625,87.39350128173828,38.200401306152344
1503.5872802734375,474.3528137207031,88.62120056152344,39.287899017333984
1551.49609375,475.52850341796875,82.05079650878906,33.735198974609375
1556.3262939453125,487.08758544921875,81.51419830322266,39.28139877319336
1562.9686279296875,491.16949462890625,75.59030151367188,37.15570068359375
1592.388671875,472.8013000488281,76.80699920654297,36.32820129394531
