1
328.7864,113.2421,86.5227,16.9988
318.8351,114.7460,85.9694,15.7741
307.8948,116.2621,88.4596,15.5033
299.5226,116.6694,90.0839,15.5338
294.6978,116.0336,85.4093,16.2308
288.1876,114.8596,86.4691,18.1013
292.5799,115.2891,86.3359,21.6438
275.3244,117.0548,92.3008,26.5138
264.4355,101.9917,87.1535,34.4609
269.6081,99.0112,78.2689,48.3183
275.1152,97.1241,62.8821,58.4901
276.4847,68.2000,50.9059,70.6388
276.1869,55.6077,46.7604,85.4671
277.6592,49.5735,40.9888,93.1856
277.5763,41.2414,39.5825,91.0443
278.0464,33.3897,34.3437,89.3205
276.4259,28.1435,28.8615,90.3577
280.3339,19.7680,21.0408,94.4536
279.3505,16.4861,23.5342,88.8450
278.6621,16.3721,23.0627,89.4963
280.1241,16.6181,22.7105,87.0286
282.4211,15.8569,22.5172,83.2304
281.8268,17.9246,30.2884,79.6319
281.1259,16.8055,37.3855,78.4683
276.6264,16.1296,46.8522,76.5671
272.2567,15.8351,53.9754,78.7753
270.8754,15.1938,56.0079,79.3608
269.6097,14.8633,58.7864,76.0187
269.9085,17.8242,57.0495,65.4330
268.5864,17.4096,56.8195,61.6958
289.3061,16.0766,54.5022,68.2329
289.6851,16.5993,45.2423,75.9269
289.6624,18.2612,41.5508,73.0934
286.0049,17.9571,46.8870,68.3948
282.7534,20.1721,55.1956,70.8249
281.5140,18.2489,53.2371,68.2218
275.9853,24.6674,60.5250,66.0942
270.1553,34.1338,56.0718,58.9431
270.3629,35.3228,57.9277,47.3345
267.9061,39.7994,63.0109,49.3518
265.3470,39.5855,66.6141,58.4539
260.2942,39.7725,71.7339,68.0524
255.5799,38.7541,70.8176,77.4151
254.1167,39.8548,66.0207,84.0854
248.6622,39.1169,68.8427,91.6331
245.7873,40.6364,65.6260,95.8438
242.6073,45.6686,65.7109,96.3439
240.0613,50.9193,66.3191,96.5186
239.8034,56.7347,63.5531,94.6228
237.9540,60.1702,63.8010,96.6558
234.2826,69.4352,66.4226,93.2107
230.0201,74.2069,67.5812,87.3387
225.7791,76.0997,59.7233,82.9101
222.9436,86.5572,60.2945,69.8934
221.2251,92.4312,67.0913,63.2393
221.6777,110.5641,70.7859,46.4191
222.2402,123.4441,69.1240,38.2766
221.0249,128.0622,70.2351,43.3856
223.4549,127.4354,73.1887,56.8067
225.3299,123.9750,63.8908,61.6072
216.9029,138.6301,56.8521,66.3042
218.0338,138.4245,55.6855,74.8684
218.6844,139.7737,47.9776,83.6793
219.1976,140.4356,33.1003,92.7363
218.2644,142.3372,28.6855,98.2065
215.7632,144.6079,33.1386,98.1475
212.2511,139.0039,42.6499,101.6450
209.2831,141.1185,40.9045,101.3091
210.7559,150.3471,41.2011,94.1346
218.9049,157.7178,34.6900,94.7998
223.3751,166.0238,39.5437,95.1551
223.6152,173.5040,32.4216,98.1151
224.3965,187.6678,27.8238,93.6318
225.9623,193.1480,29.6886,97.2348
227.0237,199.2703,31.5625,97.9193
231.5242,208.9663,27.8936,95.8955
233.3831,214.4465,29.4018,96.2627
235.4870,219.3887,31.2933,94.1576
234.7743,230.2922,37.5736,86.4016
235.4772,233.5596,39.7800,88.9962
234.1231,243.8835,45.0256,84.0180
234.1118,250.1526,46.4620,82.1238
234.4945,255.7430,46.7352,83.1920
234.5716,257.5266,46.5302,87.1847
237.7101,262.0988,43.8803,87.1532
239.1584,262.9002,43.9375,90.9663
255.4712,268.6494,29.1097,95.0640
258.0978,278.6615,30.0830,90.5339
261.6893,285.7933,27.6867,89.6725
263.8930,291.2738,25.6290,88.1561
263.5685,292.7517,25.9850,91.1959
265.3411,298.4970,24.6322,90.4558
266.2597,303.9461,22.8866,88.4315
263.9706,307.9505,25.8641,87.5136
262.3156,312.9750,31.3029,90.3722
263.2520,317.6362,30.9444,93.3452
261.8115,332.7444,32.4051,87.1511
260.2003,332.6497,34.4666,95.4489
255.8421,333.0497,39.9685,99.7365
253.9556,342.5516,35.4217,99.2585
250.4039,355.0444,40.8603,94.5283
249.0779,367.8015,39.3645,90.4176
249.3398,362.4716,47.1406,103.0105
246.9051,371.1731,47.6062,102.5374
243.6995,372.7659,45.4844,104.2871
243.7122,374.1794,44.0880,106.5675
242.4705,376.7664,45.3623,104.8123
240.3677,381.1262,45.4259,102.6067
239.8226,380.6396,42.1847,105.3180
239.1718,379.1562,37.2950,110.9843
238.1546,383.6589,34.2919,109.5261
238.3544,388.7811,30.9270,106.9078
238.3694,392.8825,27.6666,105.6896
239.0274,401.6082,27.8669,99.3152
238.3211,406.9414,24.6773,96.5727
242.4085,411.8767,21.9400,92.3357
242.1319,420.2382,24.9440,89.8449
241.3215,422.3240,28.2084,95.0947
244.4473,429.7061,20.4046,98.0467
245.2272,438.7850,23.4229,98.0947
248.2457,455.0341,23.7545,87.7792
247.9365,458.4294,27.5052,90.1319
244.6625,467.6607,36.2243,88.1407
243.4015,475.6427,39.9504,88.0939
245.4080,480.7759,37.6479,89.6501
240.8442,481.5455,43.1016,91.6984
241.5726,481.4002,42.9025,99.9646
245.7342,484.6652,39.4742,99.5434
247.2159,489.0056,40.1588,100.4520
255.1581,491.4783,32.4969,105.5565
259.9436,499.8639,25.3613,103.5552
258.4688,501.9986,30.2102,104.2591
256.4551,507.7766,30.2074,104.3109
254.5536,512.6105,34.2794,103.3246
252.8842,514.8929,40.5959,104.3254
251.5946,520.3262,37.0730,103.2688
252.0776,527.6093,33.9412,99.0297
257.2230,532.3381,27.3232,98.4419
256.2568,543.2421,27.8546,94.3177
254.0765,555.7007,29.3368,90.0385
256.9016,569.3487,30.8549,84.7852
256.3408,580.6432,32.8383,70.7643
273.5964,592.8799,37.9855,59.3013
282.8445,582.4533,48.4372,53.6808
296.1618,571.2579,57.3577,47.2621
313.2836,558.1931,67.6722,49.1242
329.1274,548.2295,68.5976,48.4546
335.7108,537.8478,72.4689,56.6461
351.7227,525.8862,75.5225,52.7219
358.4387,515.5295,80.8000,58.1382
359.0320,512.5280,91.5709,54.6725
375.8501,505.4059,85.2642,51.8107
394.8341,501.4817,80.6557,46.8429
414.9505,501.2338,71.2882,35.7825
418.1978,499.0603,76.4908,37.1592
433.8947,492.7284,69.1471,49.4945
440.7557,489.7558,70.9878,61.2955
439.6927,494.3417,68.3991,66.6796
443.9158,496.4362,64.5217,70.0768
461.6577,489.7191,67.0898,83.1786
474.2346,483.7689,51.2023,94.9192
480.0271,487.3507,35.0166,98.1382
482.7552,492.6928,32.9808,96.7475
481.4792,500.3578,32.6586,96.5457
479.4250,517.1795,37.0176,86.4202
479.0147,526.2651,34.3400,82.8128
477.2860,527.4452,35.8827,85.8705
475.5457,536.4442,35.5923,81.4806
476.1533,540.5373,46.9818,78.2005
476.0536,542.6124,38.0495,83.1998
475.3685,560.2551,42.2554,74.3381
476.0479,570.1436,46.9383,77.5161
480.2940,580.2196,48.2988,76.5786
486.4959,587.7378,48.3383,80.1685
487.3510,598.3173,52.5444,76.0988
482.8867,596.3799,62.0460,84.8816
498.5032,609.0681,67.4705,69.2405
501.2263,618.1924,55.7973,66.9176
512.3752,608.1234,47.3785,80.0645
532.1828,584.9224,37.6936,88.0674
531.2039,563.8691,41.7846,83.2117
548.2921,544.0936,33.2039,88.2160
555.0000,525.5101,34.7087,82.3090
559.2069,508.9628,37.6698,82.2168
567.8344,504.9019,49.7987,80.7970
565.5209,494.5559,61.0826,69.8725
572.6880,499.5176,67.0492,55.3544
591.7247,501.8139,68.7985,62.3813
606.5339,517.7561,71.1417,58.9404
620.2142,528.0284,72.5188,59.8402
642.5604,538.4402,67.9027,59.6598
644.9943,540.5564,76.9412,67.0234
661.5723,558.8074,74.4664,60.1989
671.8931,564.0690,74.0313,64.3547
672.9505,569.3520,86.2069,66.3426
680.2993,573.8764,87.5542,70.0633
702.0350,591.9786,75.7448,60.2367
713.2668,599.4471,71.0857,58.8890
721.7241,607.1652,69.1083,56.9016
731.1589,614.8919,66.5178,53.7802
731.4795,616.0438,76.2331,52.2842
741.5798,614.6617,72.3265,53.6443
743.5358,631.9648,74.4432,40.8392
744.3416,636.7199,80.0850,35.1688
748.0988,632.0327,83.1218,42.4565
756.9539,628.1472,78.6992,48.3496
766.5392,625.4595,75.9668,50.1802
772.4642,621.9359,76.7750,51.7264
779.1938,616.5660,72.6309,53.4631
784.6971,613.2076,70.9451,46.8170
786.2612,610.4292,74.3598,46.1148
789.8237,610.3529,78.0022,45.7675
808.8093,612.7752,70.1702,41.1250
805.1279,613.1266,84.4769,36.1436
821.8088,614.5233,81.9790,22.9372
827.2559,616.9089,91.4698,19.8480
832.5391,619.4316,97.0285,18.2319
837.7307,619.9749,99.2379,19.6223
844.3796,620.8947,99.4969,20.5774
846.6666,617.3785,102.3033,26.6492
857.1385,616.6186,99.7373,28.9190
868.8051,617.1509,95.6981,29.5970
875.5818,616.2863,97.5914,33.2415
882.8127,614.3991,99.5388,32.1295
895.2570,611.3127,96.1188,28.9625
912.5823,610.1215,86.5684,29.7076
918.1757,608.2582,90.6262,32.4541
923.0938,605.7633,93.3948,32.9953
929.9108,604.3431,92.5625,31.3428
933.0416,602.8493,96.5328,31.7677
936.8820,600.5784,96.6104,32.5241
936.0826,599.0706,104.2302,36.1406
948.5649,601.9044,97.1895,37.2116
967.6918,602.2485,90.2678,28.7269
963.9722,602.7521,102.6312,23.9841
979.1193,601.6359,95.5323,27.1669
994.3020,603.4743,88.6568,29.2641
996.4759,605.0517,94.7294,29.5994
1004.8361,605.0713,93.5323,32.8648
1006.6181,604.8504,99.1542,34.3694
1006.3518,604.4825,108.6700,36.3800
1020.0981,609.9402,100.1539,31.5388
1023.0787,613.9292,100.3613,27.9362
1039.3408,615.3162,92.3540,28.3361
1047.5870,613.7040,90.0838,33.3010
1062.6716,608.9224,83.6866,39.6705
1073.0989,608.8902,82.3320,41.3685
1087.2921,603.8696,77.8385,47.1500
1078.5471,602.8049,92.8015,54.2211
1072.1362,600.7722,101.6846,46.9573
1078.4780,597.5258,109.1553,47.1638
1084.1982,597.4685,113.8676,37.9737
1095.4783,594.4023,114.2701,36.4521
1119.2714,594.3273,96.7057,37.0084
1142.4457,589.4604,89.8601,47.5568
1147.3998,610.6218,79.0876,53.1320
1172.9916,610.3318,64.6619,56.5568
1178.8831,623.0079,54.3016,70.6952
1197.3657,643.2797,48.3237,78.9359
1202.5997,659.0549,42.3143,87.5832
1211.6510,673.6196,33.0437,89.1537
1215.1390,691.9803,35.6369,82.2552
1216.7168,692.8445,51.9231,80.2379
1230.1860,706.6003,63.0330,73.0789
1250.5531,733.2408,71.7996,60.0202
1292.7903,738.1238,72.7382,41.6536
1324.1298,743.6449,81.7749,27.2849
1351.1123,725.3430,78.2274,38.4488
1382.4943,675.1522,75.1244,46.7407
1398.6836,636.7090,66.8815,58.5104
1420.4246,609.1859,67.7664,63.1531
1443.0249,580.3371,67.7853,66.2470
1469.2115,558.7165,62.4348,60.4744
1489.6858,538.9260,59.8988,61.1266
1509.7656,521.2828,56.7764,61.8962
1524.3802,502.4828,56.5337,66.1743
1545.2838,482.9330,38.1793,68.2835
1541.3470,470.2130,45.9717,71.8332
1531.6038,450.8018,57.5122,66.5260
1510.2556,429.2301,63.9213,69.2283
1496.4432,410.6009,61.9602,67.8545
1484.5342,394.3636,66.3203,66.7908
1473.6318,378.8720,66.3769,74.8157
1464.1412,362.2856,67.6177,85.8927
1454.6871,349.0130,59.8338,84.6772
1447.5153,339.8046,63.9721,81.6513
1440.2435,326.0005,62.0868,81.3801
1433.6179,317.5621,65.6749,80.3979
1428.1083,308.4149,63.1236,78.0743
1386.6361,297.2372,71.3926,68.1866
1342.5256,322.2661,85.0582,54.4364
1290.3921,345.0984,90.2690,38.3349
1249.8062,350.0296,96.2051,24.9452
1214.6311,353.2432,96.9094,19.4002
1186.1880,354.1130,90.5746,16.8761
1158.7534,353.5270,91.9618,16.6922
1134.4076,353.5880,87.1676,16.0351
1113.3354,352.9810,84.2510,14.4556
1093.8715,354.3004,82.6017,14.9024
1075.2579,354.0651,80.8019,14.4369
1057.4244,354.6667,82.3907,14.7134
1040.7395,355.2192,81.0176,14.8853
1027.2607,354.9975,82.1601,14.6726
1014.4631,355.9825,81.2318,14.5576
1001.8076,356.2310,80.9422,14.3679
987.9993,356.0025,84.7284,15.8032
978.3393,356.0337,84.7667,14.6903
972.5522,355.8737,85.2872,19.1395
964.3358,350.5994,77.1564,29.4765
967.7964,349.3934,73.6347,45.8047
971.9848,356.5273,62.7207,46.4181
975.4000,359.6187,68.5497,48.5820
981.5281,365.1001,69.4165,48.3453
987.7563,369.1037,72.5217,49.4158
995.7196,376.0263,71.1836,46.0815
989.0205,379.5801,68.9308,54.1379
1005.7975,374.3478,70.0423,70.1924
1009.5121,377.6566,62.7931,75.0299
1010.5864,378.5664,51.9873,68.6976
1013.2347,396.2962,55.5974,51.1186
991.0103,390.0387,66.1838,56.4059
966.2341,379.2404,72.1364,51.7790
941.3268,368.6761,80.1729,44.7381
919.5319,364.9506,87.2014,40.7383
899.0410,360.4845,84.4018,27.2544
872.3992,354.2468,86.9281,30.0223
851.4867,351.5649,94.8000,31.9675
831.8077,348.8698,100.3283,25.0317
810.4920,344.4058,109.0835,24.5547
796.8046,341.0391,105.8743,23.8149
785.1071,338.2480,103.3614,26.2018
772.2021,329.5712,102.2947,36.7830
764.2281,320.0550,92.9998,47.3362
746.5377,320.2413,80.3756,39.1613
727.1961,315.3585,84.2108,29.7466
706.0938,320.4554,89.0250,20.8818
685.0670,318.1401,84.5113,21.5434
668.5219,314.8748,82.4923,22.0207
652.9583,306.9661,77.5025,28.6586
638.2545,303.2511,80.1709,31.8215
624.6381,300.7326,76.0834,29.9374
617.4299,296.7645,77.1333,30.4971
598.5704,291.2946,80.7538,32.4480
590.8258,291.1123,91.6134,31.1130
576.4379,287.7310,94.5149,34.4652
562.8203,284.7972,100.6525,26.9072
551.4468,282.6594,106.3043,23.9285
540.8744,279.7095,107.1348,24.1809
533.8730,278.1274,102.3024,24.0838
525.3700,275.5101,103.8449,25.9532
517.8309,272.6245,104.1239,28.5902
509.4078,274.4533,95.6359,25.1697
487.9819,267.9994,99.0400,35.4812
457.2128,282.5906,95.4275,25.9748
427.6765,290.2616,95.5212,23.5405
401.5428,294.3081,99.5119,23.1884
380.0358,299.6582,95.5790,21.6745
358.5510,304.1468,93.4717,20.5844
341.4325,306.3522,95.4263,21.4546
326.5603,299.8667,94.7553,30.5551
316.0295,303.6880,81.6813,34.9411
298.9139,286.7202,75.9939,45.1781
286.4987,267.3249,71.1056,53.7571
288.2584,269.0955,59.5708,57.5179
287.8853,247.1137,51.1175,69.2521
281.7084,223.6995,48.2600,84.3585
273.1198,202.6277,48.9424,93.1169
267.5361,190.2447,48.7950,100.7673
263.8416,180.9135,46.0951,100.7609
260.8086,171.3488,43.4491,99.9903
258.5161,163.4627,42.7846,95.0266
254.9928,154.3996,45.2367,99.6696
252.9056,145.6284,39.3919,96.2623
252.6216,139.5029,40.1821,86.7000
246.2182,136.9823,52.8511,76.1505
245.2708,140.2978,63.5978,59.4457
251.5661,134.6866,66.9620,46.7641
270.9349,130.5416,65.5160,36.2817
272.9171,126.7597,76.4267,35.6515
284.8048,121.9851,77.2262,33.5995
287.5680,123.2487,81.9290,26.4245
301.6632,117.3213,79.5134,27.3773
306.3090,114.6893,83.8654,26.2531
308.2711,111.6302,91.4267,27.7647
313.2729,108.4075,94.0306,29.7481
315.2836,107.3065,98.8129,27.5577
313.7535,105.9481,106.6299,28.1774
321.7196,105.2288,106.2438,30.5816
332.6802,104.0819,99.7874,31.6233
348.0027,101.8693,90.0403,33.2692
361.1014,99.8092,86.0607,37.9471
378.5097,100.2674,81.6564,39.7115
386.4316,102.1276,82.0359,41.6186
391.8919,109.1789,85.6172,38.0446
401.9776,114.8821,83.5230,34.1920
408.3742,115.6642,84.2150,36.8596
410.8654,116.9716,89.0449,38.6822
410.9301,118.9207,95.7760,40.8380
419.4884,121.1055,94.0611,41.1926
