1
509.7933,196.7945,54.3037,32.7086
504.2689,196.0605,57.0151,33.1821
494.6922,197.5747,48.9035,33.7197
483.2418,198.9296,47.8975,34.9672
476.9424,200.0017,52.0941,29.9550
460.3621,196.1937,45.7349,31.9189
441.0131,192.6461,47.4865,36.3357
442.0277,191.3912,39.2668,35.1598
428.5274,188.1027,40.5512,38.9171
413.9658,184.1135,43.3644,45.8830
411.0122,180.6105,39.9583,48.5190
399.4354,174.5680,40.5573,51.5715
384.3997,170.5752,42.0536,51.4170
377.2584,167.1401,42.4851,55.2669
361.8107,162.6101,46.2273,55.5464
350.1050,165.2695,43.6275,53.7731
350.9003,168.7126,37.9815,46.6770
331.2528,159.2042,46.1967,48.3412
320.3795,165.0518,49.3529,44.5159
314.3688,163.1791,43.3885,42.0273
291.3123,160.6879,44.5461,44.5832
289.9225,158.1171,38.6171,43.4731
284.8942,158.0071,39.3358,41.3036
279.9696,160.2216,32.9174,36.9815
275.4272,160.5463,28.2880,37.3334
272.1568,160.7572,25.5011,32.2869
266.1891,159.1218,24.5490,28.2994
240.0957,164.6354,24.1918,29.4235
244.9890,163.7712,30.0289,22.8941
239.2769,168.1145,32.7873,21.4146
236.0632,177.4609,35.3645,24.6172
235.1198,169.9726,35.6344,32.1434
224.7968,172.6744,38.7919,33.9104
226.7665,152.9068,34.3501,32.1869
2
0
0
0
0
1
143.4162,171.8575,46.2072,38.0735
150.3047,175.9425,41.3010,35.7991
153.7482,178.2317,40.9450,35.1076
157.4212,176.9898,43.4521,38.3976
161.5255,179.0210,42.0909,41.3507
168.7022,182.8602,40.1301,39.1685
168.3935,183.8168,41.0469,42.6827
169.2267,184.3337,45.1076,44.0953
173.7001,185.3146,42.9755,42.7390
174.7444,185.6976,43.0630,43.9347
179.2327,186.0831,42.3178,40.2511
179.6514,192.0748,43.4268,43.5919
186.6553,190.7488,37.5818,42.3805
188.0715,203.4894,37.9859,43.3051
191.1132,202.8339,40.4009,47.9943
187.1033,205.0468,47.4647,48.6392
198.2071,189.0898,40.8879,51.3573
195.2592,203.7867,48.0645,50.6183
196.1246,198.5674,50.4642,57.2400
201.8346,194.5780,47.6568,59.9864
207.1242,194.9204,43.1783,70.7888
209.7009,198.3236,41.1661,76.1868
2
0
0
0
0
1
195.3304,184.2985,33.5131,40.0620
198.1352,188.0915,35.1389,41.4787
201.0689,185.8371,32.9034,46.1793
204.0966,187.3528,34.5146,48.8159
206.3668,187.4298,36.9034,50.9688
209.5691,188.8645,36.1209,52.4078
214.5862,190.7853,34.8491,54.2030
218.2934,194.0517,37.1691,53.8405
217.0778,198.1564,42.4918,50.4071
221.5051,202.2512,39.6102,51.1589
221.5591,207.8207,43.6094,51.3170
221.3363,209.7705,45.1866,50.9080
229.0599,196.4966,46.3324,60.4175
181.8663,177.4686,50.6708,70.0683
2
0
0
0
0
1
239.2877,224.2806,41.6059,47.8808
241.3713,226.9475,47.1741,50.2577
247.3284,229.0976,50.9283,53.0178
242.4693,227.2815,61.4643,56.3219
243.1792,226.8687,69.8087,64.2041
250.0006,228.7310,73.9778,68.1159
253.7638,217.9743,66.7963,74.3677
262.8107,227.3902,63.0284,74.3025
270.4922,233.3529,62.7816,75.6347
269.5800,239.7976,72.7742,72.8258
269.9893,241.2042,67.1807,74.9228
268.1283,247.5266,71.9925,74.7626
264.1235,254.0943,75.0514,63.6275
258.6233,251.6869,87.0792,63.7982
244.9697,255.1175,100.2601,62.8497
240.3483,258.8312,104.0123,65.8501
245.7601,223.0762,97.8176,69.7171
248.3229,250.7454,99.8698,72.5639
257.7433,246.0314,94.2774,83.8612
257.2687,230.5215,94.1456,102.6688
262.6462,227.8387,93.6355,122.8888
271.5618,232.1670,74.7303,126.5923
275.7917,238.2325,63.8635,116.9363
278.1516,242.9218,58.6567,112.3683
275.9152,267.2358,68.5758,101.6567
276.6604,278.5351,73.6636,85.2055
279.1679,285.9640,74.9930,80.6189
265.9091,287.7953,84.1799,80.0826
278.1343,302.5510,71.7302,65.9965
266.1324,283.5081,62.7129,68.6040
266.1989,277.4467,59.2541,80.1009
261.0105,276.5158,66.6974,77.7397
252.4955,270.0838,71.4319,70.8676
254.9737,284.7034,73.6167,56.6657
261.6779,290.2049,73.2476,60.3208
248.5079,282.9354,68.2038,48.2673
245.9536,284.6419,70.7873,50.1993
239.1596,297.5038,67.1603,56.5110
253.3257,297.1928,57.7652,61.5174
250.0485,307.1244,55.9337,63.6590
252.0140,308.7654,51.6511,60.6779
249.9738,315.8832,51.7077,58.7291
251.2456,316.7805,44.4055,60.9690
249.7067,312.8074,41.7290,61.6642
255.0983,301.8095,49.8396,64.8849
251.9751,319.7948,45.9698,74.9166
252.8239,322.3867,45.2994,73.1826
253.3428,327.4058,51.5129,71.8253
250.1100,328.4953,60.7403,76.4966
244.3491,330.4567,69.1562,79.3701
236.2889,332.9497,81.9962,79.3064
231.1669,335.2912,93.3181,70.2678
222.1712,337.3856,106.5169,56.4343
218.9046,339.3219,115.3958,51.2169
222.1744,340.1957,115.8573,50.1113
233.1331,361.6721,109.6014,55.3122
240.4670,359.8413,111.1376,74.9373
215.3554,343.6666,114.1930,57.3707
244.9689,361.6870,100.6610,68.0174
246.1890,345.0335,101.3460,80.4267
256.1223,356.2791,85.1023,72.7060
267.6923,359.7549,86.4300,59.5681
2
0
0
0
0
1
223.2876,343.7735,63.0958,30.7841
