1
m680,328,54,31,19,14,11,3,24,32,21,35,19,36,17,38,16,38,16,39,14,40,13,41,12,42,12,42,11,43,11,43,10,44,9,45,7,47,5,47,7,46,7,46,7,47,6,48,6,48,5,49,5,17,4,28,4,8,3,6,6,12,3,12,5,5,6,5,6,8,10,9,5,4,8,3,7,7,11,8,28,7,12,7,28,7,12,7,28,7,13,6,29,5,15,5,5
m701,338,48,33,39,3,43,8,38,11,36,12,35,13,25,24,12,36,11,37,9,39,8,41,6,42,6,42,5,43,4,44,4,44,4,43,5,41,7,40,8,40,8,41,7,42,5,44,4,44,3,14,6,14,3,8,3,12,12,10,4,8,1,12,14,9,5,19,15,9,6,16,18,8,6,14,21,8,5,13,22,8,6,5,1,3,26,8,5,5,31,7,6,4,31,7,8,1,1
m753,358,36,33,27,4,30,7,27,11,10,7,7,13,8,28,6,31,4,32,3,33,1,142,1,33,3,32,4,32,5,31,5,30,6,30,7,29,8,28,8,28,9,25,11,24,12,23,13,23,13,22,14,21,15,21,15,21,15,21,16,20,16,19,18,19,11
m769,372,41,31,14,12,27,27,13,30,10,31,8,33,8,33,7,34,7,34,7,34,6,35,6,35,5,36,4,35,5,34,6,34,7,34,6,34,7,34,6,35,6,12,1,22,6,11,3,19,8,8,5,19,9,7,6,18,10,6,7,18,10,6,7,7,2,8,11,6,7,7,2,7,12,5,7,8,2,6,13,5,7,8,2,6,14,2,9,15,26,14,28,12,16
m775,394,48,32,29,1,47,2,32,17,27,23,23,33,14,36,11,38,9,39,8,40,6,42,5,43,4,44,4,43,5,43,9,39,10,37,10,37,11,37,10,39,9,39,8,41,6,18,2,22,5,10,12,22,4,8,14,23,3,8,14,10,4,10,1,8,15,8,7,16,17,7,9,14,18,6,10,9,1,3,19,6,11,8,23,7,12,6,24,6,13,5,25,5,15,3
m768,426,39,31,32,3,34,8,29,11,27,12,26,13,18,21,7,32,5,34,3,36,1,155,1,38,5,33,8,31,8,30,9,30,9,30,9,30,9,30,9,30,8,31,7,32,6,33,6,14,3,16,6,13,6,14,6,13,7,13,6,12,9,11,7,12,10,3,2,5,11,8,16,4,3
m760,478,37,30,10,5,30,10,8,5,13,28,8,30,7,30,7,31,5,32,5,32,5,32,4,33,4,33,3,34,3,34,3,34,3,33,3,29,8,29,8,28,8,29,8,29,8,27,9,7,1,19,10,6,3,17,11,6,3,16,12,6,3,14,14,6,3,13,16,6,2,12,17,7,1,10,19,7,31,6,29
m744,505,43,29,18,7,34,13,29,27,16,28,14,29,13,30,12,31,12,31,11,32,10,33,10,33,9,34,9,34,8,34,8,35,7,34,8,34,7,11,3,22,6,11,3,22,7,9,5,22,6,9,5,22,6,9,5,23,6,7,6,23,7,6,6,10,6,8,7,4,8,9,7,7,8,3,9,8,8,7,19,8,8,8,20,5,10,7,36,7,9
m727,505,35,32,29,3,18,1,11,7,15,3,9,9,13,4,8,10,12,5,6,12,11,24,9,26,6,29,4,31,2,33,2,33,2,33,3,32,4,31,5,30,6,28,7,27,8,27,8,27,8,27,8,27,8,27,7,28,6,29,5,13,1,15,5,12,4,14,4,12,5,14,4,11,7,12,4,10,9,12,4,9,10,11,6,6,12,10,25,9,7
m728,492,27,35,21,4,21,8,17,10,12,15,8,19,6,21,5,22,5,22,4,23,4,23,3,24,3,24,2,25,2,24,3,24,3,23,4,23,4,23,4,23,4,23,5,22,4,23,5,21,5,22,5,22,5,21,6,19,8,16,11,15,11,16,11,15,11,16,11,15,12,15,13,12,14
m720,464,31,33,16,13,17,16,14,17,13,18,12,19,11,20,10,21,10,21,9,22,9,22,8,23,8,23,8,23,7,24,7,24,6,25,5,26,4,26,4,26,5,26,4,27,4,26,4,27,4,27,3,28,3,27,4,26,5,11,4,11,5,10,5,11,5,9,7,9,7,8,7,9,8,6,8,8,23,6,9
m718,414,28,33,21,5,17,12,14,15,13,15,12,16,12,16,11,17,11,17,10,18,10,18,9,19,9,19,8,20,7,21,6,22,6,22,5,23,5,23,4,24,4,24,4,24,3,25,3,25,3,25,3,25,2,26,2,26,1,27,1,6,1,11,1,8,1,6,1,8,5,13,2,6,7,6,1,6,2,6,7,6,1,6,2,5,8,6,1
m748,351,23,60,15,1,21,5,18,5,18,5,17,6,17,6,17,6,16,8,15,8,15,7,16,8,15,8,15,8,15,8,16,7,12,11,11,12,7,16,7,16,6,17,6,9,1,8,4,4,1,5,1,8,3,20,3,3,2,7,1,7,2,13,1,7,3,2,1,8,2,7,4,1,2,7,2,8,3,1,2,7,2,8,2,2,2,7,2,8,2,3,1,7,2,8,2,11,2,8,2,11,2,8,3,20,3,21,3,10,2,8,3,10,2,8,3,10,2,8,3,10,2,8,3,10,1,9,3,20,2,21,3,20,3,20,3,20,3,20,3,20,3,20,3,20,3,20,4,19,4,19,4,19,4,19,4,19,4,18,6,16,8,13,11,6,17,5,19,4,11
m773,290,18,68,12,5,12,7,11,7,11,7,11,7,11,7,11,7,11,7,11,7,11,7,11,7,11,7,10,8,10,8,10,8,10,8,10,8,10,8,11,7,11,7,11,7,11,6,12,7,11,7,11,7,11,7,11,7,11,7,11,7,11,7,11,7,11,7,11,7,11,7,11,7,11,7,11,7,11,7,4,3,4,7,4,3,4,7,4,3,3,8,4,4,3,7,4,4,3,7,3,5,2,8,3,5,2,8,2,6,2,8,2,6,2,8,2,6,2,8,1,7,2,8,1,7,2,8,1,7,1,116,2,15,4,11,8,9,9,8,11,7,11,6,12,6,13,5,13,5,13,5,14,4,8
m816,234,23,32,8,8,9,16,6,18,4,20,3,21,2,22,1,46,1,22,1,22,2,21,3,20,3,20,3,20,2,21,2,21,2,21,2,21,2,21,1,22,1,22,1,22,1,67,1,21,2,21,2,21,2,20,3,20,3,12,11,11,12
m878,239,25,35,10,8,15,13,11,15,10,16,8,18,7,18,7,19,5,20,5,20,5,20,5,20,5,20,5,20,5,20,6,19,6,19,6,19,5,20,4,21,4,21,4,21,3,22,3,22,2,23,2,22,3,22,2,22,3,21,4,21,4,20,5,19,5,20,5,19,6,18,7,14,11
m878,186,50,45,3,7,41,12,38,15,35,16,34,18,32,24,25,33,17,37,13,38,1,2,9,42,8,43,7,43,7,44,6,45,5,46,4,47,3,49,1,49,2,49,1,49,1,49,1,49,1,49,1,49,1,49,1,49,1,49,1,49,1,48,2,49,2,48,2,48,2,48,2,48,4,46,6,44,7,43,8,42,9,41,10,40,11,39,11,22,2,15,12,5,2,2,2,2,2,4,6,13,15,1,4,1,3,1,3,1,10,11,43,7
m900,214,35,46,17,2,29,6,28,6,29,6,28,7,28,7,27,8,26,10,24,13,20,20,13,24,11,24,9,26,9,27,7,28,7,28,7,28,6,29,6,29,6,28,8,27,8,28,8,27,8,27,9,26,9,29,7,30,5,9,6,16,4,8,9,14,4,8,10,13,4,8,12,11,4,8,12,11,4,8,13,10,4,8,16,7,4,8,16,7,4,8,16,7,4,8,17,6,5,7,17,6,5,7,17,6,5,7,18,5,5,7,18,5,6,6,19,4,6,6,29,6,30,5,31,4,23
m893,216,34,62,8,1,27,8,25,11,22,14,20,16,18,18,16,18,17,17,17,17,18,16,19,15,19,15,19,15,19,15,19,15,19,15,18,16,18,16,18,17,17,17,17,17,17,18,16,18,15,22,12,24,10,25,10,26,8,28,6,29,5,30,4,31,3,32,3,31,3,31,3,31,3,31,3,31,3,31,3,31,3,31,3,31,3,31,3,31,3,10,1,20,3,10,1,20,3,31,3,31,3,31,3,31,3,31,4,30,4,30,4,30,4,16,2,12,5,15,2,12,5,13,4,12,6,11,7,10,6,10,9,9,7,7,12,8,8,4,15,7,8,2,18,6,29,5
m870,247,56,41,6,4,47,13,43,15,5,2,33,24,32,28,28,30,26,33,23,35,21,45,12,48,3,3,2,54,3,54,2,54,2,54,2,54,3,53,3,53,3,52,5,6,5,41,5,4,7,40,6,1,10,39,17,39,6,1,10,39,5,3,9,39,17,39,18,38,4,1,13,38,4,3,11,38,6,1,11,37,7,1,11,36,4,1,1,1,1,1,11,36,4,1,1,3,11,36,6,1,1,1,11,36,20,37,20,35,21,35,21,34,23,33,25,30,34,2,3,17,40,1,4,10,5
m851,274,45,54,20,1,44,4,40,5,39,6,39,6,37,8,36,9,35,10,34,11,33,12,32,13,32,14,29,18,25,21,20,26,18,29,7,7,1,134,2,43,2,43,4,41,5,40,5,40,5,40,6,39,7,38,7,38,8,37,9,35,11,34,12,33,12,33,13,32,13,32,12,33,12,33,12,33,12,33,12,33,12,33,12,33,12,33,12,33,12,33,12,33,11,34,11,34,11,34,12,14,5,15,11,12,10,12,12,9,14,10,14,6,17,8,38,6,1
m852,290,33,57,13,4,26,8,24,8,25,8,24,8,23,10,22,10,22,10,22,11,22,11,21,12,21,13,19,15,18,16,17,23,2,1,7,28,5,30,3,31,2,31,2,31,2,32,1,32,1,97,1,32,1,32,1,32,1,32,2,31,2,31,3,30,3,30,4,29,4,28,5,29,4,29,4,29,4,29,4,29,4,30,3,30,3,30,3,30,3,30,3,30,3,30,2,31,2,31,2,31,2,31,3,30,3,30,3,30,4,10,7,12,4,8,13,8,5,6,16,6
m823,309,55,46,2,6,48,8,47,11,43,14,41,15,40,17,38,18,37,19,37,21,5,2,1,1,25,37,18,44,11,46,9,47,8,48,7,49,6,49,6,50,6,50,6,48,7,49,6,49,7,49,6,49,5,50,6,49,5,52,4,51,4,51,4,51,5,50,5,50,6,49,6,49,8,47,9,43,14,44,12,43,13,42,13,42,14,41,14,41,16,38,19,36,19,18,1,17,21,11,12,11,27,1,20,5,3
m801,312,57,42,6,10,46,14,42,17,39,19,38,20,37,21,36,25,32,30,26,49,7,52,4,54,3,54,4,54,3,55,1,56,1,56,2,170,1,56,1,56,2,55,4,53,6,50,8,49,10,48,11,2,1,42,12,1,2,42,16,41,16,41,16,41,16,41,16,41,17,40,19,38,20,37,21,36,22,36,22,3,1,31,26,31,29,12,4,12,31,5,11,10
m784,295,77,56,4,7,68,17,61,19,34,4,18,1,1,22,30,9,16,35,2,1,6,3,1,14,14,41,3,20,14,65,12,67,9,70,8,69,8,71,6,71,6,72,5,73,3,75,2,537,1,76,1,76,2,75,3,74,4,73,5,72,5,71,7,70,8,69,8,68,10,67,13,63,17,60,19,56,22,55,22,54,24,52,27,50,29,46,34,42,36,14,9,17,39,9,15,13,65,12,66,11,67,9,69,8,69,8,69,8,70,7,70,7,71,5,74,3,74,3,75,2,14
m765,279,78,51,7,3,70,14,63,20,57,25,54,27,51,30,48,32,2,5,40,46,11,10,12,70,8,72,8,72,7,71,7,72,6,71,7,70,8,69,10,68,12,65,14,64,14,64,14,64,14,64,15,63,16,62,16,62,17,61,17,13,3,46,17,13,2,46,17,13,3,45,17,13,3,45,18,12,4,44,19,11,4,44,20,10,5,43,22,8,5,43,24,5,8,40,27,2,9,40,39,39,38,40,39,39,39,39,39,39,39,39,39,39,39,38,41,37,43,1,2,2,15,15,66,12,68,10,69,9,71,7,72,5,6
m799,272,50,46,3,12,37,25,2,1,21,29,21,30,20,31,19,31,18,33,17,34,16,37,13,39,12,39,12,38,12,41,10,41,10,44,6,45,5,45,13,37,13,37,13,38,13,37,15,35,14,36,14,36,14,36,14,36,13,37,13,37,13,37,13,37,13,37,14,36,13,37,13,37,13,37,13,36,15,34,16,34,17,33,18,14,8,10,20,8,16,6,46,4,46,4,46,4,47,2,49,1,3
m824,264,63,42,45,2,60,8,54,11,51,13,14,4,30,16,13,9,23,19,13,16,3,1,2,1,5,23,12,52,12,52,7,57,5,59,4,60,1,62,2,61,3,60,2,61,2,61,2,1,4,56,2,1,1,59,2,61,2,6,1,55,1,6,4,59,6,55,9,48,1,6,9,47,1,5,11,46,1,4,13,45,2,1,15,9,6,30,18,9,9,27,18,7,13,25,19,6,13,24,19,7,13,22,21,6,15,19,21,8,15,18,22,8,15,16,24,2,2,1,19,14,49,14,49,14,49,13,50,12,51,10,55,5,16
m856,242,59,48,35,4,55,5,54,5,52,6,52,7,51,8,50,9,25,1,24,9,24,4,20,11,24,9,15,11,24,11,14,11,22,16,5,18,17,21,1,21,16,45,14,46,14,47,12,49,10,50,8,51,8,51,10,50,10,49,10,50,9,50,9,50,8,52,7,20,3,29,7,20,4,28,7,20,3,29,8,19,3,29,9,20,1,29,9,13,1,35,12,11,3,33,12,11,6,9,1,18,14,11,6,7,1,1,1,18,15,11,1,1,4,7,3,17,1,1,13,12,1,12,2,17,1,1,14,22,5,15,18,15,1,5,5,16,19,13,1,1,1,1,1,1,5,2,2,12,23,9,11,2,2,12,24,8,12,1,3,12,25,5,4,1,7,2,3,12,26,3,13,2,2,14,47,13,46,13,3,2,45,10,54,6,3
m855,222,64,39,32,8,33,9,10,13,30,17,1,20,21,43,21,44,9,1,9,46,1,1,1,7,8,56,1,1,2,1,2,63,1,448,1,63,1,63,1,63,1,63,2,62,2,61,3,16,1,44,4,15,1,43,6,14,1,44,6,13,4,41,8,11,5,39,11,9,4,36,15,8,6,34,17,7,6,34,19,5,6,33,21,2,8,33,32,31,33,31,33,30,34,30,35,28,36,28,36,14,5,3,1,4,38,8,30
m885,258,18,52,9,5,12,6,11,7,10,8,9,9,9,10,7,11,7,11,6,12,6,12,6,13,5,13,4,14,4,15,3,14,4,15,3,15,2,16,1,17,2,16,3,15,3,15,2,16,3,15,4,14,4,14,4,14,1,17,3,15,3,16,2,16,2,16,2,16,2,16,1,17,1,17,1,17,1,17,1,125,1,17,2,16,2,16,3,15,3,15,3,14,6,12,1
m778,248,16,52,8,1,14,4,11,5,11,6,10,6,10,6,10,6,9,7,9,7,9,8,9,7,8,8,8,8,8,9,7,9,7,9,7,9,7,9,8,9,7,9,7,9,6,10,6,10,6,10,7,9,6,10,6,11,5,11,4,12,3,13,2,14,1,15,1,15,1,15,1,15,1,126,1,15,1,15,1,15,1,15,1,15,1,15,1,14,3,13,4,4,2,6,2
m867,201,46,24,25,6,33,17,27,20,23,24,21,25,18,29,11,35,9,38,7,41,5,42,4,43,3,44,2,44,2,45,1,45,2,45,5,41,7,39,7,15,8,16,7,14,11,14,6,13,15,10,8,12,18,7,8,13,19,6,8,13,28
m787,225,44,29,4,19,24,31,12,33,10,35,9,36,8,36,8,37,6,38,6,39,5,39,6,39,5,39,5,40,6,39,9,35,10,35,9,36,7,16,1,20,7,16,4,17,6,16,6,16,6,15,7,8,2,6,5,6,2,7,9,7,4,4,4,6,19,7,6,2,2,8,20,5,11,7,21,5,12,5,23,4,13,2,25,3,41,3,41,2,11
m760,271,34,24,18,14,14,22,3,337,1,33,3,30,6,28,9,25,11,22,14,20,14,19,15,6,2,11,15,6,2,10,16,7,3,8,17,6,4,6,18,6,4,6,5
m801,285,36,26,27,3,29,8,26,12,20,17,17,20,13,24,10,26,8,28,7,29,6,30,3,33,1,35,1,107,1,71,1,24,4,7,1,23,6,6,6,17,7,6,13,10,7,5,15,8,8,5,15,8,8,4,16,8,8,2,18,9,27,9,13
m864,309,49,26,25,1,43,14,24,30,13,37,11,38,10,40,8,41,8,41,8,41,8,41,8,41,8,43,6,46,3,47,2,48,3,46,8,18,6,18,7,17,8,17,7,16,9,17,7,9,17,10,3,3,7,7,20,9,13,6,23,8,11,6,25,7,11,5,27,6,11,5,28,5,11,4,30,4,5
m870,328,47,28,3,8,38,18,28,22,25,26,21,32,15,37,9,40,7,41,7,40,7,40,7,40,8,39,13,34,13,35,12,35,11,36,10,38,8,40,7,40,7,17,5,19,6,6,5,3,9,18,6,5,6,3,10,8,2,8,6,3,20,8,3,7,29,8,4,7,29,8,4,6,29,8,5,5,31,5,7,4,32,4,11
m903,338,38,26,1,8,30,26,12,29,8,32,6,34,4,36,2,37,1,38,1,37,1,37,1,37,1,36,2,35,5,32,12,25,14,23,15,23,16,21,17,21,18,20,19,19,19,19,20,18,20,4,5,8,22,2,7,7,22,1,9,6,7
m927,337,42,28,28,1,1,1,33,13,25,19,20,23,14,29,6,37,3,39,3,39,2,41,1,166,2,40,2,39,4,39,9,33,11,31,13,29,15,12,4,11,15,11,6,10,15,10,7,10,16,9,7,10,16,10,6,10,16,10,6,9,17,10,6,8,18,10,33,2,3,4,18
m934,329,45,26,6,13,1,1,26,24,21,30,14,34,11,36,8,38,7,39,6,40,5,40,5,40,5,41,4,41,5,41,4,41,9,36,10,35,10,36,9,37,8,14,1,1,1,21,7,9,11,18,6,8,14,17,5,8,16,16,5,7,18,15,5,6,21,13,5,5,24,8,8,4,25,7,4
m890,316,39,27,5,9,28,14,23,19,19,24,15,34,5,36,3,38,2,38,1,38,3,36,6,33,8,31,9,30,9,30,10,29,10,29,10,29,9,30,8,31,8,22,1,8,8,7,1,13,3,7,8,5,4,12,3,7,7,6,4,11,5,6,8,5,5,10,6,4,9,4,6,10,19,4,9,7,33,6,11
m844,319,30,33,25,3,26,4,26,3,62,1,286,2,22,11,17,16,12,19,9,22,8,22,8,22,7,23,1,1,5,25,4,26,3,27,3,27,2,29,1,28,2,28,2,28,3,27,4,25,9,21,3
m867,400,29,11,20,3,14,17,9,22,5,24,4,26,3,27,1,28,1,75,3,20,12,5
m818,380,45,20,23,8,35,19,24,23,21,26,17,29,15,30,14,31,13,32,11,34,9,36,4,22,13,5,2,19,25,18,27,16,29,16,30,15,31,15,32,13,1,2,32,12,34,9,28
m827,379,34,11,13,1,30,18,14,21,12,24,8,29,4,30,3,31,2,32,1,43,14,9,2,8,25
m831,376,43,11,22,12,28,20,21,25,17,27,14,29,13,30,11,32,8,60,4,10,4,19,24,17,26
m843,376,49,8,28,18,28,22,9,1,15,25,1,11,11,26,1,11,8,30,1,11,5,32,3,46,10,18,14,7
m880,369,34,9,15,16,15,21,12,23,9,25,7,27,5,29,2,49,8,5,4,13,21
m865,368,38,7,19,19,16,22,14,24,13,25,11,30,8,27,11,27
