1
m805,244,49,27,5,6,41,11,37,13,36,14,34,15,34,18,31,20,28,23,26,30,20,41,8,48,1,48,7,42,10,39,10,37,12,35,14,34,15,34,15,33,15,34,15,35,13,36,13,21,5,12,11,14,12,13,10,12,14,13,11,10,16,13,10,9,17,12,2
m769,255,52,24,19,6,39,24,20,4,1,31,15,41,10,44,8,46,5,48,4,49,3,49,3,50,1,51,1,151,1,3,1,51,1,9,4,15,7,17,13,11,12,16,13,10,15,14,12,10,18,12,11,10,20,11,11,10,22,9,10,11,24,7,10,10,27,5,10,10,29,2,1
m741,255,45,24,25,6,32,20,22,25,9,2,7,28,7,4,3,32,5,40,5,40,4,41,4,41,3,42,3,42,3,43,2,43,2,44,2,43,5,41,8,19,3,15,11,16,7,11,15,11,9,10,18,8,9,3,3,4,19,7,9,3,3,4,19,7,9,3,3,4,20,6,9,3,4,3,20,6,9,3,5,2
m710,258,38,27,4,4,33,11,26,14,24,17,3,13,5,35,2,75,1,37,4,34,5,33,6,32,7,31,10,28,10,28,10,28,10,28,10,28,12,26,12,26,12,26,12,18,1,7,12,7,3,7,3,6,12,6,5,7,3,5,12,6,5,7,3,5,12,6,5,8,3,4,12,6,6,8,3,3,13,5,6,8,6
m697,260,51,27,7,11,38,15,35,17,33,21,30,29,21,37,14,39,11,41,9,44,7,46,6,45,8,7,1,36,15,35,16,35,16,35,16,35,16,35,16,36,15,37,13,39,11,15,7,19,9,5,3,6,10,19,7,6,4,5,11,18,5,7,5,5,12,8,2,7,4,7,6,5,13,8,3,5,4,6,8,4,14,6,5,4,4,5,9,4,16,3,10
m714,283,48,23,27,10,34,17,25,25,18,31,9,40,6,43,3,45,3,45,3,46,2,46,2,46,2,47,1,47,1,47,1,48,9,19,3,17,11,15,6,16,12,11,10,15,12,11,11,14,12,11,13,12,12,11,15,10,12,10,18,8,16,6,22,2,2
m785,292,38,26,25,8,26,14,7,3,10,19,4,10,1,25,1,37,1,37,1,227,2,36,5,33,8,30,9,29,10,28,12,26,14,13,3,8,15,10,5,8,17,8,5,8,17,8,5,8,17,9,4,8,18,8,4,7,18,9,4,7,19,8,4,5,3
m784,286,45,34,28,4,39,8,12,9,14,11,10,14,8,14,9,15,6,16,8,39,6,39,6,39,6,40,5,40,5,40,5,41,4,42,3,11,2,28,4,7,3,30,6,41,4,43,2,44,1,44,1,44,3,42,3,42,4,41,5,40,6,38,7,38,7,38,6,38,8,35,10,33,12,32,13,30,16,27,20,25,11
m778,290,55,35,36,4,50,6,48,13,1,1,2,1,35,22,15,8,6,27,13,42,12,43,12,43,11,44,11,44,11,44,10,44,11,44,9,46,5,49,5,50,4,50,4,39,5,7,4,38,7,5,4,39,8,3,5,39,16,39,16,38,17,37,19,36,28,27,31,24,34,20,36,17,37,19,37,15,42,12,46,8,48,7,49,6,25
m775,291,51,33,5,8,42,4,1,3,2,1,39,15,34,19,32,20,31,26,24,29,22,32,19,30,1,1,20,28,23,29,22,38,13,42,10,44,7,13,2,1,1,28,6,13,4,29,6,11,5,29,6,11,8,26,6,8,8,29,7,6,9,30,7,4,9,32,8,1,9,34,16,34,18,33,18,34,17,34,17,34,17,32,19,34,17,22,29,7,44,4,47,4,30
m777,286,62,43,15,1,2,3,51,16,42,24,36,27,34,30,31,32,31,33,27,36,26,37,7,8,9,58,4,58,6,59,5,58,4,58,3,59,3,59,5,57,7,55,9,53,10,52,14,48,16,46,16,46,16,46,17,45,17,44,18,43,21,38,28,32,30,32,8,1,2,2,3,1,14,29,10,12,11,28,11,5,18,23,16,5,3,1,14,23,19,2,19,21,20,2,19,20,21,2,20,18,23,1,21,16,45,17,45,16,47,14,49,11,52,8,25
m867,328,46,28,4,10,33,1,1,19,25,25,21,28,17,34,13,38,8,41,6,41,5,42,5,41,6,40,7,39,10,36,12,34,11,35,10,37,9,37,8,38,8,38,8,39,7,18,5,16,7,16,7,16,8,13,10,8,4,3,13,8,10,8,5,2,14,7,11,7,21,7,11,7,23,5,12,6,23,5,14,4,7
m864,309,47,27,20,11,30,20,19,33,11,38,8,39,7,40,7,40,6,41,6,41,6,42,5,43,4,44,3,45,2,94,2,45,7,18,6,16,7,17,8,15,7,16,9,15,7,9,17,10,11,7,20,9,11,6,23,8,9,6,25,7,9,6,26,6,9,5,28,6,8,4,30,5,8,3,32,3,3
m801,286,36,26,25,6,25,13,19,19,14,23,9,27,8,28,7,29,7,29,6,30,3,33,1,35,1,179,1,26,2,7,1,24,4,7,6,17,6,7,12,11,6,7,14,8,7,6,15,8,8,4,16,9,7,4,16,9,7,2,19,8,28,8,13
m760,271,34,24,16,16,13,23,2,338,2,32,3,31,5,28,8,26,10,24,11,22,13,20,14,20,15,19,15,18,16,17,17,8,2,7,5
m787,225,45,30,4,20,2,1,20,32,12,34,11,35,10,36,9,36,8,38,7,38,7,39,6,39,6,40,6,39,7,39,7,39,9,36,10,36,9,16,2,19,8,14,7,17,6,15,7,17,6,15,7,17,5,16,7,17,5,16,8,7,3,6,3,8,18,7,5,4,3,7,20,6,12,6,21,6,12,5,22,5,14,1,25,5,40,5,40,5,40,5,10
m866,201,49,24,24,10,34,17,29,21,26,24,23,27,19,30,14,36,10,40,8,42,7,43,6,44,5,45,4,45,5,45,4,46,5,45,8,42,8,19,2,20,8,15,8,18,8,13,12,16,7,12,15,14,8,12,17,9,11,11,20,6,12,10,32
m820,121,32,58,19,13,16,16,13,19,11,21,10,22,9,22,9,22,9,22,9,23,9,22,9,23,9,23,9,23,8,24,8,24,8,23,9,23,9,23,9,23,9,23,9,23,9,23,10,22,12,20,15,17,15,17,16,16,16,16,16,16,15,17,15,17,14,19,13,19,14,18,16,16,16,16,13,19,12,20,12,20,5,3,4,20,5,27,4,28,4,28,5,12,4,11,5,12,5,10,5,11,7,8,6,10,9,6,7,10,22,9,23,8,24,7,25,6,26,6,27,5,28,4,28,3,29,3,29,3,26
m802,147,60,53,24,5,54,7,52,8,52,8,52,8,52,8,54,6,53,6,54,5,56,4,35,4,17,5,32,12,9,8,30,14,6,14,26,37,23,39,5,9,7,54,6,55,5,55,5,55,6,54,7,54,1,1,4,54,1,2,5,52,1,1,8,50,1,2,9,48,1,2,9,48,1,1,11,46,13,48,1,1,1,1,8,50,10,50,8,53,7,51,9,1,1,50,11,50,10,47,12,48,12,47,13,46,15,5,2,39,15,4,3,37,17,3,2,38,18,1,4,37,23,37,23,37,23,37,24,36,25,14,1,20,26,10,10,14,27,8,12,12,29,5,16,10,51,9,52,7,54,5,9
m797,152,59,42,17,13,44,17,40,20,37,23,35,26,33,28,29,1,1,29,22,39,19,41,18,42,17,42,17,42,16,43,17,42,18,41,18,42,17,42,18,40,19,45,15,45,15,45,15,46,15,46,15,45,16,44,16,44,16,44,16,43,17,43,18,41,20,39,22,37,25,34,27,32,29,30,31,28,35,24,39,20,42,17,45,14,47,12,48,10,1
m798,170,48,70,2,1,45,6,42,8,40,9,39,10,39,13,36,15,33,16,32,17,31,21,27,21,27,23,25,27,21,30,18,34,1,3,9,45,3,46,2,46,2,46,2,47,1,47,1,46,2,45,3,42,6,41,8,40,8,40,8,40,9,39,9,39,10,38,11,37,11,37,12,36,12,36,13,35,14,34,16,33,17,31,22,26,25,23,27,21,29,19,31,17,33,16,33,17,33,15,34,14,35,13,35,14,35,14,34,13,35,14,34,14,34,12,36,11,37,12,36,12,37,12,36,12,36,13,36,12,36,12,37,11,38,10,39,9,41,7,42,6,42,6,42,6
m756,187,59,55,15,4,1,4,1,2,45,16,42,20,39,21,37,25,33,29,28,34,23,37,22,37,21,39,20,39,20,39,20,25,3,10,17,2,1,25,7,3,20,29,30,29,30,28,31,28,31,28,32,28,32,27,34,25,34,25,35,24,36,24,36,23,37,22,38,22,15,2,21,22,14,6,18,22,13,3,1,3,17,22,13,9,16,22,12,10,15,22,12,10,1,1,13,23,11,2,2,9,13,25,3,1,4,13,13,25,8,1,3,9,13,3,1,1,4,16,8,1,4,8,23,15,8,1,3,9,25,13,8,1,2,10,27,11,9,1,1,10,27,11,12,9,27,11,12,8,29,11,13,3,32,10,35,2,12,10,35,2,12,10,35,2,12,9,50,9,50,9,50,8,51,8,51,8,52,7,52,7,53,6,23
m730,195,44,36,10,8,36,8,36,19,24,23,21,26,19,29,15,33,11,34,11,33,10,34,8,36,4,1,1,38,3,30,3,8,2,29,14,29,15,29,15,29,14,30,14,30,15,28,16,28,18,25,21,21,24,20,24,20,25,19,27,18,27,18,28,16,30,15,30,14,31,14,32,12,33,12,34,10,37,7,13
m713,202,41,38,7,1,1,1,1,1,24,2,10,8,19,4,9,10,13,10,8,13,9,11,7,16,3,15,9,32,9,32,14,27,15,26,17,24,18,16,2,6,19,13,4,5,20,11,6,4,20,11,7,1,22,11,30,11,30,11,13,5,12,11,12,8,1,1,2,1,1,1,3,11,11,16,1,13,11,16,1,14,10,16,1,16,9,34,8,36,6,36,5,37,5,36,8,33,9,33,9,32,10,31,12,29,14,27,17,1,2,20,23,18,24,18,24,17,26,14,1
m718,208,65,59,4,1,61,6,59,12,53,13,53,13,52,15,50,17,49,19,46,30,35,32,32,33,32,35,30,36,1,1,27,39,25,41,24,43,21,46,19,48,17,49,16,49,17,48,17,49,16,49,16,49,16,49,16,50,15,51,15,51,14,54,12,55,11,55,11,55,13,53,14,53,13,52,14,52,14,51,16,50,16,49,19,46,23,42,25,40,27,38,28,37,31,34,35,2,1,27,41,24,45,20,49,16,50,15,51,14,52,11,57,6,61,3,330
m728,217,46,48,2,4,40,9,37,11,35,13,34,13,34,14,33,16,30,19,29,21,26,21,1,1,2,2,1,2,16,35,12,37,9,37,1,1,7,39,7,39,6,40,6,40,6,40,6,40,6,38,8,37,9,36,9,36,10,36,10,36,10,36,11,35,11,35,11,35,12,34,12,34,13,32,14,32,14,32,14,32,14,32,15,31,16,31,17,29,20,26,22,25,23,24,23,25,24,23,24,21,27,19,29,16,34,10,4
m745,231,73,44,19,2,70,20,52,29,44,29,44,29,44,30,40,1,1,33,30,2,7,35,23,51,22,47,2,2,23,48,1,1,24,46,27,47,27,46,27,47,2,1,23,50,24,57,16,61,14,60,14,60,14,60,14,60,15,59,15,58,17,57,17,56,19,54,20,53,21,52,23,51,23,50,25,48,27,46,30,44,31,42,32,41,33,40,35,38,37,36,40,33,41,32,52,21,54,18,57,14,3
m760,221,66,42,17,6,53,16,48,23,45,21,50,17,49,17,49,17,49,18,49,17,51,14,42,1,10,14,34,8,10,14,34,9,9,14,34,10,9,13,34,13,6,14,32,16,2,1,1,14,33,15,4,14,33,16,1,3,2,12,32,37,31,39,28,41,27,40,27,41,26,41,26,42,25,44,23,44,24,43,25,42,25,43,24,43,24,45,23,42,26,40,28,40,30,37,34,33,40,26,44,20,1,1,47,19,50,16,55,10,1
m769,202,68,43,31,2,66,4,61,1,2,5,60,2,1,6,57,11,57,13,53,18,49,20,29,1,1,6,11,20,27,11,4,25,27,41,27,41,27,41,26,43,25,42,26,42,27,41,27,43,26,43,25,46,24,46,24,47,23,49,21,49,21,49,21,48,21,48,22,47,22,47,22,47,23,46,24,45,25,43,26,42,28,40,30,38,32,36,36,32,39,29,41,27,46,21,52,15,56,10,4
m784,151,77,58,4,7,67,12,64,14,63,15,63,16,61,17,61,18,60,18,60,21,57,33,44,35,44,37,40,40,36,42,35,43,34,43,34,44,33,43,35,42,34,43,35,42,36,41,35,42,35,42,35,43,34,46,31,46,31,48,29,50,27,51,26,53,25,55,22,58,19,62,16,62,16,62,15,62,16,62,16,61,18,60,18,59,19,58,20,58,20,57,21,56,24,54,25,52,28,49,32,46,33,44,34,43,35,42,37,40,39,38,40,37,42,35,45,4,6,22,58,17,2
m800,152,69,45,29,1,58,15,52,18,50,19,46,1,1,23,43,27,40,31,37,37,26,47,21,50,19,51,17,52,17,53,17,53,16,54,15,56,13,57,12,60,9,61,8,62,7,63,7,62,8,62,9,61,12,58,13,57,14,56,15,54,16,53,17,52,18,51,20,49,21,48,23,46,26,43,27,42,29,40,31,38,33,36,37,32,42,27,44,25,46,22,49,18,53,15,4
m811,144,67,47,12,8,2,13,41,28,38,29,38,31,35,33,33,36,31,37,29,40,26,44,22,47,19,50,16,52,14,53,14,54,13,55,12,55,12,56,11,58,10,58,9,58,10,58,10,58,11,56,12,55,14,54,14,53,15,53,16,52,17,50,18,50,18,50,18,49,20,48,21,46,23,44,25,42,27,40,28,39,29,38,30,37,31,36,32,35,33,34,36,31,37,30,40,25,48,17,4
m793,88,81,60,7,1,1,4,75,9,72,11,70,13,68,14,67,15,66,16,65,19,62,22,59,24,57,25,56,24,56,26,55,27,54,31,49,38,42,45,35,49,30,52,29,53,27,55,26,55,27,55,27,54,27,56,27,56,26,56,26,55,26,55,27,54,28,53,30,50,32,49,33,47,35,45,36,45,37,45,37,46,36,47,35,59,23,60,22,60,23,58,24,57,25,56,26,55,28,53,30,52,31,50,34,47,36,45,39,43,39,42,40,41,42,39,45,36,48,33,51,30,52,28,56,22,4
m736,88,69,41,16,8,57,13,2,3,2,1,48,26,43,25,43,26,40,30,34,34,33,35,33,36,33,34,36,31,38,31,38,31,38,32,37,33,37,34,36,36,34,38,32,41,29,42,29,43,27,44,26,46,25,48,23,49,21,50,20,50,19,51,19,50,21,49,21,48,24,45,27,42,31,39,32,37,33,36,35,34,37,32,40,29,51,17,56,12,2
m678,72,64,45,15,12,49,20,42,24,40,24,39,26,37,27,36,29,34,34,28,39,24,44,19,46,17,47,16,49,15,49,16,48,16,42,22,40,24,36,29,34,30,34,30,34,30,35,31,33,32,34,31,36,29,36,30,34,31,42,23,43,22,46,20,44,21,44,22,45,21,45,21,43,25,39,27,37,28,36,31,33,36,28,40,24,44,20,49,15,51,13,54,6,1,3
m602,87,70,40,27,1,64,16,52,21,47,25,44,27,42,29,39,31,39,32,37,34,32,39,22,49,21,51,19,52,18,53,17,54,17,53,18,52,19,51,20,55,16,54,16,53,18,54,17,54,17,54,18,57,15,56,15,56,15,55,16,54,17,53,18,52,20,50,22,48,26,45,27,43,28,42,30,40,32,38,36,34,39,30,1
m586,144,59,42,14,9,49,15,43,19,41,20,39,21,38,22,35,25,37,23,32,28,28,33,21,3,2,36,18,4,4,1,5,25,19,14,1,24,19,7,2,4,3,23,20,37,22,34,25,31,28,30,29,29,30,28,31,24,35,22,37,22,39,20,41,20,41,18,41,19,41,19,41,18,42,18,42,18,43,18,44,35,27,39,22,39,21,38,22,34,27,35,26,30,32,28,34,25,36,5,3,1,1,13,2
m570,241,65,46,2,5,59,7,57,8,58,9,58,8,58,9,57,11,55,16,50,17,48,18,47,18,46,20,45,21,44,22,42,27,38,36,6,2,21,38,3,3,21,44,21,47,18,44,1,1,19,44,21,43,21,48,17,42,23,43,22,44,1,1,20,43,22,45,20,47,18,48,18,50,15,50,15,55,10,55,12,56,10,55,12,54,12,51,15,46,20,21,14,1,5,1,24,19,47,17,50,15,51,15,50,15,52,13,31
m573,304,66,44,13,6,1,14,42,24,41,29,37,30,33,35,29,38,28,38,27,41,24,42,24,44,21,45,21,45,20,45,21,45,21,46,20,47,20,47,20,49,17,52,14,55,12,55,12,55,12,55,12,55,12,55,12,55,12,55,12,54,14,53,14,53,15,51,17,49,21,45,22,44,24,42,26,40,29,37,31,35,33,33,34,32,38,28,41,25,46,20,51,14,1
m560,323,55,41,10,1,54,4,51,4,54,1,1,7,48,11,44,17,37,21,34,24,31,25,31,26,29,27,29,27,27,30,26,31,24,32,10,2,11,34,6,6,9,35,4,10,6,37,2,13,3,38,1,54,1,220,1,54,1,54,2,52,4,50,8,48,10,45,12,43,13,40,17,39,17,34,22,33,24,30,27,26,31,24,33,17,39,15,43,12,15
m554,336,69,47,17,1,66,5,1,1,62,19,49,21,48,23,46,23,46,24,47,25,45,26,43,28,43,28,23,2,13,32,21,5,11,35,18,11,5,36,17,53,16,54,15,54,16,55,14,57,12,58,12,59,10,60,10,59,11,60,11,59,11,59,12,58,13,56,15,55,15,54,17,53,17,52,19,50,21,48,22,47,23,46,24,45,27,42,33,36,37,32,38,31,39,30,41,6,2,20,52,17,56,13,56,10,60,5,7
m560,336,67,46,16,1,66,16,50,19,48,20,47,20,48,18,49,18,48,19,35,4,5,1,3,18,35,32,34,33,34,33,34,33,34,33,34,33,34,33,34,33,34,34,34,36,32,38,29,39,29,41,27,42,26,42,27,41,28,40,29,38,31,36,32,36,33,35,33,37,32,41,28,42,27,42,26,42,26,42,26,41,27,40,29,38,31,36,33,34,34,33,36,31,39,27,48,17,52,14,4
m545,299,52,46,4,1,53,3,46,9,42,14,40,21,33,36,16,39,12,41,10,43,9,43,9,43,7,44,7,46,5,47,5,47,5,47,5,47,5,46,7,45,6,44,9,38,15,31,1,3,19,27,25,25,27,25,28,23,29,23,30,22,31,21,31,22,32,20,33,20,1,1,6,11,16,19,9,11,14,18,9,11,15,18,7,10,1,1,16,18,1,1,6,3,1,4,1,1,17,20,4,4,25,23,31,25,29,22,32,17,38,13,42,11,42,11,42,10,44,8,10
m544,259,66,43,23,4,1,5,55,13,51,14,51,15,35,8,7,17,33,34,32,31,34,31,35,31,34,32,34,32,34,32,34,32,34,32,34,34,32,34,32,35,31,36,31,37,30,40,28,48,20,49,18,51,16,51,17,51,16,51,17,50,18,49,19,47,20,47,20,46,22,45,23,43,25,41,29,37,36,30,39,27,42,24,44,22,46,20,47,19,49,16,52,12,3
m525,213,50,42,12,3,3,6,37,4,1,9,35,17,30,22,27,1,1,22,25,27,21,34,16,39,10,42,8,44,4,1,1,46,2,48,2,73,1,26,1,22,3,24,2,24,1,22,4,22,2,21,7,21,1,21,8,20,1,19,11,39,11,37,14,24,2,9,15,22,7,1,1,4,16,23,4,7,17,20,6,10,15,35,16,34,18,35,17,33,18,32,20,30,22,29,22,28,24,26,26,24,28,22,29,21,31,19,33,17,35,15,36,14,38,12
m497,197,46,34,34,1,35,14,28,19,25,23,23,25,23,24,20,27,19,28,16,30,4,3,9,30,2,10,9,19,7,12,8,3,1,1,3,9,8,14,12,11,9,18,10,1,2,3,12,16,11,2,2,3,12,17,14,3,12,19,11,4,13,21,4,2,2,3,15,26,1,1,19,23,24,21,26,21,27,21,26,21,27,19,29,19,29,17,30,22,25,22,25,22,24,21,27,20,29,16,33,13,8
m457,185,53,32,11,23,28,26,26,28,24,30,23,31,22,33,19,37,16,42,10,45,7,47,5,49,3,50,2,50,3,49,4,40,12,40,13,40,14,39,14,39,15,38,15,39,16,38,16,42,13,45,10,44,12,21,4,16,15,17,7,14,16,15,8,14,17,14,9,12,18,14,10,8,23,12,11,5,29,8,22
m398,164,57,44,10,1,3,1,51,9,48,12,44,14,44,1,1,11,43,15,42,15,42,14,41,1,1,14,41,16,41,1,1,14,43,15,42,15,42,16,41,16,41,17,37,2,2,17,36,1,3,18,30,32,25,54,7,52,4,54,3,54,3,54,3,54,4,53,5,52,5,15,1,36,7,50,9,48,12,45,23,34,26,31,28,29,29,28,30,27,31,26,33,24,35,22,37,20,38,19,39,17,43,13,44,12,3
m344,136,51,59,3,2,47,7,43,9,42,11,41,12,39,13,40,12,42,12,40,13,38,14,37,15,36,15,36,16,35,17,35,18,32,22,29,30,20,33,18,34,17,34,17,35,16,35,15,35,15,36,15,36,15,36,15,35,15,36,15,36,15,36,15,35,16,35,17,34,17,34,18,32,20,31,21,30,22,30,23,28,24,28,25,26,26,25,28,24,28,23,29,23,29,22,31,20,33,19,33,19,34,18,34,18,35,17,36,16,37,16,36,16,37,15,38,13,41,10,43,8
m311,134,67,54,3,2,73,2,60,1,2,6,61,9,57,21,43,25,42,26,41,27,41,28,40,28,40,28,39,31,37,32,35,35,33,35,32,37,31,37,29,38,24,44,22,45,21,46,19,49,17,50,17,51,17,51,16,54,13,58,10,59,8,61,7,61,7,60,8,59,10,58,10,57,12,55,13,54,14,53,15,52,16,51,18,50,18,49,20,47,22,46,24,43,25,42,28,39,32,35,34,33,36,31,41,26,47,19,50,16,54,12,60,5,5
m290,127,61,44,17,6,52,17,43,20,40,22,39,23,38,23,37,25,36,25,35,28,32,42,18,45,15,46,15,47,14,46,15,46,10,2,2,47,9,52,9,52,8,52,9,52,10,49,12,50,11,51,11,50,11,51,12,50,12,49,1,2,10,53,10,53,9,23,2,2,1,24,10,21,6,24,12,19,7,23,13,48,15,46,17,43,21,40,22,40,22,39,24,36,28,33,31,31,49,11,57,4,57,5
m244,117,54,54,1,6,47,9,45,10,44,12,42,14,41,14,40,16,38,18,36,21,33,22,32,25,31,26,2,1,26,32,22,33,22,32,27,28,28,26,29,26,30,24,30,25,32,24,30,25,30,25,30,24,30,25,16,2,11,26,14,4,10,27,12,10,1,33,9,47,7,47,6,14,1,34,5,14,1,34,5,51,3,24,3,24,4,22,5,23,4,22,5,23,5,23,3,23,8,20,1,24,11,44,11,41,14,40,1,1,14,38,17,37,19,35,1,1,19,33,1,1,20,34,20,34,21,33,23,31,24,30,27,23,2,2,32,18,3,1,36,6,2,8,1,1,37,1,1,1,6,5,3
m224,136,67,50,16,15,48,21,45,22,44,24,42,26,41,26,41,28,39,30,37,33,34,35,31,2,1,35,29,2,1,36,28,40,21,4,1,41,20,5,1,42,19,50,17,52,14,54,13,56,11,57,11,57,10,59,9,59,8,60,8,60,9,59,10,57,11,56,13,54,14,54,16,51,17,50,19,48,20,48,21,46,24,44,24,43,26,41,29,38,32,35,35,32,42,25,45,22,49,18,51,15,53,14,54,13,55,11,57,10,58,8,3
m191,143,67,48,20,2,66,1,70,5,58,1,1,13,56,12,55,13,54,14,51,16,48,20,45,23,42,26,39,30,33,35,25,44,21,8,1,38,19,9,1,39,19,50,17,52,15,53,14,56,12,56,11,57,10,59,10,58,10,59,9,58,11,57,12,55,14,53,16,51,18,49,19,48,20,48,21,46,21,47,21,46,23,44,25,42,27,40,32,35,34,33,37,30,38,29,40,27,42,24,46,21,49,17,53,13,3
m162,151,58,41,26,1,53,9,49,21,36,23,35,24,34,24,37,22,38,20,41,18,42,18,11,11,19,17,9,19,19,11,9,19,19,11,9,20,17,11,13,18,40,20,39,20,40,18,41,18,41,19,39,19,40,20,39,20,40,19,41,18,41,19,40,19,41,18,42,17,42,17,42,16,43,16,43,17,42,21,39,23,36,24,37,22,39,19,42,17,45,13,49,4,1,8
m131,153,66,46,9,1,65,2,65,6,61,5,62,7,60,7,60,9,57,10,2,11,43,26,41,28,38,29,37,29,37,30,37,30,35,31,33,33,33,33,28,39,20,46,20,47,1,1,16,48,19,49,18,44,23,43,24,41,26,39,3,5,2,2,16,45,2,3,16,40,1,9,17,37,3,10,17,35,4,10,18,48,19,46,22,47,20,46,21,45,4,1,17,44,23,43,6,1,18,41,27,39,29,37,30,36,2,5,25,34,4,3,26,30,37,29,39,24,1,1,41,23,13
m133,172,64,39,26,2,60,4,56,9,54,10,53,10,52,13,51,13,51,13,51,13,50,14,50,14,35,4,10,16,34,6,10,14,35,7,8,15,2,1,32,8,6,18,32,9,5,20,31,34,31,34,30,37,28,43,22,46,20,46,19,47,18,48,17,48,17,48,18,47,19,46,21,43,23,42,24,41,25,39,27,37,28,36,30,34,33,31,41,23,44,19,48,14,3
m111,161,67,49,14,1,64,8,56,17,7,1,42,28,37,35,31,38,28,41,25,43,22,45,21,47,20,47,20,47,20,47,20,48,19,48,18,49,18,49,18,51,16,52,15,54,13,55,12,57,10,58,10,58,9,59,9,59,9,59,9,58,11,57,13,55,14,53,16,52,17,50,19,48,19,48,20,47,22,45,23,44,25,43,27,40,28,39,30,38,31,36,34,33,36,31,42,25,46,21,49,17,53,13,2
m99,157,50,39,7,1,45,8,42,16,10,1,24,38,13,38,12,38,11,40,11,39,12,38,12,39,11,39,11,39,11,40,9,41,9,41,9,41,9,42,7,43,9,42,9,41,9,41,3,37,6,3,3,37,13,37,13,37,13,37,13,38,13,39,11,42,9,43,8,44,7,45,6,45,7,43,9,41,11,22,1,16,13,17,5,14,15,15,10,9,17,13,22
m72,170,44,37,10,2,40,14,1,11,17,28,16,29,15,30,12,33,10,34,10,35,9,35,8,36,7,37,7,37,6,38,6,38,5,39,5,40,4,40,4,40,4,41,3,41,3,41,3,42,3,41,4,42,3,41,4,40,6,38,7,37,9,35,11,32,14,28,18,25,20,23,22,21,24,19,27,14,32,11,11
m48,182,52,42,8,5,46,8,44,15,2,1,33,25,27,26,26,27,24,29,22,31,21,33,18,35,16,37,15,37,14,38,14,40,11,43,2,1,6,44,8,45,7,44,8,45,7,45,8,43,9,45,7,46,7,45,7,46,8,44,10,42,11,42,12,40,14,38,16,36,17,35,19,33,20,33,20,33,20,32,21,31,22,31,24,28,26,26,32,8,1,11,34,1,1,3,5,8
m1,184,49,53,2,4,44,7,41,10,39,11,38,12,37,13,36,14,35,15,35,17,32,19,30,20,31,19,29,22,26,1,1,24,25,1,1,25,24,32,17,38,11,40,9,40,10,41,8,43,5,44,5,44,3,46,3,46,3,39,8,40,10,38,12,37,12,37,13,35,15,34,16,33,17,32,18,31,18,31,19,30,20,30,21,28,23,26,24,26,25,25,24,25,26,25,26,25,26,23,27,23,28,21,30,20,32,17,34,16,34,15,35,14
m0,206,55,46,1,12,42,26,29,29,26,30,25,31,24,32,23,33,22,34,21,35,20,36,19,37,18,37,18,38,17,38,17,39,16,39,16,40,15,40,15,40,15,41,14,41,14,42,13,42,13,42,13,43,12,45,10,47,8,48,7,50,5,51,5,51,5,52,5,50,6,50,8,47,11,44,14,41,16,39,17,38,23,32,29,26,30,25,32,23,34,20,38,16,42,11,4
m6,273,88,66,2,5,81,9,79,12,77,12,76,15,73,17,71,20,68,23,65,27,61,30,58,32,56,34,54,36,53,37,51,40,49,53,41,52,38,1,1,50,38,53,36,55,34,55,12,2,21,54,12,1,24,52,36,53,35,54,34,55,34,55,33,56,32,57,32,57,31,58,32,56,33,56,1,2,29,56,32,58,30,56,1,2,29,60,28,60,28,60,29,59,29,59,29,60,28,60,30,58,30,59,30,59,30,58,32,56,36,52,38,50,40,48,41,47,43,45,44,44,45,43,48,40,49,10,13,16,50,7,16,15,51,5,18,14,52,3,20,13,75,13,77,11,78,10,81,7,82,6,82,6
m0,272,86,78,2,3,82,5,80,6,80,7,79,8,78,9,34,1,42,10,32,3,41,13,22,1,4,8,38,18,14,22,32,26,3,30,27,64,22,66,20,69,17,70,16,72,14,74,12,76,10,77,9,78,8,79,7,80,6,81,5,82,4,83,3,84,2,85,1,774,1,85,1,85,3,83,5,81,8,78,8,78,10,76,11,75,12,74,12,74,13,73,14,72,15,71,16,70,16,57,2,11,18,54,7,2,25,52,36,49,40,46,43,19,9,14,45,17,14,10,47,14,16,8,49,13,17,6,51,12,18,4,52,12,19,4,51,12,74,12,74,12,74,12,74,13,73,13,73,13,73,13,73,12,73,13,73,13,73,14,73,14,72,13,73,13,73,13,74,11,76,10,41
m0,257,56,79,0,1,3,1,2,2,47,1,5,6,44,1,1,12,42,16,40,17,39,17,39,17,39,18,38,18,38,19,37,21,35,24,32,28,28,34,22,40,16,43,13,44,12,46,10,47,9,47,9,49,7,50,6,51,5,52,4,54,2,54,2,55,1,1343,1,54,2,53,3,51,5,51,5,50,6,48,10,45,12,44,13,13,8,21,15,11,11,19,16,10,15,15,17,8,18,13,18,7,19,12,19,6,21,10,19,6,21,10,19,6,22,9,19,6,22,9,19,6,22,8,21,5,22,8,21,5,22,7,22,5,22,7,22,5,22,7,22,5,22,8,22,4,23,6,23,3,25,4,24,4,24,4,26,2,25,2,25,4,41
m0,257,26,57,8,2,1,1,22,5,21,6,20,7,19,8,18,9,17,11,15,13,13,14,12,15,10,17,8,18,7,20,5,23,1,361,1,22,1,2,1,25,1,23,3,22,4,22,4,22,4,22,4,19,1,1,5,19,7,18,8,17,9,17,9,17,9,16,11,15,11,15,11,15,12,14,13,13,15,11,16,10,17,9,18,8,21,5,21,5,22,4,22,4,22,4,23,3,10
m35,220,63,89,52,11,48,3,1,11,47,16,46,17,46,17,45,17,46,17,45,17,42,18,44,18,43,17,1,2,40,18,42,21,40,22,40,23,37,25,35,27,33,30,30,31,29,32,26,32,30,32,31,32,30,32,31,31,31,32,31,32,31,31,32,31,32,31,31,31,32,30,33,29,34,29,34,29,34,29,35,27,36,27,36,27,36,26,37,26,38,25,38,24,39,24,40,22,41,22,41,22,41,22,42,21,41,22,41,22,40,23,40,23,40,23,40,23,39,24,37,26,34,29,34,29,34,30,33,30,33,30,24,3,6,30,14,1,9,4,5,30,11,5,6,7,4,30,11,4,8,6,4,29,13,3,8,6,4,29,13,2,9,6,4,29,24,7,4,26,26,7,4,25,15,1,11,7,4,25,14,4,9,7,4,13,2,9,14,5,9,6,5,12,4,8,14,5,9,6,5,11,4,8,15,5,9,7,4,11,4,7,16,5,9,7,4,10,5,7,16,5,9,7,4,10,5,6,18,4,9,7,4,8,7,5,19,3,10,7,4,8,7,5,32,7,4,7,8,4,33,6,5,7,8,4,33,7,5,5,9,4,33,6,6,5,8,5,33,6,7,4,8,5,33,6,20,4,33,6,20,4,33,6,21,2,34,6,57,5,58,6,4
m71,207,63,74,33,14,47,24,9,6,2,6,1,8,4,28,8,14,1,9,2,30,7,57,5,60,3,62,1,62,1,125,1,62,1,252,1,62,1,62,2,56,9,53,12,50,15,47,17,7,9,28,44,18,47,14,51,11,56,5,914,1,58,6,56,8,56,3,1,3,55,8,55,11,52,12,52,13,50,15,49,16,48,15,47,16,47,16,48,17,46,17,46,17,46,17,46,17,47,16,47,16,47,17,46,16,47,17,47,16,48,15,48,14,50,13,51,13,50,12,52,11,52,11,52,11,53,9,57,6,33
m0,328,34,25,1,9,24,13,21,15,19,17,17,20,14,23,11,25,9,28,6,31,3,33,1,33,1,33,1,203,1,32,2,32,2,31,3,28,6,15,1,4,14,13,21,7,27
m51,320,54,22,40,3,42,15,36,19,33,21,31,26,24,32,13,42,10,44,8,47,5,49,4,50,4,50,3,51,3,53,1,50,1,51,7,42,13,35,21,31,23,30,24,3,1,25,26,2,1,7,2,11,23
m20,321,74,31,44,2,1,2,1,3,59,1,1,14,55,21,48,29,43,32,41,33,34,43,20,57,14,64,8,69,4,71,2,72,2,72,2,72,1,146,2,72,5,68,6,68,6,41,1,26,6,38,4,23,1,2,6,37,6,27,5,35,7,22,1,4,5,35,7,4,1,17,1,3,7,24,4,1,13,1,1,1,1,22,7,1,3,17,24,19,17,13,27,17,19,6,33,16,58,15,60,13,67,6,6
m26,266,40,40,29,3,32,4,1,3,31,9,30,11,28,13,25,16,23,18,21,18,21,19,21,19,21,20,20,20,20,20,19,21,19,21,18,23,16,24,16,24,16,24,15,25,15,25,13,27,13,27,6,1,5,27,7,1,4,29,9,31,9,1,1,30,6,34,3,38,1,39,4,36,6,34,6,35,6,34,7,12,5,16,7,11,8,14,9,7,13,11,30,10,32,8,33,6,1
m0,256,60,55,0,1,1,3,2,2,51,5,2,3,50,1,1,3,2,1,1,1,50,13,47,15,45,16,44,18,42,19,24,1,16,21,15,10,14,24,10,13,13,26,5,16,13,47,13,46,14,46,14,46,14,46,14,45,15,45,15,45,15,42,18,43,17,43,17,42,18,42,18,42,18,42,18,43,17,46,14,46,14,47,13,47,13,48,12,48,12,49,11,51,9,53,7,56,4,58,2,59,1,181,2,2,3,53,2,2,1,10,1,4,4,2,1,37,1,7,4,1,7,36,7,2,19,29,34,23,15,2,21,21,16,2,22,19,41,18,43,16,45,14,47,12,47,13,49,10,12
m49,250,47,57,29,2,41,7,39,9,36,11,33,15,31,17,28,20,25,23,23,24,21,27,19,28,17,31,15,33,14,35,11,38,9,39,7,41,6,41,5,43,3,44,2,45,2,45,2,45,2,45,1,46,1,46,1,46,1,46,1,8,2,36,1,8,5,41,7,40,8,38,9,31,1,6,9,31,1,6,9,31,1,6,10,30,1,6,10,30,2,5,10,30,3,3,12,29,18,29,18,29,18,29,18,29,18,29,18,29,18,29,18,29,19,11,6,11,19,10,10,8,19,11,9,8,19,10,12,6,19,10,13,4,21,9,15,1,22,9,38,8,41,6,41,4,21
m8,260,53,68,30,2,48,7,1,1,42,13,37,18,1,2,29,25,26,28,24,22,5,1,24,30,23,30,22,31,21,32,1,3,15,34,2,2,14,35,1,3,13,40,12,42,11,42,10,44,8,47,6,45,7,45,7,47,6,47,5,48,4,49,4,50,3,51,1,158,1,52,1,52,1,52,1,52,1,105,1,52,1,52,1,52,1,52,2,1,2,1,1,46,11,42,11,42,11,41,12,40,14,39,14,38,16,35,19,31,22,31,23,28,1,1,24,27,26,27,26,22,1,3,28,21,32,21,33,20,33,19,34,14,2,3,34,15,1,1,36,15,1,1,37,12,41,12,41,11,42,11,42,10,43,8,46,7,46,5,28
m9,271,49,51,33,1,44,8,37,13,33,17,30,20,26,23,25,25,23,25,23,28,20,29,19,30,19,30,17,33,15,33,16,34,13,21,2,14,11,17,10,11,9,17,12,11,8,16,14,11,6,16,17,10,5,16,18,10,5,15,19,11,4,14,21,10,4,14,21,1,2,8,4,12,22,12,3,12,21,14,2,11,21,16,1,11,21,16,1,11,20,17,1,10,21,17,1,10,21,17,2,9,20,18,2,9,19,19,2,9,18,20,2,9,18,20,2,9,17,21,2,8,16,23,2,8,15,24,2,8,15,24,3,7,15,24,3,6,16,23,5,3,17,24,25,23,26,23,26,22,28,20,30,19,31,18,30,2,1,15,32,1,1,14,33,1,2,12,7
m0,298,38,51,35,1,1,1,35,1,1,1,32,4,1,1,31,7,31,7,31,7,31,7,3,3,24,8,3,4,23,8,2,6,22,8,2,6,22,8,1,9,20,8,1,10,19,19,19,20,17,9,1,11,17,8,2,11,17,8,1,12,16,9,1,14,14,9,1,15,12,10,1,18,2,1,1,2,3,10,1,37,1,37,1,37,1,37,1,36,2,36,2,36,2,36,2,36,2,36,2,36,3,35,3,35,3,35,6,32,6,32,7,31,8,30,8,30,9,28,10,28,10,25,14,18,4,1,15,16,22,14,24,12,27,11,27,10,29,7,31,6,22
m0,278,58,67,18,2,1,2,50,10,42,2,1,15,39,20,38,21,36,23,34,26,32,26,32,27,31,27,30,28,29,30,30,28,26,1,1,30,26,33,25,35,14,1,1,1,5,38,3,1,2,1,2,10,1,37,7,1,1,11,1,38,3,16,1,38,3,16,1,57,1,173,1,521,1,57,1,57,1,56,2,56,2,56,2,56,2,9,1,45,3,56,2,8,2,45,3,7,4,44,3,7,4,44,3,4,1,2,4,44,3,4,1,2,3,45,2,5,1,2,3,45,2,9,1,46,3,4,1,2,3,45,3,4,1,1,4,44,5,1,1,1,7,43,15,5,1,37,5,1,10,4,2,36,5,1,10,4,2,23,2,11,16,3,3,21,7,9,3,1,17,20,9,9,20,20,11,7,3,1,4,1,11,20,11,7,3,1,17,18,12,7,2,2,4,1,12,18,12,6,3,2,1,1,2,1,12,16,15,5,4,1,1,1,1,3,11,16,15,6,3,1,1,1,2,1,13,14,25,1,1,1,16,11,1,2,25,1,18,1,1,9,28,1,21,7,29,1,22,3,30
m0,320,38,39,11,11,26,12,24,15,23,15,22,17,21,17,20,18,20,18,19,20,18,20,18,20,18,22,15,24,14,24,14,27,11,28,10,31,7,32,5,34,4,35,3,9,1,25,3,9,1,25,3,9,1,25,2,9,3,24,2,10,1,37,1,26,1,9,3,24,2,8,4,24,2,7,5,25,1,7,5,25,1,6,7,22,1,1,1,6,6,23,2,7,7,22,2,7,7,22,2,6,9,21,3,5,10,19,4,5,11,18,5,1,1,2,15,14,27,9,4
m0,323,31,42,11,1,29,3,26,7,23,10,20,14,17,13,18,13,18,14,16,15,16,15,15,19,12,19,11,20,11,20,11,21,9,22,9,22,9,22,9,23,8,23,7,24,7,24,6,27,4,27,4,27,4,28,3,28,3,28,3,29,2,29,2,29,2,229,2,17,2,8,7,13,4,5,1,1,8,10,7,2,12,9,4
m0,293,54,62,0,2,1,2,49,9,1,10,34,25,29,28,26,29,25,31,23,32,22,34,20,35,19,37,17,39,15,43,11,44,10,45,9,46,8,47,7,47,7,47,7,48,6,48,6,49,5,50,4,53,1,539,1,107,1,52,2,51,3,49,5,49,5,49,5,48,6,49,5,48,6,47,7,47,7,44,10,43,11,44,10,43,11,43,11,43,13,40,13,23,7,11,15,2,1,18,8,9,19,17,9,9,23,13,10,8,23,12,11,8,26,8,12,8,27,7,12,7,32,1,15,6,48,6,49,4,15
m0,296,40,51,5,2,36,14,24,19,21,20,19,22,18,23,17,25,15,26,14,28,12,29,11,29,11,30,10,31,9,32,8,32,8,32,8,31,9,32,8,33,7,34,6,34,6,35,5,35,5,35,5,36,4,36,4,36,4,145,2,9,1,2,1,21,1,3,5,6,1,1,3,24,5,5,2,1,3,24,5,5,6,23,17,23,17,23,17,24,16,24,18,22,20,19,22,19,22,18,22,18,22,18,22,18,24,13,1,1,25,13,27,12,28,13,28,6,2,4,18
m1,293,36,75,25,1,34,2,33,4,32,6,30,7,29,8,28,8,26,10,26,10,26,10,21,1,1,13,18,18,16,20,14,22,11,24,11,25,9,1,1,25,8,28,8,28,8,29,7,29,6,30,6,30,6,31,5,31,5,31,4,33,3,33,3,33,3,34,2,34,3,33,3,34,3,33,3,33,3,34,3,32,5,30,6,29,7,30,7,29,6,29,8,27,9,28,8,28,8,28,8,28,8,28,8,28,8,28,8,28,9,27,9,27,9,27,8,28,8,28,8,27,9,27,9,27,9,27,9,26,10,26,10,25,11,24,12,23,13,22,13,23,13,22,14,21,16,18,18,5,2,11,18,5,2,10,19,4,4,9,20,2,6,8,28,8,14
m2,301,30,79,18,3,25,8,22,10,19,12,17,14,16,15,15,15,15,15,15,16,14,16,14,16,13,17,13,17,11,18,12,18,12,18,10,20,3,1,3,23,3,27,2,28,2,28,2,28,2,28,2,28,2,28,1,29,1,29,1,29,1,29,1,29,1,29,1,29,2,28,2,28,4,27,3,27,4,25,5,26,4,26,4,26,4,26,4,26,4,26,5,25,5,25,5,25,5,25,5,25,5,25,5,25,5,25,5,25,5,25,5,25,5,25,5,25,5,25,5,25,5,25,5,25,5,24,6,24,6,23,7,23,8,21,9,20,11,18,17,13,17,11,19,11,20,9,21,9,21,9,21,9,21,8,23,7,23,7,23,6,25,5,10
m0,312,32,88,21,1,28,5,27,5,26,7,24,9,23,10,22,11,20,13,19,15,16,17,15,17,15,17,14,19,4,4,4,20,4,4,4,20,4,5,2,21,2,30,1,31,1,30,2,30,2,30,2,30,2,30,2,30,2,30,2,30,2,30,2,29,3,29,3,29,3,29,3,29,3,29,2,31,1,31,1,31,1,31,1,64,1,31,1,31,3,29,2,30,2,30,2,30,3,29,5,27,5,27,3,29,3,29,3,29,5,27,4,28,4,28,4,28,5,27,5,27,5,27,5,27,5,27,5,27,6,26,6,26,7,5,1,19,7,4,3,18,7,1,6,18,15,16,16,16,16,12,2,2,16,11,22,9,23,9,23,8,24,8,24,8,24,7,25,7,25,7,25,7,25,7,25,7,25,7,26,6,26,6,26,6,27,5,27,5,27,5,9
m0,322,48,84,18,3,45,4,43,6,42,6,42,7,41,7,41,7,41,7,41,7,41,7,41,7,40,9,39,9,23,6,1,2,1,4,2,9,23,25,23,25,23,25,23,25,23,25,23,25,23,26,22,26,22,27,21,28,20,29,19,30,18,30,18,31,17,31,17,31,17,32,16,32,16,32,16,32,16,33,15,33,9,2,4,34,7,4,3,35,4,5,4,44,4,44,4,45,4,43,6,42,6,42,7,40,9,40,8,39,10,37,12,37,11,37,12,35,13,35,13,35,14,34,14,34,14,35,13,35,13,35,14,34,14,34,14,35,13,36,12,36,12,37,11,37,11,37,11,37,11,38,11,24,2,11,11,23,4,10,11,23,5,10,11,21,6,10,11,19,9,9,11,19,9,9,12,16,11,9,12,15,13,8,13,13,14,8,13,12,15,8,15,9,17,7,15,8,18,7,16,7,19,6,17,5,20,6,17,5,21,5,18,2,24,4
m0,330,46,76,2,2,43,5,40,7,39,8,38,9,37,12,34,13,33,13,33,14,32,15,31,15,31,16,30,16,30,16,30,16,30,16,28,1,1,17,6,4,16,21,3,8,13,35,10,37,8,373,1,44,2,43,3,43,3,42,4,42,4,44,2,44,2,45,1,45,1,44,2,44,2,45,1,45,1,45,1,45,1,45,1,45,1,45,1,44,2,44,2,44,2,44,2,43,3,43,3,42,4,42,4,41,6,26,1,13,6,24,5,11,6,23,7,10,6,22,8,10,6,22,9,9,6,21,10,9,7,20,10,10,7,18,11,10,7,18,12,9,7,17,13,9,8,15,14,9,8,15,14,9,9,14,14,9,9,1,1,11,16,8,12,10,16,8,12,3,1,3,18,9,13,1,3,1,20,7,39,7,40,6,40,6,41,5,5
m24,336,39,73,21,3,36,3,35,4,34,5,34,5,33,6,32,7,32,7,31,7,32,7,31,7,32,7,31,7,32,6,31,8,29,9,29,9,29,9,28,11,19,2,6,11,17,6,4,12,16,7,3,13,16,7,2,14,16,7,1,15,17,6,1,15,17,2,1,2,1,16,23,16,18,3,2,16,18,3,2,16,18,2,3,16,23,16,23,16,23,15,24,15,24,15,24,15,24,15,24,15,24,15,24,15,24,15,24,15,24,15,24,15,24,15,24,15,24,16,24,15,24,26,13,29,11,29,11,29,10,29,11,28,11,29,11,27,12,27,13,25,14,22,18,19,20,18,21,17,23,16,23,15,24,15,24,14,25,14,25,13,26,8,3,1,27,7,32,7,33,5,35,4,25
m0,345,57,58,37,2,54,4,53,4,52,4,52,6,51,5,31,11,8,7,30,27,21,2,1,33,18,1,1,36,12,6,1,38,11,46,12,44,13,43,14,42,15,42,15,12,3,2,1,24,15,9,5,27,17,7,6,27,17,7,6,27,17,7,3,30,17,7,2,30,18,7,3,29,18,7,3,27,21,6,3,26,21,6,5,24,22,7,3,25,22,8,1,26,21,36,21,6,1,29,21,5,2,29,20,6,2,29,20,6,2,28,21,6,2,29,19,7,2,29,18,8,2,29,19,7,2,31,14,9,3,34,12,9,2,38,3,13,3,55,2,53,4,54,3,51,6,51,6,52,5,38,2,13,4,17,4,16,4,10,6,11,11,15,20,10,12,15,20,11,12,14,20,10,13,13,21,9,15,12,21,8,16,12,21,1,3,1,19,10,47,10,48,9,48,8,50,7,24
m4,353,55,55,29,2,52,5,48,8,11,6,28,10,10,8,25,13,8,10,23,13,9,11,21,14,8,12,20,15,8,12,18,18,5,15,15,21,1,18,14,41,13,42,12,43,10,45,7,30,1,16,7,30,4,1,3,11,5,31,4,1,4,10,4,32,1,5,2,11,4,51,3,52,3,36,1,1,2,12,3,52,3,52,3,52,3,52,3,52,3,52,3,52,3,52,3,52,3,52,3,51,4,51,4,51,5,50,5,50,4,6,2,43,5,4,10,36,20,35,5,3,12,34,6,3,13,11,1,1,1,19,7,2,13,11,4,2,2,13,3,1,19,11,5,1,6,9,3,1,19,10,14,7,24,10,15,5,25,9,16,4,26,9,17,2,28,8,17,1,29,8,47,8,47,7,48,7,48,7,48,7,49,5,28
m2,335,59,52,38,4,50,8,49,10,49,9,49,10,48,11,48,10,18,2,28,11,18,2,25,13,18,3,19,19,19,2,14,23,35,23,22,1,12,23,23,1,11,23,35,24,34,23,34,25,25,2,7,25,33,25,34,25,33,26,33,26,33,26,33,26,27,1,4,28,26,1,3,29,24,3,3,29,25,2,2,30,1,1,20,2,1,1,3,33,19,2,3,37,1,1,16,1,1,41,14,5,1,39,4,1,3,11,1,44,1,12,2,44,1,12,2,57,3,55,4,54,4,54,6,54,5,19,2,1,1,31,5,14,11,29,4,13,15,25,7,9,18,25,7,8,19,24,10,5,21,19,12,7,21,19,16,1,23,18,41,18,42,16,43,15,44,14,46,13,15
m0,339,44,58,37,1,39,9,33,12,30,14,1,1,1,4,20,149,1,43,1,43,1,43,1,43,1,42,2,42,2,41,3,40,4,40,4,39,5,38,6,38,6,38,6,38,6,38,6,38,6,37,7,37,7,36,8,36,8,36,8,36,8,36,8,36,8,37,7,37,7,38,8,22,5,10,1,1,6,20,8,11,6,18,9,11,7,17,10,10,8,15,11,10,8,14,13,9,9,12,14,10,8,12,14,10,8,11,15,9,9,11,16,7,11,9,18,6,11,8,19,6,11,7,21,5,12,6,22,4,12,6,22,4,12,6,23,3,12,6,28,1,9,6,28,1,9,6,28,1,10,4,29,1,10,4,40,4,41,3,30
m0,303,52,63,7,15,35,19,33,22,29,24,27,27,25,27,24,29,23,30,22,31,20,33,19,34,17,36,16,37,15,38,14,39,13,41,11,43,9,44,8,415,1,50,2,49,3,49,3,47,5,46,6,46,6,45,7,45,7,45,7,45,7,45,7,45,7,45,7,45,7,45,7,43,9,42,10,42,10,41,11,40,12,39,13,39,13,39,13,39,13,37,15,37,15,34,18,33,19,32,21,30,22,19,1,9,23,13,4,2,3,6,25,11,5,2,3,6,25,10,11,5,26,5,16,3,29,3,48,4,46
m0,290,64,78,3,2,60,6,57,8,56,11,53,12,52,27,37,30,34,31,33,32,32,33,31,35,29,36,28,38,26,39,25,40,24,43,21,45,19,47,17,48,16,49,15,51,13,53,11,57,7,62,2,832,1,63,2,62,3,61,4,59,7,57,7,57,7,56,8,57,7,56,8,56,6,58,6,58,6,57,9,55,9,55,7,57,5,1,1,58,4,1,1,14,5,39,4,1,1,14,6,38,4,1,1,13,7,20,1,2,4,11,6,14,6,19,9,10,4,16,7,13,15,8,4,17,8,8,1,3,16,7,4,17,8,7,2,3,16,7,3,18,8,4,6,1,18,7,2,18,18,1,18,7,2,17,19,1,19,6,2,17,39,6,2,17,39,6,2,17,39,6,2,16,41,5,2,16,41,4,3,16,41,5,2,16,42,3,3,15,44,2,3,15,49,14,51,13,51,12,52,11,53,9,54
m0,299,35,67,13,2,33,2,31,4,31,5,30,5,30,5,27,9,26,9,2,1,23,9,1,2,22,13,22,14,17,1,2,15,16,20,14,22,12,26,9,26,1,2,6,30,5,31,4,31,4,31,4,30,5,30,5,31,4,31,4,31,4,31,4,31,4,31,4,31,4,31,4,31,4,31,4,30,5,30,5,29,6,29,6,30,5,29,6,31,4,31,1,1,1,32,1,1,1,32,3,32,2,2,1,34,1,34,1,278,1,34,2,33,2,33,2,33,2,33,3,31,4,31,4,1,2,2,4,21,15,20,16,19,16,18,18,1,2,14,22,12,26,7,7
m7,326,38,40,10,2,35,7,30,12,24,15,23,16,20,19,19,20,17,21,17,22,16,22,15,23,15,23,15,23,15,23,15,24,14,24,14,24,13,25,13,25,13,26,12,26,12,26,12,27,11,29,1,2,6,33,5,35,3,36,2,319,3,19,1,11,9,17,3,2,19,13,27,10,29,9,2
m15,305,55,42,13,1,24,5,24,2,23,9,22,1,23,10,18,5,1,1,1,1,16,12,18,9,4,3,9,12,21,7,3,24,23,32,23,32,19,2,2,32,23,32,22,33,24,31,24,31,22,1,1,31,21,2,1,31,22,1,1,32,27,28,28,27,27,28,27,28,28,27,28,27,28,27,29,26,28,27,27,28,18,2,5,30,18,4,1,32,17,38,11,44,9,46,8,48,7,48,6,49,6,52,3,53,2,54,2,54,2,6,1,46,3,3,4,45,10,7,4,1,1,16,5,11,11,6,9,13,7,9
m0,302,74,47,17,1,61,10,1,7,1,4,50,11,4,4,53,21,4,3,46,22,3,3,46,39,34,43,31,45,28,46,28,49,25,48,1,2,23,55,19,57,17,57,17,57,17,59,15,60,16,57,17,58,17,58,19,54,23,53,23,53,23,50,24,50,25,50,24,50,24,51,23,52,23,50,24,51,6,1,16,53,1,5,15,50,2,3,1,3,15,51,1,3,1,3,15,50,2,7,15,31,3,16,2,7,14,30,8,22,14,16,1,13,12,9,2,6,15,16,2,12,16,13,15,11,1,14,1,2,17,13,15,11,4,1,2,7,3,1,16,15,14,13,5,6,21,14,15,11,8,4,23,10,19,10,9,3,23,5,25,8,12,2,22,4,26,8,10,4,22,3,28,7,50
