1
426.3920,262.8337,23.6904,22.1815
423.5612,262.7270,27.7915,19.5554
419.0601,265.1541,22.6395,20.7776
413.4643,270.3895,19.0006,21.1168
402.0966,273.8542,18.0855,23.1700
397.6117,271.6751,19.3018,22.2560
396.8371,271.3332,18.5185,23.9888
395.9169,271.0269,16.8930,24.2922
396.2635,271.7340,16.0872,24.5234
390.9947,277.5171,16.5608,26.2573
383.5790,283.7363,20.6901,27.7686
385.4616,289.8129,17.1216,30.7806
391.6219,287.7426,16.6201,30.5075
391.3591,283.9092,19.0262,31.4005
394.0403,279.9758,20.6135,29.6460
394.7712,277.9336,21.8982,29.8586
395.1802,280.2961,23.2947,30.6962
390.6821,293.3109,22.7127,28.9379
386.7455,297.6682,24.5743,29.6846
382.8598,295.4290,27.8015,29.8714
378.9451,294.0635,26.7146,32.1195
381.3355,293.7881,20.5086,30.1762
382.8064,292.3311,23.2027,29.8157
385.5821,290.5042,24.6126,29.8556
395.4269,290.5014,24.3335,36.1699
401.8020,273.7378,28.0967,44.0963
408.6029,255.3502,30.9608,52.5968
406.4038,223.4277,33.9600,48.8753
386.7712,199.8297,42.6519,51.9446
346.7222,181.4677,38.4249,62.5460
329.7903,185.2407,46.0690,57.7236
326.1470,190.9262,45.3097,52.2516
319.1093,193.9270,39.8949,47.2274
312.9169,193.5701,40.1605,43.8471
314.0994,196.9358,35.9295,34.7785
315.4106,198.9828,36.7597,32.3103
315.6386,201.1513,37.0101,37.0606
316.1806,215.1664,32.1721,38.6082
315.5695,232.4701,32.0151,39.6075
319.3573,262.7113,32.0851,42.2972
321.2165,287.2113,33.8193,35.4643
321.0335,298.0366,31.7250,36.9930
320.3707,304.0510,34.6712,35.5171
321.1475,301.9617,31.6069,33.5504
321.5954,289.0456,33.8008,34.6758
320.7418,281.2780,32.7925,33.8891
317.8995,270.7115,33.3598,32.7935
310.0586,261.5855,34.3621,33.4596
300.7583,268.0642,36.2870,36.3516
298.9627,258.1306,32.0954,38.5529
298.8281,264.1244,29.1688,32.3679
324.0480,237.1735,36.3678,30.0899
375.3594,212.2259,34.9993,28.4709
2
0
0
0
0
1
2
0
0
0
0
1
392.2734,301.2567,19.6350,30.0992
404.7869,299.0734,19.8800,32.3594
426.7569,285.2962,24.0077,27.9239
435.1894,257.7118,28.2130,29.9554
433.2053,246.7547,31.5191,25.2965
424.3399,256.0775,33.5981,23.9642
416.8574,269.9319,26.7336,29.4847
397.2671,285.7634,21.7346,28.5922
397.4142,280.4037,17.3263,29.9533
405.5304,271.6693,15.5198,26.9505
411.2906,269.4906,14.6773,25.1985
423.8402,252.5787,16.6403,27.6531
2
0
0
0
0
1
413.6405,258.8502,17.7298,20.8355
418.4008,237.4227,14.7234,21.7667
430.1870,257.1787,11.7607,17.5762
427.0782,261.5213,14.6352,19.7941
429.2893,257.2619,17.2449,22.4137
434.3430,252.6926,20.1950,24.4311
438.0273,240.3004,19.4451,25.7960
2
0
0
0
0
1
432.4375,204.1373,23.0646,23.2092
433.7019,208.6399,24.5551,22.2283
429.3562,219.7773,26.5553,23.3868
415.9287,239.8583,25.3156,26.7182
390.7191,281.2665,21.1991,24.5854
387.2593,308.2231,21.2079,24.3688
408.2701,305.3088,22.8139,28.3493
426.6144,283.6251,27.1840,29.2455
433.4049,240.1753,32.3204,30.1641
434.8710,213.8879,39.7157,34.4190
431.9061,222.0910,37.9303,35.9662
412.9884,277.8724,38.8759,30.5209
407.0909,330.3578,36.9185,36.4800
403.4541,319.5278,32.9899,32.0336
390.5518,323.1331,30.2907,32.1330
379.9340,339.5208,30.7067,38.3488
408.9790,339.7521,34.1782,33.1872
416.6379,318.2982,30.0868,36.6961
421.7658,264.4209,27.3998,38.0476
2
0
0
0
0
1
319.6360,272.7885,35.6778,42.8050
319.1906,305.8245,34.1162,47.1070
318.2524,319.8402,32.4038,45.8485
319.2256,319.0956,33.2256,48.2846
311.9660,301.7711,34.4533,46.2587
309.2576,290.2655,34.5581,49.3851
298.0592,284.1654,37.5865,45.6877
289.6520,271.0321,34.7522,49.7297
292.1265,283.9447,40.9801,51.4156
369.8406,286.7943,43.5185,43.9210
344.8656,245.7251,39.5471,41.8238
2
0
0
0
0
1
466.0060,186.3866,35.0496,33.5647
471.0004,180.3653,33.5772,30.4944
473.8979,178.0260,37.6576,35.5943
472.0251,186.7241,39.0062,32.6471
473.4237,186.4437,38.8410,37.3530
469.6487,188.6699,34.4688,33.2436
