1
739.2623291015625,197.51510620117188,40.686100006103516,132.9239044189453
739.7083129882812,197.5023956298828,38.04140090942383,134.92149353027344
736.4746704101562,191.7924041748047,40.066001892089844,134.943603515625
740.1801147460938,192.39019775390625,45.7755012512207,131.98880004882812
747.7130737304688,191.14869689941406,44.86830139160156,140.0269012451172
750.1317749023438,187.30499267578125,46.42020034790039,137.27149963378906
749.2357788085938,188.94650268554688,42.49290084838867,139.50889587402344
748.06201171875,185.8466033935547,45.25040054321289,137.26719665527344
753.0947265625,187.9239044189453,43.64419937133789,133.14500427246094
757.3049926757812,190.55880737304688,42.60150146484375,129.84469604492188
760.788818359375,188.5561981201172,41.16910171508789,131.53199768066406
761.5225830078125,194.8636016845703,39.81760025024414,125.8281021118164
762.4453125,200.81930541992188,38.71049880981445,122.82610321044922
765.7037963867188,200.22869873046875,40.964698791503906,119.80989837646484
766.5748291015625,197.47850036621094,41.86539840698242,117.93119812011719
761.461181640625,196.85020446777344,40.820098876953125,121.98480224609375
757.4432983398438,194.2458038330078,45.81669998168945,124.53119659423828
758.1729736328125,198.3321990966797,45.42729949951172,128.58999633789062
757.0817260742188,202.62269592285156,49.839298248291016,128.45509338378906
754.7938232421875,197.41920471191406,42.868900299072266,128.9792022705078
757.1757202148438,190.93499755859375,42.71120071411133,127.22570037841797
762.7885131835938,187.6844024658203,48.32379913330078,128.7678985595703
762.353515625,190.6949005126953,56.34090042114258,130.83489990234375
753.35791015625,196.8686981201172,76.54540252685547,134.0157012939453
749.5128784179688,199.82589721679688,72.9021987915039,129.70480346679688
753.8651733398438,202.81649780273438,72.40470123291016,128.45750427246094
763.658203125,198.44140625,57.49570083618164,134.48170471191406
760.34228515625,206.82260131835938,57.51599884033203,135.79519653320312
762.2109985351562,203.64230346679688,48.38740158081055,148.67489624023438
766.4874267578125,206.9582977294922,44.476898193359375,141.14500427246094
771.3936767578125,207.4844970703125,43.804298400878906,143.55589294433594
768.9807739257812,205.6226043701172,50.57979965209961,143.85479736328125
768.643310546875,204.31700134277344,57.54290008544922,145.00010681152344
773.288330078125,200.04879760742188,60.78229904174805,143.84649658203125
774.74609375,203.8260955810547,69.17230224609375,144.05140686035156
788.62451171875,203.7299041748047,73.14469909667969,143.6074981689453
806.0220947265625,205.27639770507812,57.81230163574219,142.45579528808594
816.5067749023438,206.30859375,51.92219924926758,127.87149810791016
822.019775390625,206.64869689941406,56.35200119018555,148.68699645996094
827.91552734375,204.72779846191406,64.85389709472656,147.7772979736328
847.0878295898438,193.50650024414062,68.20500183105469,156.3699951171875
857.473876953125,182.84010314941406,71.53250122070312,164.79879760742188
868.1937255859375,185.6186981201172,73.63639831542969,161.06100463867188
878.3331909179688,170.97900390625,65.51380157470703,170.6053009033203
870.55712890625,163.32359313964844,66.79830169677734,189.48390197753906
870.7891845703125,150.8000946044922,59.19110107421875,207.6457061767578
864.067626953125,136.80270385742188,70.75409698486328,227.91439819335938
859.2437133789062,137.9134979248047,77.69010162353516,220.10069274902344
852.6168823242188,135.672607421875,76.972900390625,216.5426025390625
852.973876953125,140.6566925048828,84.08180236816406,209.668701171875
851.8209228515625,138.49049377441406,73.46410369873047,214.83590698242188
848.6292724609375,136.8612060546875,67.07270050048828,225.3583984375
842.3339233398438,142.05690002441406,70.220703125,230.654296875
852.6947021484375,151.16119384765625,67.58439636230469,222.7447052001953
858.034912109375,160.30599975585938,65.7394027709961,213.0189971923828
863.969970703125,168.03280639648438,59.604000091552734,209.19830322265625
849.5661010742188,178.62460327148438,72.14510345458984,210.3804931640625
843.1192016601562,185.8157958984375,75.49620056152344,204.7209930419922
834.585205078125,203.85629272460938,91.02079772949219,194.93960571289062
834.2808837890625,220.7982940673828,94.75879669189453,180.37100219726562
826.06298828125,219.28370666503906,96.1697006225586,182.04449462890625
821.1126708984375,227.42660522460938,112.73169708251953,175.60400390625
827.2485961914062,245.07620239257812,104.20659637451172,158.0438995361328
824.3820190429688,228.76939392089844,115.69869995117188,163.01840209960938
825.7171020507812,199.35650634765625,136.47410583496094,189.54319763183594
829.3323974609375,185.64599609375,133.62539672851562,206.65679931640625
830.8239135742188,221.3242950439453,124.83000183105469,175.2471923828125
831.5067138671875,229.2299041748047,113.14749908447266,177.07310485839844
836.1812133789062,228.8697967529297,88.75800323486328,171.82460021972656
842.0618286132812,221.55430603027344,84.63710021972656,180.98129272460938
837.8314208984375,212.81640625,88.93730163574219,189.2834930419922
831.6569213867188,201.27020263671875,98.06639862060547,204.43370056152344
828.35498046875,203.37840270996094,106.60440063476562,205.06849670410156
819.90087890625,201.1221923828125,118.5072021484375,175.60189819335938
794.330322265625,200.02630615234375,144.87840270996094,172.61199951171875
753.24462890625,201.5751953125,170.4656982421875,177.79100036621094
761.18408203125,189.00619506835938,167.52029418945312,198.60060119628906
774.2772827148438,183.6376953125,130.76539611816406,230.73590087890625
802.1044921875,166.25840759277344,129.80889892578125,262.7167053222656
804.0098876953125,156.45689392089844,133.06260681152344,269.8009033203125
805.1917724609375,172.4615020751953,148.65150451660156,253.5655975341797
801.845703125,169.00369262695312,181.9351043701172,246.68960571289062
781.8590698242188,162.70399475097656,199.2176055908203,220.70689392089844
781.2485961914062,187.4355926513672,219.5885009765625,207.64720153808594
816.6478271484375,185.3719940185547,207.93780517578125,214.9488067626953
831.7133178710938,157.32009887695312,201.47720336914062,274.3568115234375
844.2113037109375,146.45790100097656,166.61279296875,292.7349853515625
879.5471801757812,192.5653076171875,120.36060333251953,269.64068603515625
882.194580078125,240.16900634765625,103.12889862060547,240.64599609375
874.0670166015625,285.2174987792969,97.21060180664062,210.38589477539062
873.192626953125,293.41119384765625,94.06639862060547,190.62879943847656
846.6220092773438,293.22930908203125,112.15910339355469,179.8278045654297
828.7186889648438,292.81829833984375,124.65850067138672,172.2397003173828
773.3438110351562,287.8251037597656,150.55419921875,186.64439392089844
723.6500854492188,330.8218078613281,169.84800720214844,230.51890563964844
708.1063842773438,262.7043151855469,162.0749969482422,285.28399658203125
689.1602172851562,235.53729248046875,154.05140686035156,326.78009033203125
666.0208129882812,214.46910095214844,162.71969604492188,308.20709228515625
670.5360717773438,192.543701171875,144.96490478515625,316.9397888183594
659.7728881835938,171.9091033935547,162.543701171875,295.86029052734375
632.3217163085938,190.6221923828125,202.78700256347656,302.4822998046875
562.1411743164062,192.29649353027344,267.9574890136719,303.5151062011719
547.1531982421875,196.9407958984375,256.8074951171875,329.1336975097656
549.0869140625,195.0135955810547,195.88189697265625,384.15948486328125
567.9083251953125,187.7353057861328,163.3072052001953,390.0528869628906
573.1967163085938,178.3321990966797,133.82440185546875,427.372802734375
575.3792114257812,80.16010284423828,144.85609436035156,409.22869873046875
569.18212890625,125.32849884033203,127.9343032836914,405.2491149902344
556.7169189453125,157.4468994140625,149.6920928955078,404.8934020996094
536.4921264648438,161.92160034179688,188.9597930908203,359.94268798828125
508.2427062988281,174.36000061035156,216.94400024414062,358.94390869140625
557.0731811523438,223.2498016357422,250.7509002685547,377.2578125
546.667724609375,229.36160278320312,266.3575134277344,381.2296142578125
558.5825805664062,240.32009887695312,263.48089599609375,374.2095031738281
578.440185546875,235.91990661621094,248.60049438476562,374.4097900390625
598.409423828125,235.97950744628906,206.46820068359375,354.9735107421875
609.1231079101562,219.72450256347656,180.6699981689453,344.46600341796875
617.2078247070312,209.42750549316406,177.7541046142578,328.16558837890625
631.919189453125,223.85670471191406,157.54750061035156,295.6778869628906
644.97021484375,235.0155029296875,113.54859924316406,275.01959228515625
650.8378295898438,223.531494140625,109.86109924316406,265.77349853515625
663.103271484375,199.3809051513672,78.44039916992188,277.0286865234375
657.6007080078125,178.1739959716797,80.86910247802734,290.77569580078125
660.7691040039062,154.8206024169922,73.20089721679688,309.0434875488281
652.306884765625,155.0677032470703,77.91079711914062,310.25421142578125
635.3413696289062,155.9456024169922,97.32039642333984,335.49359130859375
617.2501831054688,170.26759338378906,111.81300354003906,347.7538146972656
606.6989135742188,157.69740295410156,122.04940032958984,392.5707092285156
587.9005126953125,146.3488006591797,142.4127960205078,403.3808898925781
562.9420776367188,146.46249389648438,181.0272979736328,425.83538818359375
543.2984008789062,128.810302734375,238.46629333496094,466.8575134277344
546.3303833007812,123.1636962890625,228.05169677734375,491.309814453125
549.1937866210938,135.90789794921875,213.02999877929688,479.5696105957031
557.5115966796875,153.4886932373047,154.63760375976562,466.8858947753906
556.059814453125,147.15150451660156,179.5720977783203,466.3291931152344
558.0186767578125,155.7863006591797,237.2064971923828,460.91680908203125
562.6851196289062,149.75979614257812,222.34910583496094,481.0495910644531
558.2556762695312,146.2091064453125,226.5406951904297,486.5437927246094
566.0983276367188,154.64410400390625,224.4279022216797,479.0715026855469
