1
846.851318359375,141.0968017578125,88.7406997680664,216.13580322265625
849.1851196289062,141.06239318847656,87.6227035522461,225.5590057373047
855.1594848632812,136.9709930419922,82.17649841308594,232.27149963378906
857.2625732421875,142.33279418945312,80.20790100097656,224.5847930908203
865.7133178710938,138.19790649414062,80.52330017089844,218.35580444335938
878.442626953125,154.26010131835938,67.05180358886719,201.06910705566406
875.56201171875,166.39649963378906,65.27950286865234,187.27890014648438
853.61376953125,181.54490661621094,80.864501953125,173.0124053955078
833.0416259765625,192.5802001953125,88.4292984008789,158.7198944091797
821.6898803710938,199.09390258789062,77.6332015991211,155.45050048828125
818.8992919921875,213.10220336914062,61.69770050048828,145.69520568847656
809.7811279296875,194.9958953857422,63.300201416015625,148.0323944091797
809.7542114257812,196.5583953857422,61.811798095703125,155.89149475097656
788.7506713867188,199.08230590820312,75.00810241699219,148.75689697265625
783.6964721679688,196.3533935546875,66.78520202636719,150.05859375
773.6218872070312,199.95970153808594,67.75029754638672,145.27659606933594
769.3311767578125,204.6011962890625,60.44260025024414,144.73779296875
767.8748168945312,207.71409606933594,54.094600677490234,143.43960571289062
771.056884765625,207.42990112304688,47.71590042114258,147.06649780273438
762.4420776367188,209.64280700683594,53.35639953613281,138.3529052734375
760.576416015625,204.65020751953125,53.38880157470703,146.53990173339844
760.6079711914062,203.2574005126953,60.575801849365234,139.45590209960938
762.6951904296875,203.4022979736328,59.1150016784668,130.76910400390625
755.4848022460938,198.17660522460938,63.36640167236328,131.70899963378906
749.369384765625,194.8625946044922,61.78179931640625,135.34829711914062
755.1390991210938,192.26100158691406,67.93550109863281,139.02110290527344
755.948486328125,182.44200134277344,68.87470245361328,141.74130249023438
757.2462768554688,186.76730346679688,58.727699279785156,129.0670928955078
753.673828125,185.03880310058594,51.790199279785156,138.10240173339844
753.98291015625,191.8607940673828,51.97740173339844,136.05299377441406
757.0966186523438,198.18870544433594,52.3922004699707,133.71710205078125
754.4293823242188,196.6468963623047,56.70130157470703,127.71640014648438
754.2340087890625,194.4521026611328,55.06639862060547,127.4197006225586
758.3818969726562,197.29100036621094,51.143001556396484,119.71320343017578
761.3775024414062,204.11390686035156,52.95669937133789,117.74629974365234
764.2144775390625,196.43800354003906,45.950199127197266,125.08930206298828
759.7047119140625,202.8385009765625,44.48619842529297,123.03060150146484
758.5950927734375,197.9373016357422,46.71419906616211,122.50990295410156
759.0465698242188,191.8249969482422,44.26810073852539,130.93580627441406
757.0084838867188,191.76649475097656,44.041900634765625,130.71170043945312
751.7133178710938,189.59640502929688,45.37229919433594,135.1508026123047
748.0244750976562,194.69740295410156,43.582000732421875,131.61199951171875
747.3757934570312,191.189697265625,47.94960021972656,133.3509063720703
748.6555786132812,193.65890502929688,50.65869903564453,137.18600463867188
746.8018188476562,190.6020965576172,50.09590148925781,135.5782012939453
738.343017578125,195.1436004638672,52.17449951171875,130.1851043701172
734.0507202148438,197.20269775390625,45.68560028076172,132.51210021972656
736.2222290039062,197.68679809570312,47.325599670410156,135.07080078125
735.4771728515625,205.68710327148438,49.50640106201172,129.339599609375
732.3367919921875,205.1029052734375,51.62649917602539,134.68020629882812
730.4235229492188,207.9832000732422,48.63999938964844,135.27490234375
723.5891723632812,210.6748046875,50.11280059814453,135.25160217285156
721.6348266601562,212.83399963378906,50.94919967651367,136.48899841308594
727.134521484375,216.52679443359375,58.77289962768555,133.36590576171875
734.4973754882812,217.85450744628906,50.1057014465332,135.9508056640625
729.3211059570312,221.1356964111328,48.7327995300293,133.031494140625
731.3078002929688,227.37710571289062,48.561100006103516,131.12640380859375
733.1201782226562,221.12399291992188,47.91559982299805,135.1555938720703
734.9868774414062,217.4510955810547,48.42720031738281,133.50180053710938
738.8900756835938,214.64239501953125,51.26750183105469,135.897705078125
738.6414184570312,216.37969970703125,52.07160186767578,135.2760009765625
739.8171997070312,213.40919494628906,55.77640151977539,135.27639770507812
746.5399169921875,211.19219970703125,52.428199768066406,130.7554931640625
738.9439697265625,203.92990112304688,51.36840057373047,135.5850067138672
733.2247924804688,198.41909790039062,49.06420135498047,137.148193359375
740.2777709960938,188.45750427246094,47.82939910888672,139.2353057861328
749.3004760742188,189.24440002441406,49.177799224853516,130.48330688476562
742.0733032226562,194.58230590820312,52.618900299072266,129.1717071533203
723.28662109375,198.33880615234375,61.339500427246094,131.158203125
705.2965698242188,203.5832977294922,60.082000732421875,124.83200073242188
702.0026245117188,203.56719970703125,46.442100524902344,128.99769592285156
698.2443237304688,196.53199768066406,44.754398345947266,132.8341064453125
698.1715087890625,196.94329833984375,43.38169860839844,139.21099853515625
698.7307739257812,203.78790283203125,43.6593017578125,139.1134033203125
695.743408203125,206.5653076171875,48.29779815673828,138.0727996826172
696.9920043945312,203.19790649414062,44.490699768066406,139.45289611816406
696.5878295898438,211.25160217285156,41.58440017700195,139.47900390625
692.7788696289062,211.68719482421875,43.5526008605957,142.3939971923828
694.7938232421875,217.12289428710938,42.884498596191406,141.6553955078125
698.0524291992188,218.02520751953125,41.22019958496094,141.41909790039062
696.40478515625,219.50010681152344,41.4723014831543,142.43899536132812
695.361083984375,223.51429748535156,38.95389938354492,144.7322998046875
689.9697265625,223.88499450683594,42.09830093383789,141.59930419921875
684.8358764648438,228.73159790039062,40.43960189819336,138.72909545898438
677.7064819335938,231.69349670410156,45.66080093383789,136.0915985107422
673.4014282226562,231.552001953125,50.889198303222656,138.26539611816406
668.7785034179688,232.5045928955078,51.650299072265625,135.0200958251953
665.0421752929688,227.64109802246094,53.95349884033203,140.7346954345703
654.6146850585938,226.32989501953125,60.22549819946289,142.5718994140625
649.447509765625,225.7220001220703,59.78889846801758,140.2375030517578
646.4078979492188,233.2458038330078,62.598201751708984,138.21119689941406
644.3784790039062,226.50270080566406,63.92279815673828,141.8144073486328
641.4180908203125,230.76229858398438,61.69300079345703,139.19119262695312
634.2332763671875,241.05430603027344,68.43679809570312,129.59890747070312
629.19091796875,238.28070068359375,71.341796875,131.03329467773438
629.2318115234375,242.78810119628906,70.34970092773438,129.6107940673828
632.765625,237.7104949951172,60.9390983581543,134.39340209960938
632.7628173828125,240.6992950439453,59.86249923706055,134.70449829101562
635.9069213867188,239.02650451660156,49.727699279785156,131.72869873046875
635.622314453125,242.42210388183594,43.77170181274414,134.21319580078125
626.1013793945312,238.86669921875,46.24209976196289,135.82949829101562
624.0942993164062,231.2989959716797,40.20600128173828,142.44320678710938
626.9337158203125,233.0406951904297,42.477699279785156,141.8011016845703
631.0546264648438,232.27879333496094,42.674400329589844,144.4217071533203
630.8499755859375,226.3206024169922,42.82270050048828,154.23890686035156
613.05908203125,230.7675018310547,53.29159927368164,156.33670043945312
603.8745727539062,244.4696044921875,54.60919952392578,153.68519592285156
598.878173828125,240.67869567871094,67.18789672851562,148.99609375
615.9688720703125,242.4927978515625,58.06990051269531,143.6114959716797
635.1998291015625,247.7863006591797,42.32870101928711,142.2678985595703
642.2808227539062,245.18930053710938,39.5885009765625,143.55870056152344
642.4882202148438,253.78109741210938,39.278900146484375,143.44009399414062
643.9188842773438,250.99240112304688,37.76369857788086,146.6352996826172
646.4771728515625,251.3975067138672,41.02939987182617,149.63780212402344
648.8331909179688,251.76499938964844,47.570499420166016,151.75999450683594
656.035400390625,252.15769958496094,49.7052001953125,153.8885040283203
646.9512939453125,266.8517150878906,56.964298248291016,142.7635955810547
649.661376953125,265.4330139160156,52.460601806640625,149.31149291992188
648.947021484375,275.5658874511719,46.43280029296875,143.98399353027344
651.319580078125,286.6694030761719,41.583499908447266,136.976806640625
648.4589233398438,289.9119873046875,40.798301696777344,139.9071044921875
647.1591186523438,290.643798828125,39.192100524902344,143.3603057861328
646.4976196289062,298.63751220703125,37.25210189819336,137.20120239257812
644.8806762695312,299.63751220703125,36.22010040283203,138.94650268554688
644.2056884765625,304.0353088378906,35.65679931640625,135.84970092773438
646.1829223632812,302.10870361328125,35.140499114990234,136.2050018310547
642.7138061523438,299.0704040527344,36.11280059814453,138.1623992919922
625.3198852539062,306.96868896484375,45.96049880981445,132.72149658203125
623.5911865234375,303.5784912109375,46.32899856567383,137.4355010986328
629.1876220703125,300.70941162109375,46.95109939575195,137.47740173339844
633.2615966796875,304.0661926269531,47.96189880371094,138.09910583496094
632.1282958984375,313.2778015136719,43.46200180053711,132.6219940185547
626.5958862304688,313.3857116699219,43.92770004272461,136.91900634765625
620.83740234375,312.9283142089844,43.44219970703125,141.17709350585938
615.72802734375,315.4578857421875,43.48910140991211,140.15280151367188
612.263671875,314.6047058105469,54.6505012512207,141.06689453125
619.9091796875,307.47021484375,53.606300354003906,144.1511993408203
624.2550048828125,296.48431396484375,43.575199127197266,147.83990478515625
625.915283203125,291.4565124511719,49.124900817871094,143.4822998046875
624.15478515625,282.6387023925781,58.34370040893555,147.7834014892578
633.0123901367188,284.3688049316406,52.152000427246094,145.73289489746094
633.0620727539062,282.8019104003906,48.5260009765625,145.27560424804688
626.010498046875,286.0730895996094,52.0796012878418,142.0626983642578
625.5891723632812,282.547607421875,55.18360137939453,143.45770263671875
626.1577758789062,275.435791015625,64.88569641113281,146.84410095214844
629.1964721679688,269.3218078613281,64.32830047607422,150.5323028564453
626.664794921875,271.03759765625,66.73619842529297,145.67080688476562
627.09130859375,268.40020751953125,63.39590072631836,146.4582061767578
627.1666259765625,265.4327087402344,60.7776985168457,147.59469604492188
626.901123046875,266.25201416015625,58.807098388671875,144.53250122070312
