1
341.2315979003906,222.87049865722656,228.24740600585938,153.17059326171875
345.5903015136719,222.9727020263672,216.94039916992188,151.5977020263672
345.19830322265625,220.0417022705078,223.6678924560547,151.75979614257812
347.6564025878906,217.30059814453125,216.39759826660156,154.85789489746094
344.4287109375,213.6320037841797,221.1407012939453,165.4813995361328
341.8328857421875,211.9136962890625,228.77349853515625,160.2834930419922
341.0675964355469,213.3903045654297,231.82809448242188,157.3719024658203
342.61248779296875,210.668701171875,233.13949584960938,162.45790100097656
341.6903991699219,203.3690948486328,219.902099609375,168.71620178222656
341.8959045410156,209.07240295410156,225.85020446777344,156.66070556640625
345.0398864746094,208.2001953125,226.64059448242188,158.55479431152344
345.4648132324219,204.52029418945312,220.36590576171875,160.25379943847656
345.2449951171875,208.17849731445312,221.18719482421875,153.10690307617188
346.9396057128906,205.77420043945312,213.54429626464844,154.3582000732422
347.4457092285156,203.6457977294922,216.22720336914062,162.86419677734375
344.5992126464844,200.6923065185547,223.31039428710938,161.40420532226562
343.77520751953125,203.11439514160156,225.54769897460938,159.6436004638672
348.5976867675781,201.97630310058594,213.74440002441406,159.11959838867188
346.46929931640625,199.11090087890625,220.1707000732422,160.09620666503906
345.47210693359375,201.125,227.88380432128906,159.34170532226562
348.06640625,199.73829650878906,215.35169982910156,163.69439697265625
345.48431396484375,199.0030975341797,221.72059631347656,154.6999053955078
345.4233093261719,198.51019287109375,221.8197021484375,164.9842987060547
344.2333984375,199.6468963623047,224.2261962890625,169.13259887695312
340.4635009765625,212.335693359375,231.6053924560547,161.7093963623047
343.6061096191406,214.19679260253906,227.13330078125,161.32150268554688
346.2715148925781,222.7960968017578,226.19850158691406,157.2707977294922
345.9862060546875,224.5023956298828,227.2711944580078,156.99090576171875
347.9894104003906,223.54220581054688,224.30409240722656,159.0023956298828
348.59161376953125,227.2718048095703,220.9116973876953,154.2178955078125
345.2106018066406,232.3332061767578,220.04139709472656,149.1699981689453
343.83270263671875,228.4459991455078,222.0131072998047,154.406005859375
349.78338623046875,224.39059448242188,215.62879943847656,157.42599487304688
341.43450927734375,221.87100219726562,222.02659606933594,166.85240173339844
313.5050964355469,224.03880310058594,234.78500366210938,158.9674072265625
313.4595031738281,218.59860229492188,221.83450317382812,168.79859924316406
329.326904296875,221.5670928955078,222.9947967529297,162.30929565429688
334.1239929199219,214.38429260253906,227.90240478515625,166.46620178222656
335.26800537109375,222.97479248046875,225.53289794921875,159.73739624023438
331.264404296875,215.00819396972656,223.70840454101562,167.00050354003906
330.16180419921875,223.61380004882812,220.7332000732422,160.0052032470703
330.67620849609375,219.5937042236328,217.7010040283203,159.45309448242188
330.5504150390625,219.80490112304688,222.49319458007812,157.86109924316406
333.8789978027344,219.9862060546875,223.73980712890625,157.36630249023438
331.972412109375,220.90260314941406,213.96119689941406,152.08230590820312
334.09381103515625,218.2548065185547,214.095703125,151.7779998779297
330.36468505859375,213.8437957763672,216.3278045654297,176.94740295410156
322.5072021484375,216.2321014404297,218.785400390625,168.7928009033203
317.74688720703125,214.16990661621094,219.5863037109375,166.44810485839844
315.64801025390625,214.9134979248047,219.43040466308594,166.78269958496094
310.5011901855469,218.95680236816406,220.28269958496094,162.50830078125
307.4515075683594,214.3072967529297,217.5861053466797,162.835693359375
303.4325866699219,217.66409301757812,216.8354034423828,155.88490295410156
296.1402893066406,220.90829467773438,231.50759887695312,147.2111053466797
290.8664855957031,216.83200073242188,230.93609619140625,154.97549438476562
291.3894958496094,215.55909729003906,226.34010314941406,158.09219360351562
290.5696105957031,214.7447967529297,208.152099609375,161.67999267578125
285.29638671875,214.91180419921875,212.01699829101562,154.30859375
281.1686096191406,213.19039916992188,218.9279022216797,157.5955047607422
277.268310546875,211.25540161132812,222.3533935546875,160.22900390625
274.82818603515625,209.5413055419922,222.63949584960938,158.0428009033203
268.3445129394531,209.06900024414062,232.04800415039062,158.6396942138672
267.57708740234375,203.93870544433594,216.13470458984375,161.32510375976562
268.4049987792969,201.0821075439453,218.06170654296875,170.61480712890625
266.201904296875,206.21519470214844,232.3347930908203,157.14930725097656
272.6648864746094,198.35389709472656,224.24639892578125,167.83230590820312
274.248291015625,202.67820739746094,228.0572967529297,160.89920043945312
276.3393859863281,200.5886993408203,232.26559448242188,167.8654022216797
276.11749267578125,194.14649963378906,234.0417022705078,172.7664031982422
275.07708740234375,199.0084991455078,226.13059997558594,168.50779724121094
273.89678955078125,201.0054931640625,233.52609252929688,167.4156036376953
276.10870361328125,195.60389709472656,220.43370056152344,170.0821075439453
272.76568603515625,201.4268035888672,226.40499877929688,165.78509521484375
274.8965148925781,198.20460510253906,217.968994140625,163.23019409179688
273.872314453125,198.4542999267578,218.3430938720703,161.16900634765625
272.4518127441406,197.25059509277344,221.5991973876953,156.95370483398438
268.7720947265625,197.1999969482422,224.2263946533203,164.22250366210938
267.14520263671875,194.8303985595703,222.23300170898438,162.90890502929688
265.81500244140625,192.96539306640625,214.1748046875,161.32110595703125
266.2561950683594,186.2666015625,224.2384033203125,164.4373016357422
267.5403137207031,181.6331024169922,214.92019653320312,169.3914031982422
262.5788879394531,180.3040008544922,230.5128936767578,162.45030212402344
263.0080871582031,177.47019958496094,222.05189514160156,169.18629455566406
263.6658020019531,176.3948974609375,222.45179748535156,164.8863983154297
263.3537902832031,175.52859497070312,221.2357940673828,167.11309814453125
263.777587890625,170.43629455566406,223.2917022705078,167.41810607910156
262.2244873046875,166.82069396972656,224.75140380859375,168.6824951171875
277.61639404296875,166.81480407714844,214.908203125,164.4376983642578
286.7290954589844,165.49110412597656,211.21189880371094,158.47059631347656
283.7861022949219,165.8939971923828,206.55340576171875,154.34429931640625
282.1817932128906,163.2969970703125,211.1750030517578,155.61810302734375
283.77508544921875,163.59710693359375,208.27789306640625,162.36599731445312
283.0745849609375,163.70159912109375,206.87789916992188,157.33599853515625
281.0653991699219,165.42979431152344,214.28720092773438,160.39129638671875
283.3655090332031,165.13819885253906,211.02679443359375,177.65570068359375
289.93310546875,174.022705078125,198.64109802246094,156.3406982421875
287.58489990234375,173.1074981689453,208.73989868164062,166.19729614257812
296.89678955078125,180.63340759277344,188.10020446777344,176.1804962158203
301.0354919433594,188.66700744628906,187.0738067626953,176.9149932861328
298.4773864746094,200.6584014892578,196.4665985107422,179.4875946044922
299.5718994140625,212.47459411621094,197.96670532226562,155.27450561523438
300.13970947265625,222.61279296875,204.21859741210938,153.55020141601562
300.4508056640625,231.52879333496094,203.20899963378906,157.60870361328125
300.36529541015625,233.78500366210938,191.52870178222656,161.08090209960938
307.71240234375,239.56410217285156,195.77569580078125,163.71080017089844
311.37200927734375,250.41920471191406,205.0720977783203,156.377197265625
310.3926086425781,257.8522033691406,199.18980407714844,159.40460205078125
309.1034851074219,260.24700927734375,207.8050994873047,150.52749633789062
314.63018798828125,261.29791259765625,199.77169799804688,157.5157928466797
320.5152893066406,262.92230224609375,200.147705078125,157.80149841308594
320.04559326171875,261.3876037597656,207.83790588378906,171.6728057861328
318.73651123046875,267.7229919433594,212.7321014404297,174.36810302734375
318.1134033203125,279.9067077636719,214.85409545898438,148.90480041503906
322.6402893066406,281.197509765625,211.1510009765625,163.48049926757812
328.7333984375,281.8139953613281,210.860107421875,153.9770965576172
333.98431396484375,286.852294921875,218.4499969482422,156.1186981201172
335.65509033203125,288.37701416015625,217.02740478515625,156.9591064453125
334.0058898925781,295.3539123535156,222.97000122070312,147.5406036376953
338.4386901855469,286.9996032714844,221.12899780273438,160.3260955810547
338.3854064941406,290.00079345703125,209.78199768066406,162.93760681152344
336.77490234375,290.4966125488281,216.57330322265625,163.2393035888672
332.8879089355469,289.9661865234375,225.41549682617188,156.3719024658203
334.9588928222656,287.4713134765625,219.91709899902344,164.3177032470703
331.4953918457031,287.0295104980469,228.3957061767578,163.88330078125
329.69549560546875,286.39801025390625,227.56629943847656,160.9678955078125
327.7522888183594,286.4458923339844,224.65170288085938,164.43789672851562
329.477294921875,285.00799560546875,217.33909606933594,167.814697265625
323.0882873535156,283.56829833984375,232.91600036621094,170.6772003173828
319.51708984375,279.4632873535156,239.56809997558594,168.035400390625
320.4637145996094,281.8692932128906,234.49490356445312,166.42770385742188
321.4938049316406,277.5968933105469,234.8220977783203,174.14739990234375
319.5303955078125,280.7576904296875,237.6154022216797,171.43130493164062
316.3262023925781,278.9747009277344,243.54159545898438,175.6197967529297
318.8924865722656,287.4161071777344,240.720703125,169.5814971923828
320.9407043457031,290.20440673828125,239.6475067138672,164.71319580078125
318.985595703125,289.9690856933594,241.93930053710938,171.69859313964844
324.059814453125,286.8064880371094,233.3242950439453,174.22410583496094
320.1553039550781,287.66790771484375,235.57980346679688,168.88389587402344
318.4939880371094,282.2195129394531,239.65460205078125,177.93460083007812
324.7196960449219,285.0574035644531,236.1591033935547,175.71170043945312
326.34710693359375,287.1390075683594,229.2969970703125,173.2967071533203
322.56988525390625,287.13909912109375,234.94140625,168.61160278320312
322.1531066894531,280.35369873046875,237.372802734375,184.02850341796875
319.3550109863281,279.3153991699219,239.83580017089844,177.34559631347656
321.5430908203125,280.74578857421875,242.8448028564453,178.88690185546875
324.0625,282.1958923339844,240.0758056640625,169.41949462890625
326.7130126953125,278.4657897949219,231.22250366210938,177.97569274902344
326.7663879394531,275.78759765625,238.82400512695312,174.43319702148438
331.6257019042969,274.4642028808594,239.85679626464844,178.37559509277344
346.88409423828125,283.34478759765625,228.9989013671875,177.28480529785156
348.0945129394531,299.5347900390625,220.99070739746094,159.81649780273438
348.54669189453125,303.48748779296875,223.7032928466797,161.17379760742188
349.9826965332031,297.10980224609375,227.56619262695312,168.75140380859375
347.25970458984375,308.0150146484375,230.39390563964844,156.59230041503906
349.1001892089844,315.46258544921875,222.7801055908203,151.81509399414062
346.7298889160156,313.80731201171875,225.43299865722656,152.80499267578125
347.1239929199219,312.5097961425781,218.7877960205078,152.53329467773438
347.37451171875,310.69189453125,217.81649780273438,153.19549560546875
351.0080871582031,309.9565124511719,226.0594940185547,160.35130310058594
367.75390625,310.78131103515625,216.95260620117188,157.20120239257812
362.5331115722656,308.72198486328125,220.4716033935547,155.03709411621094
359.1449890136719,313.85870361328125,222.97120666503906,148.95030212402344
356.38238525390625,309.4425048828125,226.27149963378906,152.35459899902344
348.0609130859375,309.00360107421875,216.87359619140625,154.44459533691406
340.9386901855469,305.5462951660156,217.5030059814453,155.47169494628906
346.10931396484375,307.6275939941406,220.5800018310547,153.8634033203125
352.48529052734375,303.1225891113281,224.7344970703125,158.31759643554688
359.2034912109375,303.51910400390625,221.32839965820312,158.5489959716797
348.7242126464844,292.58709716796875,223.97259521484375,165.860595703125
336.3406066894531,277.12469482421875,227.1907958984375,179.7978057861328
328.4919128417969,266.2929992675781,229.24099731445312,185.36610412597656
327.1444091796875,257.98809814453125,233.0758056640625,184.5821990966797
322.8346862792969,249.33360290527344,218.48899841308594,188.89869689941406
317.119384765625,256.4368896484375,230.46749877929688,186.7364959716797
317.3388977050781,245.89700317382812,236.42019653320312,200.4803009033203
322.114013671875,251.4884033203125,221.63409423828125,190.6710968017578
324.61151123046875,243.31320190429688,223.3072967529297,186.98159790039062
334.5596923828125,232.90609741210938,230.8813934326172,174.6457977294922
334.0726013183594,203.3448944091797,230.87429809570312,174.9669952392578
342.3357849121094,177.0229034423828,221.70509338378906,175.15170288085938
347.6831970214844,167.11520385742188,215.96620178222656,168.88389587402344
355.67010498046875,146.635498046875,211.4853973388672,166.42640686035156
362.3283996582031,125.27559661865234,212.58770751953125,158.9091033935547
360.0032958984375,118.7218017578125,211.6815948486328,167.96009826660156
355.7076110839844,135.56410217285156,213.939697265625,161.77549743652344
371.41339111328125,124.9551010131836,206.52890014648438,173.84629821777344
390.3739013671875,118.43090057373047,211.69949340820312,164.5740966796875
381.98150634765625,105.61840057373047,209.22210693359375,163.15919494628906
365.7679138183594,87.24430084228516,210.90750122070312,167.2093048095703
356.0881042480469,74.94059753417969,204.3437042236328,163.13209533691406
356.75299072265625,64.5989990234375,210.43089294433594,162.2700958251953
360.89910888671875,43.17390060424805,210.3300018310547,170.28050231933594
368.38360595703125,34.3745002746582,200.7113037109375,171.51849365234375
365.7102966308594,24.10569953918457,203.79750061035156,189.74510192871094
355.5306091308594,29.660499572753906,203.97259521484375,195.11709594726562
347.67230224609375,56.35340118408203,207.83839416503906,178.6374969482422
356.36859130859375,54.724300384521484,205.69590759277344,173.33859252929688
356.3678894042969,57.89289855957031,197.2209930419922,163.95669555664062
354.4580993652344,50.99800109863281,205.82130432128906,168.22450256347656
354.965087890625,58.78950119018555,201.9759979248047,162.35049438476562
358.8478088378906,62.00640106201172,196.07650756835938,160.29049682617188
364.0343933105469,69.06690216064453,200.65570068359375,161.4656982421875
368.90008544921875,74.03589630126953,200.75469970703125,168.58709716796875
372.3829040527344,98.77230072021484,202.15150451660156,164.2509002685547
378.7279968261719,120.28040313720703,200.17649841308594,164.310302734375
382.0596008300781,139.33030700683594,196.41920471191406,164.07960510253906
389.6733093261719,162.28619384765625,197.2362060546875,159.593994140625
379.1084899902344,172.45419311523438,191.3470001220703,168.62869262695312
390.8929138183594,191.78050231933594,193.4503936767578,166.82350158691406
408.46240234375,193.8778076171875,194.14610290527344,165.53810119628906
399.5538024902344,187.9232940673828,197.9066925048828,169.2906036376953
388.6015930175781,177.9990997314453,191.72030639648438,177.2135009765625
371.7251892089844,188.20289611816406,189.75759887695312,166.7631072998047
365.5863037109375,185.37010192871094,198.1042938232422,177.17489624023438
378.9560852050781,184.4550018310547,194.6811065673828,179.34719848632812
382.2809143066406,180.58399963378906,187.02389526367188,178.152099609375
368.96148681640625,197.90890502929688,187.60719299316406,164.95350646972656
359.9454040527344,192.4344024658203,189.33360290527344,182.6820068359375
356.9075012207031,203.94549560546875,184.389892578125,174.9644012451172
351.36480712890625,208.35000610351562,182.42080688476562,178.46800231933594
346.7539978027344,211.1708984375,188.15330505371094,187.09649658203125
345.9089050292969,215.9593048095703,180.5948944091797,187.664794921875
347.5270080566406,219.8563995361328,184.797607421875,188.43089294433594
351.7778015136719,224.31280517578125,183.16470336914062,188.43060302734375
360.04119873046875,219.88589477539062,179.52549743652344,196.86810302734375
364.13409423828125,220.43629455566406,174.5345001220703,193.4158935546875
370.54541015625,213.97000122070312,176.72900390625,201.18299865722656
369.072998046875,221.1457061767578,176.62789916992188,187.77960205078125
374.3445129394531,226.4268035888672,171.9844970703125,182.5334014892578
372.4148864746094,223.3607940673828,171.46449279785156,190.22830200195312
372.3724060058594,200.56300354003906,172.2873992919922,221.57949829101562
373.23651123046875,209.89739990234375,179.30630493164062,217.03509521484375
380.7178955078125,234.51980590820312,167.0518035888672,192.79769897460938
380.91619873046875,236.03109741210938,171.91580200195312,193.17230224609375
381.1264953613281,241.09539794921875,166.19329833984375,189.12350463867188
365.5224914550781,256.2580871582031,173.5052032470703,181.41600036621094
363.404296875,246.41720581054688,166.39300537109375,196.33619689941406
367.779296875,253.60519409179688,169.05360412597656,192.7183074951172
375.3736877441406,272.0010986328125,164.92849731445312,171.36000061035156
375.55108642578125,264.4894104003906,159.7012939453125,191.29730224609375
375.664306640625,268.035888671875,159.2313995361328,189.4158935546875
373.6543884277344,274.16400146484375,159.52040100097656,185.85040283203125
372.3656005859375,277.6890869140625,162.572998046875,189.03750610351562
373.99859619140625,278.55108642578125,162.1302947998047,191.19090270996094
379.3869934082031,288.0010986328125,156.5449981689453,173.4990997314453
381.0271911621094,283.40399169921875,154.1356964111328,185.67860412597656
383.4952087402344,283.8976135253906,153.5408935546875,180.681396484375
383.5989990234375,282.5116882324219,155.92840576171875,183.21800231933594
384.4919128417969,274.1708984375,154.57879638671875,192.9049072265625
387.68218994140625,279.4302062988281,153.0930938720703,188.37330627441406
389.33770751953125,279.75311279296875,149.96359252929688,190.87550354003906
389.6182861328125,274.32220458984375,149.9633026123047,197.652099609375
391.9106140136719,274.0169982910156,149.42599487304688,198.39610290527344
388.2222900390625,277.3833923339844,150.27130126953125,183.6436004638672
382.1138000488281,288.5365905761719,145.3336944580078,170.58180236816406
375.20269775390625,286.9923095703125,143.2165069580078,161.8708038330078
378.9996032714844,281.768310546875,137.33079528808594,155.8437957763672
380.72021484375,267.5862121582031,147.29159545898438,160.91690063476562
381.7331848144531,251.00180053710938,141.4945068359375,169.7364959716797
368.5264892578125,251.95660400390625,144.48989868164062,164.1094970703125
367.91290283203125,243.54580688476562,139.89329528808594,166.47019958496094
374.0368957519531,228.58290100097656,140.2559051513672,168.297607421875
372.4844055175781,226.22450256347656,137.63250732421875,161.9385986328125
375.33740234375,226.90890502929688,134.58189392089844,154.11929321289062
377.25628662109375,211.63079833984375,134.44180297851562,162.87930297851562
376.39471435546875,211.47860717773438,134.66009521484375,155.41110229492188
375.21258544921875,209.53660583496094,133.73939514160156,151.90919494628906
375.9656982421875,201.00059509277344,129.3957061767578,149.29440307617188
380.46820068359375,201.37139892578125,126.31410217285156,142.39810180664062
378.377685546875,191.49319458007812,132.8582000732422,148.50030517578125
382.6487121582031,198.1313018798828,132.08529663085938,138.4102020263672
386.08770751953125,196.797607421875,127.38909912109375,140.77099609375
387.6979064941406,195.61380004882812,126.46479797363281,139.06399536132812
387.9914855957031,196.3708953857422,127.46829986572266,134.4282989501953
387.0942077636719,195.91360473632812,125.19329833984375,131.96209716796875
388.3622131347656,191.56170654296875,125.58589935302734,137.80560302734375
385.00408935546875,193.21800231933594,125.00630187988281,133.38299560546875
382.19879150390625,191.2635040283203,125.43699645996094,132.98550415039062
380.8346862792969,194.48069763183594,126.60559844970703,130.08560180664062
379.31170654296875,193.60670471191406,121.40959930419922,131.8345947265625
380.0430908203125,185.7366943359375,120.58820343017578,137.39370727539062
369.2672119140625,187.59030151367188,126.33789825439453,136.46119689941406
364.8503112792969,189.906005859375,125.19110107421875,132.9727020263672
357.3192138671875,188.0959014892578,127.84880065917969,129.91140747070312
353.5943908691406,194.1916046142578,127.76830291748047,124.77469635009766
351.6589050292969,192.66859436035156,121.92749786376953,126.02349853515625
348.0199890136719,191.85569763183594,118.55909729003906,123.72509765625
345.16558837890625,190.04409790039062,122.3634033203125,123.9791030883789
346.4007873535156,189.00369262695312,118.02439880371094,126.74980163574219
335.4336853027344,186.5679931640625,113.38189697265625,129.7209014892578
334.8067932128906,182.56910705566406,120.40390014648438,136.1658935546875
329.5693054199219,185.61570739746094,120.42330169677734,134.1063995361328
329.9906921386719,190.8968963623047,115.48719787597656,128.4893035888672
324.652587890625,192.34019470214844,117.25309753417969,124.76229858398438
322.3301086425781,195.6894073486328,115.54660034179688,120.32460021972656
316.3620910644531,193.5471954345703,115.95570373535156,123.25080108642578
308.5887145996094,196.25689697265625,120.69229888916016,120.95069885253906
309.29779052734375,196.84140014648438,112.62519836425781,122.20829772949219
315.09478759765625,197.20970153808594,118.71540069580078,124.1051025390625
322.7421875,192.94400024414062,108.5739974975586,132.2053985595703
328.2012023925781,194.9071044921875,111.87570190429688,130.8699951171875
334.8349914550781,187.74090576171875,109.16349792480469,139.54310607910156
341.473388671875,187.59779357910156,108.81529998779297,139.7313995361328
338.2629089355469,204.63079833984375,111.09590148925781,119.90160369873047
333.3081970214844,202.10260009765625,110.45269775390625,122.24210357666016
331.2879943847656,204.64370727539062,105.3405990600586,119.08460235595703
325.5765075683594,202.6876983642578,108.14520263671875,120.57659912109375
320.4822998046875,203.02420043945312,109.51029968261719,120.572998046875
319.08319091796875,204.93150329589844,102.21640014648438,117.78179931640625
313.45831298828125,198.74839782714844,104.71540069580078,119.606201171875
311.1180114746094,197.7346954345703,102.36360168457031,122.28600311279297
310.8507080078125,194.12869262695312,100.31649780273438,124.96510314941406
314.55218505859375,192.27000427246094,103.5072021484375,125.15139770507812
319.7976989746094,190.53289794921875,100.88899993896484,127.12409973144531
323.0246887207031,188.72329711914062,97.70279693603516,127.15740203857422
321.0289001464844,185.6555938720703,98.09010314941406,129.6197967529297
323.0325927734375,181.81320190429688,99.28690338134766,131.09500122070312
329.8203125,184.93460083007812,97.56839752197266,127.62449645996094
332.8994140625,181.0012969970703,100.43769836425781,128.1956024169922
342.46209716796875,181.8802947998047,95.03730010986328,126.96759796142578
349.1617126464844,180.01339721679688,92.42769622802734,128.702392578125
351.5549011230469,178.6450958251953,93.20330047607422,128.39430236816406
355.8182067871094,180.28030395507812,93.49479675292969,126.68419647216797
366.0924072265625,185.2449951171875,94.99610137939453,121.5166015625
373.13800048828125,183.5489959716797,93.31839752197266,123.635498046875
376.4762878417969,178.493896484375,90.71209716796875,129.5081024169922
381.89239501953125,172.45730590820312,90.59130096435547,136.54190063476562
382.2084045410156,175.45950317382812,89.48580169677734,131.19180297851562
380.2131042480469,173.07870483398438,88.61959838867188,134.89939880371094
378.0224914550781,173.5341033935547,91.86219787597656,132.6584930419922
374.3197021484375,172.01849365234375,90.86990356445312,134.69500732421875
373.09588623046875,171.27149963378906,89.84490203857422,132.7825927734375
372.4578857421875,170.64999389648438,87.49469757080078,131.7675018310547
370.7148132324219,169.58949279785156,89.32330322265625,131.91000366210938
372.9548034667969,169.88099670410156,86.6626968383789,131.81219482421875
371.2919006347656,168.54299926757812,87.17259979248047,132.2574005126953
371.83740234375,169.95530700683594,86.42859649658203,129.3386993408203
370.9809875488281,167.75869750976562,86.85160064697266,132.1699981689453
371.13238525390625,170.3928985595703,83.97959899902344,127.00689697265625
370.851806640625,169.889892578125,80.19339752197266,127.14129638671875
369.18499755859375,170.5428924560547,81.51830291748047,125.1937026977539
366.03021240234375,169.54469299316406,86.38459777832031,125.46330261230469
364.643798828125,163.6269073486328,83.27320098876953,133.41299438476562
364.8503112792969,173.10130310058594,80.93609619140625,123.4397964477539
362.6487121582031,175.07339477539062,83.19100189208984,121.87049865722656
362.8551940917969,170.67820739746094,84.60649871826172,129.23550415039062
361.7004089355469,175.29620361328125,80.04730224609375,125.80159759521484
358.4336853027344,180.6313018798828,82.69999694824219,117.56580352783203
360.9159851074219,182.46629333496094,76.92489624023438,117.41680145263672
360.068603515625,183.92489624023438,77.03900146484375,117.23870086669922
356.7289123535156,183.28030395507812,77.4269027709961,119.57879638671875
356.9612121582031,182.35549926757812,74.88050079345703,122.63040161132812
354.82830810546875,189.747802734375,74.54779815673828,115.13169860839844
350.4888916015625,191.9488067626953,76.93779754638672,112.62529754638672
347.7167053222656,191.04319763183594,77.60209655761719,117.55439758300781
347.66229248046875,192.38710021972656,76.07749938964844,116.58760070800781
345.6866149902344,194.352294921875,74.0790023803711,117.70469665527344
342.6133117675781,200.25909423828125,73.60060119628906,113.6792984008789
342.3052062988281,199.7283935546875,71.52200317382812,116.23300170898438
339.9479064941406,205.98390197753906,71.7833023071289,111.05870056152344
339.2113037109375,208.81289672851562,69.93779754638672,111.22370147705078
336.56439208984375,210.88800048828125,71.9103012084961,112.31400299072266
335.9631042480469,213.181396484375,70.472900390625,109.47810363769531
336.90008544921875,213.3419952392578,66.08450317382812,113.70600128173828
334.14129638671875,214.4521026611328,69.03720092773438,114.31829833984375
333.0718994140625,219.20669555664062,68.23999786376953,109.27770233154297
333.8684997558594,221.39979553222656,64.90499877929688,109.37359619140625
332.29949951171875,223.0684051513672,64.5458984375,108.99369812011719
330.7098083496094,223.61289978027344,67.29679870605469,111.37539672851562
329.5574951171875,226.90440368652344,67.4092025756836,107.69650268554688
330.2244873046875,229.79769897460938,65.22250366210938,105.74829864501953
329.6448974609375,234.67649841308594,63.55189895629883,106.24829864501953
327.7723083496094,238.92630004882812,63.90879821777344,106.15579986572266
320.4755859375,244.31069946289062,69.37650299072266,100.03919982910156
308.9382019042969,251.71449279785156,82.74490356445312,100.35379791259766
310.8789978027344,256.5372009277344,77.36229705810547,98.13999938964844
310.43450927734375,260.3247985839844,78.73280334472656,96.8917007446289
308.4458923339844,264.2261047363281,80.97360229492188,95.84989929199219
308.27081298828125,266.8540954589844,78.19259643554688,94.07219696044922
309.7632141113281,272.79168701171875,79.74559783935547,91.04229736328125
313.0906982421875,274.1606140136719,75.45970153808594,90.693603515625
312.24798583984375,277.48388671875,75.96060180664062,89.19819641113281
310.981689453125,281.1860046386719,73.57589721679688,88.63189697265625
311.2503967285156,280.7536926269531,74.54550170898438,88.35199737548828
310.5357971191406,287.9966125488281,76.99019622802734,85.51519775390625
306.8692932128906,290.6405029296875,75.45339965820312,81.57499694824219
303.1182861328125,295.54290771484375,70.1719970703125,80.91320037841797
291.0010986328125,293.9377136230469,74.6322021484375,84.34230041503906
286.5173034667969,297.902099609375,73.69290161132812,83.60399627685547
280.4280090332031,300.8870849609375,75.5248031616211,80.2051010131836
276.9254150390625,304.2651062011719,75.1417007446289,78.72560119628906
266.62921142578125,308.3497009277344,77.54830169677734,77.30180358886719
263.5140075683594,309.3522033691406,74.7426986694336,76.4697036743164
263.9245910644531,315.21429443359375,73.64739990234375,72.89969635009766
260.4742126464844,313.33441162109375,73.26249694824219,73.23799896240234
260.5461120605469,315.0745849609375,72.11699676513672,76.22750091552734
258.40411376953125,318.11669921875,71.46150207519531,72.88099670410156
258.510986328125,321.3743896484375,70.0022964477539,71.12920379638672
254.2335968017578,322.8691101074219,71.8386001586914,69.4749984741211
255.54490661621094,325.347412109375,69.29730224609375,69.70079803466797
257.6643981933594,326.7731018066406,69.32420349121094,68.77510070800781
259.54449462890625,329.1317138671875,66.83260345458984,68.533203125
260.3617858886719,329.9519958496094,67.3093032836914,67.35769653320312
258.9765930175781,331.8536071777344,67.99559783935547,66.26319885253906
260.2156066894531,330.5180969238281,69.22579956054688,70.79019927978516
262.85321044921875,335.5810852050781,70.4530029296875,66.37539672851562
265.7578125,336.92449951171875,69.98909759521484,66.20610046386719
267.252197265625,338.4088134765625,66.81289672851562,65.59919738769531
266.0917053222656,340.93499755859375,67.39859771728516,65.11180114746094
267.28338623046875,341.3370056152344,65.94960021972656,63.72019958496094
267.8514099121094,343.52239990234375,67.49759674072266,64.07230377197266
270.35870361328125,341.2143859863281,68.6957015991211,66.71540069580078
270.5823974609375,346.9620056152344,65.85189819335938,61.85279846191406
270.15618896484375,347.1697998046875,64.92330169677734,60.742000579833984
270.9743957519531,349.7615051269531,64.65630340576172,59.500701904296875
273.5722961425781,349.0705871582031,66.2854995727539,60.15639877319336
270.08758544921875,351.67950439453125,66.04660034179688,58.347999572753906
269.6723937988281,351.91259765625,67.97930145263672,60.09700012207031
269.1044006347656,351.4801025390625,66.76409912109375,58.78390121459961
270.7934875488281,351.9844970703125,67.21520233154297,58.08539962768555
272.5033874511719,352.9530944824219,67.72460174560547,57.31660079956055
272.5089111328125,353.5826110839844,65.55680084228516,56.32709884643555
276.5346984863281,352.9089050292969,64.56790161132812,56.888099670410156
279.0188903808594,353.6661071777344,65.80870056152344,56.796600341796875
284.9639892578125,356.2839050292969,64.69450378417969,53.78409957885742
287.069091796875,355.1336975097656,65.59590148925781,55.30400085449219
290.8507995605469,356.0591125488281,64.43370056152344,53.72760009765625
290.2047119140625,358.23858642578125,66.51200103759766,51.90840148925781
295.4637145996094,358.335693359375,63.9734992980957,52.717498779296875
299.9446105957031,359.1630859375,64.28919982910156,52.205101013183594
298.38848876953125,360.62969970703125,63.553001403808594,50.42789840698242
296.7428894042969,360.88629150390625,62.279300689697266,50.473899841308594
294.82879638671875,359.52801513671875,61.431800842285156,50.95220184326172
294.6033020019531,356.79400634765625,63.20119857788086,51.506500244140625
293.1664123535156,355.1509094238281,62.3661994934082,48.61899948120117
294.2278137207031,352.8966979980469,62.18709945678711,48.1078987121582
294.6330871582031,350.0611877441406,60.72520065307617,48.717098236083984
295.4627990722656,346.5419006347656,58.058799743652344,47.74190139770508
292.6300964355469,341.8127136230469,61.67559814453125,49.85860061645508
291.1969909667969,339.8861083984375,60.942501068115234,48.249900817871094
295.2687072753906,335.0398864746094,57.256500244140625,47.11149978637695
293.5870056152344,332.37548828125,59.20240020751953,45.66529846191406
287.7168884277344,327.2206115722656,57.92539978027344,47.30039978027344
285.34478759765625,324.622314453125,55.46860122680664,47.519798278808594
283.1228942871094,322.6134948730469,59.121700286865234,46.61579895019531
284.7959899902344,319.4783020019531,58.83399963378906,48.0546989440918
285.86810302734375,318.6061096191406,57.004398345947266,46.440799713134766
286.2262878417969,316.7337951660156,54.10380172729492,45.62179946899414
286.1942138671875,314.768798828125,54.208099365234375,46.03900146484375
285.4331970214844,314.3031921386719,55.239601135253906,42.332401275634766
287.5663146972656,311.92559814453125,55.26409912109375,42.26350021362305
287.7206115722656,308.5614929199219,54.45090103149414,44.62269973754883
290.18218994140625,306.8877868652344,47.35350036621094,43.471099853515625
295.5166015625,304.99481201171875,37.8307991027832,41.25709915161133
295.0126953125,303.9974060058594,38.07699966430664,42.36249923706055
299.1913146972656,302.1134033203125,33.280601501464844,43.765499114990234
300.6429138183594,301.7731018066406,33.21480178833008,40.59590148925781
299.80560302734375,301.8357849121094,33.358001708984375,40.798301696777344
295.1047058105469,299.1170959472656,37.444801330566406,40.54199981689453
298.4635925292969,299.4064025878906,33.42390060424805,38.33219909667969
301.52899169921875,296.0198974609375,32.33879852294922,40.0348014831543
303.6935119628906,293.5238037109375,32.46030044555664,40.222900390625
305.8045959472656,295.3962097167969,31.57900047302246,37.463600158691406
302.3547058105469,293.3555908203125,34.518798828125,39.833099365234375
297.131103515625,292.2283020019531,40.20970153808594,39.685001373291016
304.7421875,293.5368957519531,33.62969970703125,36.73469924926758
302.8357849121094,292.5421142578125,36.15250015258789,35.227901458740234
306.03759765625,287.7325134277344,34.67250061035156,39.80979919433594
301.3004150390625,286.4714050292969,38.594200134277344,40.593101501464844
299.20928955078125,287.3266906738281,35.706600189208984,37.437801361083984
299.4873046875,286.0621032714844,32.08980178833008,36.863800048828125
295.8172912597656,286.59210205078125,30.900699615478516,35.026798248291016
291.0508117675781,283.86358642578125,31.39150047302246,35.84579849243164
290.2637939453125,282.1366882324219,31.229299545288086,35.487300872802734
289.6498107910156,279.2666015625,31.43280029296875,36.4547004699707
290.4372863769531,278.160888671875,31.917800903320312,35.31269836425781
289.7533874511719,276.6651916503906,31.924299240112305,35.48619842529297
290.56201171875,274.0835876464844,32.602699279785156,35.957698822021484
291.1048889160156,271.73541259765625,32.969600677490234,36.9734992980957
291.3848876953125,270.4283142089844,32.24129867553711,36.16600036621094
293.7355041503906,270.2131042480469,31.41860008239746,34.62779998779297
293.5683898925781,268.3857116699219,32.22600173950195,34.256500244140625
295.53369140625,266.3481140136719,31.920400619506836,34.338401794433594
297.8900146484375,264.83551025390625,31.50659942626953,34.060001373291016
301.964599609375,262.1662902832031,30.434900283813477,34.81650161743164
304.2073059082031,261.85198974609375,31.140300750732422,33.07379913330078
306.6907043457031,257.61810302734375,32.65129852294922,36.16709899902344
310.940185546875,257.03369140625,32.12179946899414,35.10879898071289
314.664794921875,256.2987060546875,31.283700942993164,34.2333984375
320.15570068359375,253.8596954345703,30.71739959716797,35.070701599121094
321.970703125,254.46949768066406,29.602500915527344,32.36220169067383
325.3216857910156,250.94419860839844,30.528099060058594,34.299800872802734
327.9164123535156,249.2686004638672,31.194900512695312,35.37379837036133
329.9707946777344,248.22610473632812,31.87619972229004,35.13859939575195
334.3912048339844,247.85360717773438,31.35059928894043,35.242401123046875
339.3124084472656,248.7852020263672,29.57379913330078,34.38880157470703
343.064208984375,246.9429931640625,31.565099716186523,38.122798919677734
344.5639953613281,251.13189697265625,33.1067008972168,35.85960006713867
345.43798828125,250.54989624023438,35.6150016784668,38.26319885253906
356.7499084472656,253.8385009765625,28.60110092163086,33.427799224853516
360.2515869140625,254.02430725097656,29.853200912475586,34.847999572753906
361.8026123046875,256.37640380859375,30.604700088500977,34.097599029541016
364.1318054199219,256.3940124511719,28.859100341796875,33.42610168457031
365.6648864746094,257.92138671875,29.046100616455078,32.32400131225586
367.4341125488281,257.23779296875,29.491500854492188,33.17290115356445
369.702392578125,259.3323974609375,27.482900619506836,31.996599197387695
370.86761474609375,259.9242858886719,26.906299591064453,31.310199737548828
370.5539855957031,261.2846984863281,26.27750015258789,30.34119987487793
371.1134033203125,260.15399169921875,26.395000457763672,31.8174991607666
370.08819580078125,261.414306640625,26.30620002746582,30.807100296020508
369.8351135253906,259.79901123046875,27.03179931640625,31.194700241088867
369.9961853027344,258.9914855957031,27.33180046081543,32.919898986816406
371.3346862792969,263.8815002441406,24.97369956970215,29.310699462890625
372.1216125488281,263.84320068359375,25.835500717163086,29.986600875854492
372.2289123535156,266.0564880371094,26.763500213623047,30.863300323486328
374.98028564453125,266.0350036621094,25.552499771118164,31.586599349975586
377.464111328125,268.80810546875,24.841800689697266,29.567100524902344
378.3634948730469,269.5191955566406,25.8341007232666,28.48270034790039
379.2748107910156,269.66070556640625,24.98740005493164,27.74720001220703
381.1570129394531,268.5495910644531,24.39299964904785,28.63159942626953
381.73779296875,268.0080871582031,25.237499237060547,28.396400451660156
381.9425048828125,266.7579040527344,25.537900924682617,29.261999130249023
382.256591796875,265.78399658203125,23.897600173950195,28.99920082092285
381.72039794921875,264.57708740234375,24.79680061340332,28.629100799560547
383.8807067871094,265.1611022949219,23.47330093383789,27.29800033569336
385.493896484375,263.82958984375,24.03890037536621,27.749500274658203
383.82720947265625,262.810791015625,23.18269920349121,27.384199142456055
384.5199890136719,262.4031982421875,23.09670066833496,26.634899139404297
385.0729064941406,261.4195861816406,22.492000579833984,27.054100036621094
386.7327880859375,259.49749755859375,23.600000381469727,27.61400032043457
388.86199951171875,258.75970458984375,22.898000717163086,26.40060043334961
389.264892578125,258.3916931152344,22.607500076293945,25.95039939880371
390.4184875488281,256.8544921875,23.26420021057129,25.937599182128906
392.51141357421875,256.277587890625,23.211299896240234,25.888900756835938
394.32269287109375,255.7006072998047,22.09280014038086,24.940399169921875
396.1419982910156,253.8166046142578,22.263500213623047,25.96649932861328
397.1593017578125,254.13150024414062,21.199399948120117,24.829200744628906
397.0976867675781,251.26060485839844,21.9689998626709,26.53700065612793
398.4619140625,251.5648956298828,20.878999710083008,25.54050064086914
396.8861083984375,250.52340698242188,20.79400062561035,25.962200164794922
396.0776062011719,249.5677947998047,20.931499481201172,25.939599990844727
394.15850830078125,250.12620544433594,20.659400939941406,25.844999313354492
390.8699035644531,251.07879638671875,21.140300750732422,26.05820083618164
386.3904113769531,251.80340576171875,20.69059944152832,25.19610023498535
382.98370361328125,252.8470001220703,19.824199676513672,24.37649917602539
380.0237121582031,253.10440063476562,19.6466007232666,23.565200805664062
375.965087890625,253.5294952392578,19.71310043334961,23.211200714111328
371.6921081542969,253.3332061767578,18.7322998046875,23.633399963378906
368.5859069824219,252.7816925048828,18.376399993896484,23.969200134277344
365.8020935058594,253.35670471191406,18.27359962463379,23.0314998626709
364.8315124511719,254.51939392089844,18.1742000579834,22.583200454711914
363.6294860839844,254.96209716796875,17.929800033569336,22.89299964904785
363.10211181640625,254.0847930908203,17.611799240112305,22.441099166870117
362.4466857910156,254.7324981689453,17.271400451660156,23.102699279785156
362.095703125,256.03070068359375,17.895099639892578,22.5802001953125
361.693115234375,256.110595703125,18.607200622558594,23.392799377441406
364.0887145996094,256.7879943847656,17.812999725341797,22.35759925842285
364.4173889160156,258.0090026855469,17.81719970703125,22.40019989013672
365.87420654296875,257.9266052246094,18.69070053100586,22.966999053955078
368.2275085449219,258.9563903808594,16.487600326538086,22.123600006103516
368.7196044921875,262.7215881347656,16.561500549316406,20.229400634765625
370.36199951171875,261.3468933105469,16.325300216674805,21.159799575805664
372.30279541015625,260.2300109863281,16.228500366210938,20.38479995727539
373.5898132324219,258.34368896484375,16.67009925842285,21.514699935913086
374.47711181640625,257.15838623046875,16.82859992980957,20.555999755859375
375.5049133300781,255.0753936767578,17.048799514770508,20.20400047302246
377.0314025878906,244.9770965576172,17.24720001220703,20.725500106811523
377.07879638671875,239.65040588378906,17.576499938964844,20.750600814819336
380.8078918457031,237.07769775390625,16.596599578857422,19.24880027770996
383.7190856933594,234.66319274902344,16.296300888061523,20.150999069213867
387.6492919921875,236.25390625,16.158000946044922,19.707000732421875
390.706787109375,232.1894073486328,15.864700317382812,19.422399520874023
395.5888977050781,230.71640014648438,15.914999961853027,19.176000595092773
398.05450439453125,228.03269958496094,16.09000015258789,19.04450035095215
400.98590087890625,225.4490966796875,16.735300064086914,19.715299606323242
405.7585144042969,224.56700134277344,16.95210075378418,19.337499618530273
409.8594970703125,223.45860290527344,16.573400497436523,19.103500366210938
413.78228759765625,223.2884063720703,15.95359992980957,18.217500686645508
416.5976867675781,221.68589782714844,17.035499572753906,19.052900314331055
419.7651062011719,221.1864013671875,16.583200454711914,18.46470069885254
422.8323974609375,221.1824951171875,17.3976993560791,18.515600204467773
425.6393127441406,220.572998046875,17.136600494384766,18.350200653076172
426.9518127441406,220.3000030517578,17.466899871826172,19.159799575805664
426.57708740234375,218.1688995361328,17.95330047607422,20.783899307250977
427.6317138671875,218.89190673828125,17.58489990234375,19.822399139404297
426.2044982910156,217.18479919433594,19.116899490356445,21.944400787353516
425.8965148925781,216.73989868164062,18.347400665283203,21.494800567626953
425.1241149902344,215.02340698242188,18.93630027770996,22.440099716186523
425.7851867675781,213.7093963623047,18.556100845336914,23.610000610351562
425.9621887207031,214.8813018798828,17.993000030517578,22.31130027770996
425.66241455078125,215.0778045654297,17.94770050048828,22.6294002532959
425.12091064453125,214.41070556640625,18.079200744628906,21.33180046081543
425.10369873046875,213.51409912109375,18.04800033569336,21.60260009765625
425.8966064453125,212.55760192871094,17.656200408935547,21.148300170898438
426.2715148925781,211.73159790039062,17.745899200439453,22.055500030517578
427.90728759765625,212.39419555664062,17.906299591064453,19.91119956970215
428.8236083984375,211.26390075683594,18.645200729370117,20.74679946899414
431.2983093261719,208.58599853515625,16.718399047851562,21.39739990234375
433.315185546875,207.3240966796875,17.366199493408203,20.539400100708008
434.7716979980469,207.95010375976562,17.433700561523438,19.24799919128418
438.2919006347656,206.0554962158203,16.846500396728516,19.593700408935547
440.1513977050781,204.28399658203125,17.062299728393555,18.98590087890625
442.55780029296875,198.09950256347656,17.96470069885254,21.784099578857422
447.4809875488281,196.7346954345703,16.69300079345703,20.912900924682617
449.7887878417969,196.53919982910156,16.78689956665039,18.582300186157227
453.0946044921875,194.65199279785156,16.137399673461914,18.838199615478516
456.2726135253906,193.07229614257812,15.873900413513184,17.85759925842285
460.4939880371094,186.14309692382812,16.41469955444336,18.575199127197266
463.956787109375,183.67379760742188,15.89210033416748,18.888999938964844
450.46490478515625,175.8040008544922,17.05820083618164,21.076099395751953
443.0580139160156,174.7559051513672,16.093000411987305,19.324899673461914
444.752197265625,172.8990020751953,17.009599685668945,18.929000854492188
446.2547912597656,171.58140563964844,15.75879955291748,17.81879997253418
444.5663146972656,170.0363006591797,15.633899688720703,17.467199325561523
440.6178894042969,168.11480712890625,16.18869972229004,18.771900177001953
433.373291015625,167.9084930419922,16.436500549316406,18.68829917907715
425.7726135253906,167.2447052001953,16.687700271606445,17.06879997253418
420.2275085449219,165.46949768066406,16.66819953918457,18.184799194335938
414.8846130371094,166.05099487304688,16.379600524902344,18.155000686645508
415.154296875,161.74530029296875,16.51650047302246,19.598800659179688
408.1275939941406,160.66110229492188,16.53569984436035,18.747499465942383
398.20379638671875,158.648193359375,17.24169921875,19.503299713134766
390.527587890625,158.95339965820312,16.774099349975586,18.378700256347656
383.05511474609375,158.81700134277344,16.70669937133789,19.6112003326416
375.1377868652344,157.6376953125,16.283899307250977,18.471099853515625
376.95599365234375,156.985107421875,16.007400512695312,18.656099319458008
387.2666015625,157.9268035888672,16.11440086364746,18.6643009185791
391.94049072265625,156.89990234375,16.219999313354492,17.016700744628906
400.9419860839844,155.02529907226562,16.610000610351562,18.449499130249023
416.7831115722656,156.7606964111328,18.168699264526367,18.431400299072266
420.5719909667969,157.42410278320312,16.488500595092773,18.431699752807617
408.1806945800781,156.81329345703125,16.066499710083008,16.803499221801758
374.20220947265625,157.92379760742188,12.261099815368652,16.803699493408203
367.2598876953125,158.04660034179688,15.334699630737305,15.894200325012207
356.7430114746094,159.72279357910156,16.516700744628906,14.791299819946289
360.2807922363281,155.12640380859375,17.317800521850586,17.86039924621582
366.2755126953125,155.15029907226562,17.79669952392578,17.225000381469727
365.3559875488281,152.3865966796875,18.195999145507812,19.893199920654297
369.14471435546875,151.36839294433594,18.461700439453125,20.69729995727539
378.1581115722656,150.7165985107422,19.54290008544922,19.755699157714844
389.1206970214844,151.16070556640625,18.557199478149414,18.758699417114258
393.36590576171875,150.16529846191406,18.566299438476562,19.171600341796875
398.59210205078125,149.70030212402344,18.785200119018555,18.752700805664062
397.864501953125,149.35260009765625,18.7810001373291,18.383399963378906
391.1752014160156,147.10009765625,19.945100784301758,19.836000442504883
382.5867004394531,145.98550415039062,23.594900131225586,20.632600784301758
375.6744079589844,145.5424041748047,23.273399353027344,20.59630012512207
372.8131103515625,143.78619384765625,20.23509979248047,21.731800079345703
366.6199035644531,142.93240356445312,21.993799209594727,23.956499099731445
356.5528869628906,143.64059448242188,26.29509925842285,22.417999267578125
353.04791259765625,143.2947998046875,25.167499542236328,24.16510009765625
346.6260986328125,143.86480712890625,26.684999465942383,25.568500518798828
342.91668701171875,143.19960021972656,25.127599716186523,29.96579933166504
337.46209716796875,144.7729034423828,26.805400848388672,29.03219985961914
334.3182067871094,145.4658966064453,25.36590003967285,27.870500564575195
337.8996887207031,145.38009643554688,25.475400924682617,28.478900909423828
338.4779052734375,146.82009887695312,26.473400115966797,25.323400497436523
340.7491149902344,146.7039031982422,26.469999313354492,28.34630012512207
343.431884765625,148.18429565429688,24.900699615478516,24.195199966430664
346.19439697265625,146.6033935546875,25.833200454711914,26.79129981994629
351.8918151855469,145.8489990234375,24.125600814819336,26.247800827026367
354.21490478515625,143.10609436035156,25.993499755859375,25.441200256347656
360.6846923828125,142.30999755859375,24.87420082092285,26.21809959411621
365.91119384765625,140.8643035888672,27.033700942993164,27.75160026550293
370.27349853515625,140.3654022216797,27.15999984741211,26.735700607299805
375.77288818359375,140.28030395507812,27.648399353027344,26.71540069580078
381.3760070800781,139.25950622558594,26.023399353027344,27.356599807739258
383.54681396484375,139.47979736328125,27.449100494384766,26.42770004272461
383.84259033203125,140.54910278320312,30.284000396728516,24.753700256347656
388.11810302734375,141.1363983154297,28.007200241088867,23.923200607299805
392.3800964355469,140.07290649414062,27.748899459838867,25.43090057373047
397.4024963378906,139.9385986328125,28.292400360107422,26.22410011291504
398.5763854980469,141.0498046875,27.39459991455078,24.903499603271484
401.7170104980469,142.38619995117188,29.882400512695312,23.565000534057617
405.15008544921875,141.79510498046875,28.9468994140625,25.1023006439209
404.8351135253906,141.33230590820312,29.79789924621582,25.103500366210938
403.03399658203125,141.5115966796875,29.715700149536133,21.922300338745117
400.9883117675781,141.27560424804688,30.78459930419922,21.786100387573242
400.12811279296875,139.01170349121094,31.01420021057129,22.343599319458008
399.4093017578125,139.5458984375,29.825000762939453,22.459199905395508
394.11138916015625,138.29229736328125,32.722198486328125,20.66119956970215
391.6431884765625,137.90109252929688,33.21310043334961,21.11840057373047
390.125,136.76109313964844,34.582801818847656,22.81209945678711
388.3109130859375,135.46640014648438,34.391300201416016,23.672100067138672
388.110107421875,134.00869750976562,32.884700775146484,25.26569938659668
386.0718078613281,135.44749450683594,33.47999954223633,20.5231990814209
383.102294921875,134.25450134277344,34.79209899902344,23.467599868774414
383.5744934082031,133.08270263671875,34.12730026245117,24.644100189208984
380.4281005859375,133.6457061767578,35.93479919433594,22.750499725341797
377.0799865722656,132.1529998779297,37.19770050048828,25.61319923400879
378.52850341796875,134.3883056640625,33.25210189819336,23.742799758911133
372.5472106933594,133.75950622558594,36.45090103149414,25.015199661254883
369.70819091796875,134.2958984375,37.6609001159668,25.393800735473633
368.964111328125,137.1074981689453,37.24440002441406,22.843799591064453
364.9549865722656,139.9351043701172,38.480098724365234,22.421100616455078
363.65380859375,141.3444061279297,37.65610122680664,22.38479995727539
362.74700927734375,141.3000030517578,36.588199615478516,24.20400047302246
360.4266052246094,143.2292938232422,37.28739929199219,22.653600692749023
355.23040771484375,143.50430297851562,41.023799896240234,23.337299346923828
352.88970947265625,144.93670654296875,40.58399963378906,23.117799758911133
350.4681091308594,145.62680053710938,39.535400390625,22.524599075317383
346.2947998046875,146.84469604492188,38.483299255371094,22.189699172973633
342.3465881347656,145.52789306640625,39.357200622558594,22.317800521850586
336.193603515625,144.5164031982422,40.027801513671875,22.202699661254883
332.8185119628906,144.66419982910156,40.74610137939453,22.756999969482422
330.2301025390625,143.7113037109375,41.24789810180664,25.017000198364258
327.4114990234375,145.2581024169922,43.015499114990234,24.023700714111328
