1
350.6686096191406,256.0067138671875,29.17329978942871,31.20490074157715
347.84100341796875,252.7111053466797,28.130399703979492,33.54100036621094
344.2492980957031,251.72109985351562,29.22209930419922,32.770599365234375
339.3854064941406,251.85279846191406,28.729000091552734,31.696399688720703
334.4513854980469,251.02789306640625,29.948400497436523,32.09870147705078
330.8327941894531,250.80360412597656,29.583499908447266,32.98360061645508
328.39801025390625,251.7093048095703,29.287700653076172,33.00450134277344
324.6076965332031,252.32200622558594,30.51810073852539,34.18000030517578
321.47601318359375,253.91709899902344,29.88010025024414,33.76649856567383
319.5321960449219,255.67880249023438,30.323200225830078,34.569400787353516
314.6025085449219,256.90411376953125,30.560100555419922,34.92559814453125
311.335205078125,258.29998779296875,30.84760093688965,34.513301849365234
307.2799072265625,260.5574035644531,31.30340003967285,33.682899475097656
303.4837951660156,262.756103515625,31.788999557495117,33.117401123046875
300.28619384765625,264.0863037109375,31.745399475097656,33.36280059814453
297.7688903808594,266.0882873535156,31.041000366210938,33.54899978637695
295.3183898925781,267.847900390625,31.345800399780273,33.955299377441406
294.01470947265625,268.96600341796875,31.29050064086914,35.143798828125
293.37249755859375,270.8630065917969,31.287399291992188,34.60530090332031
290.5246887207031,272.660400390625,32.15060043334961,34.538299560546875
291.21881103515625,274.78448486328125,31.95479965209961,34.37580108642578
290.8146057128906,275.973388671875,31.559600830078125,34.919498443603516
289.2587890625,277.1427917480469,31.890199661254883,35.917598724365234
289.4696960449219,279.25250244140625,32.657501220703125,34.80339813232422
288.8371887207031,281.49639892578125,32.4651985168457,34.45650100708008
289.2467956542969,283.4021911621094,32.13059997558594,34.85419845581055
290.3580017089844,285.8760986328125,32.14569854736328,34.65620040893555
293.8973083496094,286.2466125488281,32.562400817871094,35.99340057373047
299.7532043457031,287.99169921875,31.488500595092773,36.35129928588867
300.48651123046875,288.3934020996094,34.107601165771484,37.56610107421875
304.9955139160156,287.84710693359375,33.62519836425781,39.504600524902344
306.30108642578125,290.2726135253906,32.01139831542969,38.042198181152344
304.4548034667969,292.0455017089844,32.845298767089844,38.179901123046875
304.8507995605469,293.602294921875,32.374900817871094,38.62699890136719
302.1673889160156,295.15771484375,33.55229949951172,37.89229965209961
302.4462890625,294.0067138671875,32.588401794433594,40.57279968261719
303.5757141113281,296.065185546875,34.340599060058594,38.24660110473633
302.3667907714844,295.4761962890625,33.4900016784668,39.40570068359375
299.54510498046875,296.8747863769531,34.32419967651367,40.15729904174805
297.57830810546875,299.6944885253906,34.06719970703125,39.70690155029297
297.3534851074219,301.10260009765625,34.21580123901367,39.37889862060547
298.345703125,303.8764953613281,35.364601135253906,39.30509948730469
299.4737854003906,304.5050964355469,33.51210021972656,38.529998779296875
297.1106872558594,304.6203918457031,34.95370101928711,41.5635986328125
296.36981201171875,305.7879943847656,34.990501403808594,42.073001861572266
296.6037902832031,306.5736999511719,35.02370071411133,42.294498443603516
300.95208740234375,307.7161865234375,34.330101013183594,43.58639907836914
304.1792907714844,309.7900085449219,36.13529968261719,43.76060104370117
304.12750244140625,311.6861877441406,36.96580123901367,44.014198303222656
303.0960998535156,315.5857849121094,36.32160186767578,41.75830078125
302.4938049316406,317.8161926269531,35.55339813232422,42.10530090332031
301.6178894042969,319.3277893066406,36.06669998168945,42.525901794433594
305.5096130371094,318.6274108886719,36.091800689697266,46.55870056152344
304.7549133300781,322.2499084472656,37.03730010986328,44.099998474121094
302.0722961425781,323.8833923339844,38.31460189819336,44.260101318359375
301.32818603515625,327.9844055175781,38.79389953613281,42.714599609375
306.4371032714844,328.7838134765625,37.6150016784668,45.32400131225586
312.84979248046875,331.0462951660156,37.14390182495117,47.35929870605469
312.1861877441406,334.5379943847656,39.15570068359375,47.182899475097656
311.34130859375,340.9341125488281,39.857398986816406,45.56840133666992
312.2298889160156,344.0924072265625,39.83140182495117,45.8218994140625
312.65679931640625,348.08489990234375,39.176998138427734,46.18450164794922
313.1964111328125,351.0437927246094,41.37229919433594,47.40010070800781
314.5097961425781,354.3898010253906,40.6260986328125,46.0182991027832
314.39471435546875,355.4700012207031,39.678001403808594,48.54050064086914
314.2679138183594,359.9400939941406,41.09550094604492,46.910701751708984
314.5888977050781,361.0714111328125,39.855201721191406,47.80950164794922
316.07720947265625,362.2817077636719,40.7963981628418,47.82720184326172
319.4162902832031,361.830810546875,39.60210037231445,48.65739822387695
320.5885925292969,360.4678039550781,41.785099029541016,49.88159942626953
316.14581298828125,359.6980895996094,40.42070007324219,50.49209976196289
312.59930419921875,358.91650390625,41.09640121459961,50.174598693847656
311.0968017578125,356.66650390625,41.91619873046875,51.92190170288086
308.5793151855469,355.7814025878906,42.92259979248047,53.182701110839844
305.1260070800781,354.7229919433594,41.905601501464844,54.917198181152344
299.966796875,353.8232116699219,41.32059860229492,56.77730178833008
296.5078125,354.0862121582031,41.46480178833008,55.23970031738281
293.9193115234375,353.5190124511719,42.93199920654297,55.83140182495117
294.5775146484375,354.19189453125,41.70650100708008,56.14139938354492
292.7474060058594,352.0635986328125,41.02880096435547,58.23870086669922
291.1593017578125,351.5177917480469,43.54930114746094,58.88990020751953
292.4216003417969,353.4325866699219,43.143798828125,57.9203987121582
291.0548095703125,352.76300048828125,41.37649917602539,58.2150993347168
293.50830078125,351.3854064941406,43.49330139160156,58.912899017333984
290.6387023925781,349.78240966796875,43.370201110839844,60.451499938964844
290.4851989746094,348.0476989746094,43.832298278808594,62.031700134277344
292.5828857421875,348.0491943359375,41.6953010559082,60.621700286865234
290.4309997558594,347.6225891113281,44.958099365234375,59.43949890136719
288.52288818359375,345.56890869140625,42.91210174560547,62.06570053100586
286.45098876953125,345.4122009277344,46.2515983581543,60.31700134277344
287.1108093261719,343.065185546875,43.459598541259766,63.58440017700195
284.3786926269531,342.24139404296875,48.09040069580078,62.319698333740234
285.3768005371094,339.3221130371094,46.895599365234375,64.09239959716797
283.5155944824219,338.35589599609375,45.87220001220703,64.1146011352539
279.3800048828125,335.1993103027344,48.143001556396484,65.71900177001953
276.7829895019531,333.01239013671875,48.591400146484375,67.51519775390625
277.5762023925781,333.4115905761719,48.229801177978516,64.05760192871094
275.9071960449219,331.2703857421875,50.12229919433594,66.71309661865234
274.3763122558594,330.3158874511719,50.209598541259766,65.15380096435547
273.0,326.8456115722656,50.94060134887695,69.28720092773438
272.9873962402344,325.8367004394531,50.888999938964844,68.51200103759766
275.1285095214844,324.5234069824219,49.1411018371582,68.88330078125
276.4446105957031,321.7980041503906,51.81840133666992,69.8917007446289
278.1568908691406,319.898193359375,51.59159851074219,72.08100128173828
278.3185119628906,315.6950988769531,51.76089859008789,74.0728988647461
282.481201171875,316.3713073730469,50.388999938964844,73.11509704589844
282.7484130859375,312.57391357421875,52.554298400878906,75.64289855957031
286.8551025390625,310.214111328125,52.58409881591797,76.63089752197266
294.3456115722656,307.71038818359375,54.73500061035156,77.0718002319336
299.91180419921875,305.7926940917969,52.48899841308594,77.26969909667969
303.55889892578125,303.341796875,52.697601318359375,78.02529907226562
307.7795104980469,299.5611877441406,54.86130142211914,80.23880004882812
317.49530029296875,298.8186950683594,55.37580108642578,79.46920013427734
321.8418884277344,292.1059875488281,58.56829833984375,84.00420379638672
327.5212097167969,290.05999755859375,55.010799407958984,84.29830169677734
326.9789123535156,284.2685852050781,55.07849884033203,87.84329986572266
327.3221130371094,283.5022888183594,53.92879867553711,87.24849700927734
328.5956115722656,278.3168029785156,54.65660095214844,89.54229736328125
316.9273986816406,278.544189453125,68.83820343017578,87.72810363769531
319.19140625,273.7243957519531,68.6343994140625,92.06680297851562
316.71051025390625,271.2947998046875,71.18099975585938,92.03690338134766
324.0609130859375,265.95489501953125,60.8760986328125,94.64530181884766
316.0105895996094,261.7286071777344,72.07389831542969,97.20539855957031
318.9443054199219,257.43218994140625,68.6759033203125,99.65899658203125
318.1791076660156,253.00469970703125,71.15950012207031,100.65840148925781
318.3291015625,252.44529724121094,72.95600128173828,94.7927017211914
318.4237060546875,247.1920928955078,77.78980255126953,98.36949920654297
320.44439697265625,241.35549926757812,77.70950317382812,99.29669952392578
322.9043884277344,235.7366943359375,75.54889678955078,103.18170166015625
321.3898010253906,234.27980041503906,79.08580017089844,104.44770050048828
324.32330322265625,232.43629455566406,76.46060180664062,103.6322021484375
325.18170166015625,226.99220275878906,75.62220001220703,108.25260162353516
327.9176940917969,224.08790588378906,74.16670227050781,109.99040222167969
330.1637878417969,223.3791961669922,73.48249816894531,108.4092025756836
329.3443908691406,220.0803985595703,76.9260025024414,110.1458969116211
331.9986877441406,220.2176055908203,75.83080291748047,108.80020141601562
334.16290283203125,218.05580139160156,73.54440307617188,109.0165023803711
335.5179138183594,214.87460327148438,76.08280181884766,111.8552017211914
337.83209228515625,212.43190002441406,75.37799835205078,111.32209777832031
337.07989501953125,209.68850708007812,79.46070098876953,112.08329772949219
340.1235046386719,205.16700744628906,77.20020294189453,114.51380157470703
342.2283935546875,202.835205078125,75.99079895019531,113.51360321044922
344.96661376953125,201.82620239257812,75.62129974365234,113.2593002319336
346.8371887207031,197.80540466308594,77.27279663085938,113.96379852294922
348.2069091796875,198.57789611816406,77.95950317382812,113.18090057373047
348.5002136230469,197.3950958251953,81.07080078125,112.54830169677734
349.7934875488281,194.84039306640625,82.28119659423828,113.61009979248047
353.2131042480469,188.2646942138672,80.42639923095703,119.631103515625
354.1637878417969,190.4123992919922,81.78189849853516,115.83699798583984
356.77239990234375,189.40069580078125,82.00599670410156,114.87680053710938
356.264404296875,187.84759521484375,86.30359649658203,115.79769897460938
356.0744934082031,188.94140625,86.07530212402344,113.45099639892578
359.85418701171875,184.37289428710938,84.51360321044922,118.4010009765625
361.7597961425781,183.82760620117188,83.56390380859375,115.88929748535156
358.2449035644531,176.7313995361328,90.78289794921875,123.02429962158203
361.8734130859375,182.02780151367188,86.85919952392578,118.4979019165039
360.88128662109375,180.95809936523438,91.48290252685547,117.15740203857422
363.6780090332031,176.18130493164062,92.08560180664062,125.03350067138672
365.14019775390625,176.1470947265625,91.3009033203125,124.14009857177734
363.8468933105469,179.43040466308594,92.58429718017578,120.09420013427734
368.2760009765625,174.47689819335938,89.42970275878906,126.43360137939453
366.223388671875,175.80999755859375,93.74749755859375,123.89399719238281
367.4783935546875,175.80450439453125,93.03630065917969,126.38050079345703
369.4458923339844,179.42349243164062,90.67410278320312,123.77780151367188
368.6748046875,177.25469970703125,93.6707992553711,126.5895004272461
367.5357971191406,182.16229248046875,93.1803970336914,120.52469635009766
367.5138854980469,176.2154998779297,94.87220001220703,128.97459411621094
368.8627014160156,177.8428955078125,96.318603515625,128.30020141601562
372.1358947753906,180.52149963378906,94.464599609375,127.33910369873047
372.2432861328125,187.57130432128906,98.37789916992188,119.79119873046875
374.6900939941406,187.55979919433594,98.45659637451172,121.43209838867188
377.618896484375,187.20899963378906,94.50080108642578,119.65560150146484
377.8424072265625,186.8778076171875,96.47989654541016,122.22589874267578
373.68359375,185.05099487304688,93.56199645996094,125.56900024414062
370.3695983886719,187.66180419921875,96.86389923095703,121.7854995727539
361.61480712890625,188.00970458984375,98.95780181884766,121.59259796142578
348.9143981933594,189.83810424804688,101.21440124511719,118.845703125
347.68231201171875,191.42770385742188,98.22219848632812,116.8646011352539
344.5494079589844,195.0166015625,98.76589965820312,112.00489807128906
335.2601013183594,194.35440063476562,104.17359924316406,113.29979705810547
330.4179992675781,198.05740356445312,101.78700256347656,110.43409729003906
322.5675964355469,197.09910583496094,107.2761001586914,113.03559875488281
320.8363952636719,196.92970275878906,102.72000122070312,114.20500183105469
318.3915100097656,200.25660705566406,103.60179901123047,113.46209716796875
318.4443054199219,203.56930541992188,104.3595962524414,111.30139923095703
317.5841979980469,205.35699462890625,103.71949768066406,110.2573013305664
308.7962951660156,207.18690490722656,108.631103515625,109.21160125732422
304.9613952636719,209.49899291992188,107.91320037841797,106.38150024414062
309.9242858886719,206.42860412597656,107.29199981689453,108.6498031616211
310.87469482421875,206.84039306640625,109.56950378417969,110.98500061035156
314.0899963378906,212.06930541992188,111.74629974365234,104.67150115966797
318.8717956542969,210.35279846191406,113.3947982788086,108.20330047607422
322.2442932128906,216.25869750976562,114.97209930419922,99.2291030883789
327.2535095214844,213.48289489746094,114.52140045166016,102.03399658203125
329.87908935546875,214.6743927001953,117.80729675292969,100.9760971069336
336.614990234375,214.24530029296875,116.13150024414062,102.70790100097656
334.42138671875,212.68370056152344,120.93779754638672,107.9811019897461
331.12200927734375,212.96429443359375,114.43920135498047,111.57240295410156
323.21270751953125,212.72650146484375,118.60209655761719,108.98709869384766
316.96600341796875,210.610595703125,116.32499694824219,110.49739837646484
309.3564147949219,208.6221923828125,122.86489868164062,109.0154037475586
305.09271240234375,207.7458953857422,120.37930297851562,104.810302734375
309.34698486328125,203.71310424804688,121.81620025634766,110.90039825439453
314.802001953125,204.6356964111328,124.24600219726562,105.95649719238281
319.1365051269531,204.61990356445312,124.32579803466797,104.51709747314453
320.8385925292969,204.56739807128906,128.1772003173828,103.97740173339844
324.485595703125,204.67160034179688,130.36940002441406,105.61160278320312
323.6028137207031,204.58200073242188,128.531494140625,106.94550323486328
330.7265930175781,201.5030975341797,128.88609313964844,109.23139953613281
328.2485046386719,199.59140014648438,130.69090270996094,111.83419799804688
341.83380126953125,202.79119873046875,127.3604965209961,108.82589721679688
342.80859375,202.19549560546875,126.760498046875,109.85790252685547
344.31689453125,202.0175018310547,130.43850708007812,107.5177993774414
352.789306640625,203.56210327148438,125.42310333251953,108.9854965209961
350.5339050292969,198.54949951171875,133.07449340820312,120.01280212402344
356.52191162109375,201.67269897460938,132.3769073486328,110.6084976196289
361.07861328125,198.28179931640625,133.69529724121094,119.88680267333984
366.345703125,199.20179748535156,136.4322967529297,119.77369689941406
374.6275939941406,200.95159912109375,136.40370178222656,119.16439819335938
373.5304870605469,202.0198974609375,136.70289611816406,122.26529693603516
375.5409851074219,199.78709411621094,139.79989624023438,123.57270050048828
380.0375061035156,198.39410400390625,137.0780029296875,123.34400177001953
379.95880126953125,202.19090270996094,137.57879638671875,121.64810180664062
383.5353088378906,204.1427001953125,135.50990295410156,120.15010070800781
380.8677062988281,203.71730041503906,140.64549255371094,124.16059875488281
382.6300048828125,203.26109313964844,132.53399658203125,126.3156967163086
383.6708984375,202.5579071044922,135.01019287109375,131.87930297851562
379.65411376953125,200.3928985595703,137.4185028076172,137.4281005859375
376.6466064453125,206.7528076171875,135.92950439453125,127.43150329589844
375.0205993652344,208.64109802246094,135.33349609375,125.32610321044922
372.7065124511719,211.8936004638672,135.7707977294922,128.62069702148438
371.7373046875,211.46839904785156,137.6864013671875,134.20150756835938
374.56640625,222.3282012939453,135.8498992919922,136.32049560546875
370.7432861328125,225.5800018310547,140.4687957763672,137.9376983642578
372.1470947265625,230.1923065185547,138.0872039794922,136.35609436035156
366.7284851074219,234.61459350585938,147.80360412597656,145.11109924316406
368.0535888671875,240.0408935546875,143.53900146484375,144.8538055419922
369.8995056152344,249.86509704589844,140.9217071533203,146.41290283203125
358.7987976074219,270.1177062988281,145.78919982910156,137.01559448242188
365.9529113769531,268.61151123046875,147.32240295410156,145.2924041748047
376.0356140136719,273.7688903808594,148.98379516601562,144.75140380859375
378.6778869628906,280.1065979003906,145.5251007080078,148.52639770507812
370.1874084472656,290.5400085449219,149.0657958984375,152.16830444335938
370.908203125,297.839111328125,146.9040069580078,158.93930053710938
376.7843017578125,298.7532043457031,150.88099670410156,166.5102996826172
384.04840087890625,302.518310546875,149.08560180664062,159.49920654296875
388.0184020996094,300.9119873046875,154.47610473632812,171.74009704589844
384.8186950683594,304.6712951660156,156.33920288085938,168.4427032470703
385.0389099121094,299.4023132324219,157.9427032470703,178.81539916992188
384.0096130371094,303.0257873535156,155.4810028076172,165.17149353027344
380.4039001464844,304.7409973144531,156.00340270996094,166.30419921875
378.8487854003906,301.0710144042969,158.96629333496094,174.50680541992188
377.0892028808594,300.7244873046875,161.3737030029297,171.24929809570312
375.3606872558594,295.2179870605469,160.81900024414062,181.88099670410156
371.9634094238281,299.635498046875,163.0644989013672,172.73179626464844
368.8428039550781,299.98651123046875,166.53700256347656,169.74099731445312
365.7666015625,303.1719055175781,165.68930053710938,164.71620178222656
367.4674072265625,294.07940673828125,168.3824005126953,180.1123046875
369.6091003417969,293.61248779296875,160.17059326171875,170.00340270996094
370.2615051269531,291.9974060058594,157.93910217285156,169.67840576171875
370.4743957519531,286.3099060058594,172.7425994873047,162.40469360351562
365.5047912597656,282.50518798828125,168.52549743652344,157.85369873046875
355.6315002441406,278.0249938964844,171.0247039794922,163.031494140625
363.1830139160156,274.1549072265625,173.2187957763672,163.3206024169922
372.0270080566406,266.1217041015625,175.27020263671875,166.0944061279297
372.097900390625,260.4971923828125,180.55979919433594,162.14419555664062
372.6495056152344,254.06680297851562,177.87330627441406,168.7194061279297
369.5220031738281,252.72250366210938,179.85740661621094,166.78729248046875
361.54638671875,247.6331024169922,185.02529907226562,169.06309509277344
364.4932861328125,240.2064971923828,185.2227020263672,170.5321044921875
362.377197265625,241.08929443359375,194.2967071533203,168.87969970703125
360.93218994140625,234.98159790039062,188.21429443359375,176.03829956054688
358.9831848144531,238.1020050048828,188.73699951171875,175.6468048095703
351.7738952636719,243.17010498046875,192.35679626464844,173.32989501953125
348.86761474609375,237.2373046875,193.3115997314453,178.5489044189453
341.1752014160156,234.09140014648438,198.71620178222656,180.01339721679688
335.5320129394531,229.97909545898438,199.24380493164062,176.36959838867188
335.3515930175781,229.06170654296875,199.4029998779297,172.05670166015625
341.71051025390625,227.16099548339844,198.17379760742188,166.66189575195312
344.5492858886719,222.6490020751953,201.20140075683594,163.5469970703125
351.7998046875,221.26150512695312,200.0832977294922,151.77650451660156
354.12091064453125,214.2241973876953,198.87359619140625,156.82679748535156
364.56060791015625,207.0675048828125,196.5469970703125,154.722900390625
373.4963073730469,201.14639282226562,200.9853973388672,158.2480926513672
371.4132995605469,199.72520446777344,200.74710083007812,158.92010498046875
365.34100341796875,202.002197265625,193.88059997558594,158.25840759277344
360.24578857421875,201.69140625,206.19000244140625,156.49000549316406
381.2325134277344,197.2342071533203,200.91729736328125,158.67889404296875
399.4607849121094,198.7490997314453,200.65570068359375,158.79620361328125
398.51019287109375,202.31739807128906,204.85130310058594,155.1674041748047
388.0439147949219,203.59779357910156,193.25999450683594,152.68899536132812
375.8164978027344,187.60440063476562,205.84609985351562,144.46279907226562
383.8904113769531,169.752197265625,197.83619689941406,146.17799377441406
379.0481872558594,146.73240661621094,206.5157928466797,154.8300018310547
373.5848083496094,127.32330322265625,213.93780517578125,151.3636932373047
371.3611145019531,111.07420349121094,206.7509002685547,143.8843994140625
366.1476135253906,90.07389831542969,207.0697021484375,144.25979614257812
360.5733947753906,78.4738998413086,210.00990295410156,145.44149780273438
357.0617980957031,67.82140350341797,208.9488067626953,157.44580078125
354.4408874511719,66.78050231933594,203.23379516601562,148.7877960205078
353.00421142578125,64.85579681396484,205.10899353027344,149.24960327148438
352.7412109375,67.97589874267578,207.09170532226562,154.08180236816406
350.968994140625,71.08910369873047,210.12939453125,149.9990997314453
346.2691955566406,73.90670013427734,212.8914031982422,140.45089721679688
350.1189880371094,60.3931999206543,208.0471954345703,151.17410278320312
359.66510009765625,53.58919906616211,213.13710021972656,145.0897979736328
362.30560302734375,47.94329833984375,210.7135009765625,149.43389892578125
361.1022033691406,55.489898681640625,212.34869384765625,149.677001953125
357.50738525390625,66.5551986694336,215.67149353027344,156.47970581054688
351.3429870605469,82.63890075683594,224.29739379882812,155.6374053955078
358.841796875,96.34700012207031,223.30499267578125,153.13519287109375
375.03118896484375,110.62159729003906,237.30569458007812,162.87750244140625
380.00408935546875,124.29340362548828,234.76449584960938,161.93739318847656
360.2998962402344,139.04029846191406,235.4665069580078,164.3594970703125
353.31610107421875,145.01730346679688,227.1334991455078,157.88070678710938
352.8833923339844,129.29229736328125,231.88929748535156,162.0496063232422
354.981689453125,132.2530975341797,239.67759704589844,164.9217987060547
354.2178039550781,157.56289672851562,222.85760498046875,155.96510314941406
346.731689453125,172.9864959716797,234.70899963378906,168.1573944091797
340.8507995605469,190.8852996826172,232.6177978515625,167.57110595703125
337.326904296875,214.48179626464844,232.49490356445312,167.22509765625
333.0614013671875,240.56430053710938,237.60240173339844,166.01649475097656
320.0856018066406,257.7420959472656,230.98399353027344,165.7010040283203
319.9059143066406,268.5461120605469,234.58009338378906,163.62249755859375
314.5924072265625,267.7774963378906,241.33389282226562,161.00489807128906
315.2041931152344,270.6976013183594,238.55389404296875,158.39010620117188
317.67498779296875,263.9775085449219,241.2209930419922,165.4696044921875
322.714599609375,272.62451171875,234.55979919433594,153.99549865722656
326.07501220703125,283.54620361328125,235.28460693359375,149.65969848632812
332.1675109863281,295.22021484375,232.0093994140625,156.08279418945312
342.0527038574219,303.7782897949219,242.00140380859375,157.7790069580078
349.4873962402344,308.534912109375,247.31039428710938,160.72390747070312
351.5692138671875,312.4621887207031,235.16709899902344,152.345703125
339.2955017089844,316.5047912597656,236.7147979736328,150.05430603027344
333.6429138183594,316.0234069824219,235.84979248046875,154.8480987548828
337.81201171875,315.1039123535156,236.91079711914062,154.42550659179688
352.8959045410156,321.684814453125,234.2288055419922,149.28900146484375
355.8949890136719,319.03271484375,230.5113067626953,151.1674041748047
356.57110595703125,313.9811096191406,229.20950317382812,159.58790588378906
358.4914855957031,323.0244140625,231.11070251464844,149.33749389648438
349.4862060546875,318.4447937011719,233.41510009765625,156.59800720214844
343.6664123535156,320.39801025390625,230.6356964111328,149.83709716796875
345.26458740234375,318.55621337890625,227.86940002441406,157.18490600585938
341.65130615234375,322.49090576171875,232.80560302734375,145.16110229492188
345.3735046386719,318.5743103027344,230.71099853515625,151.1033935546875
347.4551086425781,316.1488037109375,230.68190002441406,157.322998046875
349.6129150390625,310.3908996582031,231.2866973876953,155.83580017089844
346.2986145019531,309.69378662109375,235.10159301757812,164.13560485839844
344.9460144042969,305.67950439453125,235.9355010986328,166.92990112304688
345.6889953613281,296.569091796875,234.27780151367188,161.4232940673828
336.35321044921875,285.28961181640625,236.39599609375,182.89320373535156
332.0712890625,281.364013671875,224.46189880371094,190.5928955078125
329.7668151855469,281.7655029296875,232.9967041015625,188.95599365234375
325.17401123046875,286.0365905761719,240.5458984375,186.49850463867188
326.0705871582031,288.53118896484375,239.00869750976562,184.9989013671875
320.59149169921875,289.0274963378906,237.66189575195312,178.61900329589844
313.8716125488281,286.0610046386719,249.76930236816406,182.985107421875
318.2217102050781,290.4385070800781,245.85870361328125,175.94430541992188
317.29840087890625,291.3092041015625,247.35940551757812,178.25030517578125
321.6445007324219,290.35699462890625,242.3957061767578,177.34230041503906
319.4800109863281,292.7738952636719,239.8195037841797,178.69590759277344
316.34149169921875,293.7041015625,245.64199829101562,163.9739990234375
318.84478759765625,296.9530944824219,243.06869506835938,166.470703125
314.3135986328125,293.7076110839844,248.3822021484375,174.6479034423828
314.8721923828125,292.9017028808594,250.44500732421875,167.59869384765625
318.0907897949219,291.731689453125,244.7425994873047,173.99420166015625
316.2218017578125,290.1278076171875,245.5554962158203,172.4239959716797
320.0545959472656,284.2182922363281,239.12069702148438,179.8654022216797
318.1272888183594,283.19171142578125,242.531005859375,175.58419799804688
317.1969909667969,281.87689208984375,244.9062042236328,182.1116943359375
320.1942138671875,286.39678955078125,240.1475067138672,173.4376983642578
315.9888000488281,291.2663879394531,244.31390380859375,165.3916015625
314.4657897949219,289.0837097167969,244.5872039794922,163.97979736328125
324.2145080566406,289.7441101074219,232.7718963623047,167.57130432128906
322.4563903808594,290.5763854980469,235.5968017578125,165.6605987548828
327.15521240234375,290.72021484375,232.1826934814453,164.3679962158203
323.435791015625,292.2923889160156,239.1746063232422,157.3845977783203
325.26971435546875,296.63970947265625,235.4886932373047,152.01390075683594
330.8334045410156,294.760009765625,223.76710510253906,160.28500366210938
328.11309814453125,291.83551025390625,230.3477020263672,152.45989990234375
328.7239990234375,295.0440979003906,232.210693359375,153.10040283203125
333.2752990722656,292.19659423828125,226.0164031982422,151.96859741210938
333.2066955566406,287.698486328125,222.5229949951172,156.75010681152344
331.414794921875,290.4823913574219,222.4730987548828,148.22340393066406
329.9385070800781,296.65679931640625,216.99609375,141.49510192871094
327.7066955566406,298.59820556640625,213.16929626464844,135.01849365234375
322.7679138183594,287.4237976074219,213.3831024169922,141.57699584960938
323.13641357421875,279.0238952636719,213.0635986328125,147.26100158691406
322.3843078613281,273.6424865722656,209.5345001220703,147.79310607910156
321.777587890625,268.4237976074219,209.60299682617188,146.39010620117188
313.5798034667969,274.58221435546875,208.0946044921875,138.0590057373047
317.3262939453125,269.652587890625,201.8708953857422,139.0634002685547
310.96710205078125,269.181396484375,208.52529907226562,138.154296875
312.81329345703125,261.66790771484375,208.55850219726562,139.14999389648438
307.20770263671875,253.09429931640625,207.73179626464844,141.26730346679688
301.9085998535156,243.19529724121094,209.03579711914062,144.25390625
298.6377868652344,240.7696990966797,214.17430114746094,140.46029663085938
301.3100891113281,230.58389282226562,206.9158935546875,145.5802001953125
300.9043884277344,224.07879638671875,207.5865020751953,143.34629821777344
300.3612976074219,214.69610595703125,208.1824951171875,142.2592010498047
296.8315124511719,204.78829956054688,211.056396484375,143.40829467773438
295.5216979980469,191.24000549316406,208.8437957763672,145.68179321289062
294.2716064453125,187.64700317382812,206.04080200195312,138.99819946289062
290.8662109375,181.3043975830078,209.3050994873047,140.52220153808594
286.7486877441406,179.7559051513672,213.17430114746094,139.3206024169922
287.2672119140625,177.9949951171875,211.75779724121094,138.55799865722656
286.3815002441406,171.87559509277344,209.16799926757812,141.293701171875
289.0780944824219,170.54359436035156,206.09120178222656,144.62759399414062
286.4801025390625,174.1573028564453,207.4185028076172,141.33340454101562
285.82159423828125,177.2725067138672,211.51040649414062,137.41329956054688
286.94488525390625,176.3303985595703,216.15679931640625,142.08309936523438
282.3807067871094,177.3249969482422,213.73500061035156,154.41380310058594
266.96209716796875,175.6887969970703,218.7615966796875,162.3896026611328
266.7041931152344,177.45950317382812,220.25,154.718505859375
265.910888671875,179.6230926513672,224.9593048095703,174.51840209960938
262.5963134765625,178.4344024658203,224.10960388183594,178.72689819335938
261.41510009765625,188.34170532226562,228.86920166015625,163.8372039794922
265.15618896484375,186.1239013671875,228.41920471191406,168.9665069580078
266.497802734375,192.02099609375,224.17129516601562,159.13929748535156
268.00360107421875,193.16409301757812,223.78329467773438,178.53289794921875
263.6499938964844,193.07110595703125,223.66400146484375,180.4427947998047
268.48291015625,211.07080078125,224.29600524902344,157.19749450683594
266.5846862792969,206.210205078125,228.42149353027344,164.59779357910156
266.7235107421875,205.41229248046875,231.63540649414062,172.97000122070312
269.2301025390625,204.3726043701172,231.3822021484375,181.4573974609375
266.20269775390625,206.09629821777344,242.88609313964844,184.66769409179688
266.1326904296875,207.55999755859375,237.66909790039062,185.94729614257812
266.34429931640625,210.7554931640625,235.57879638671875,169.1396026611328
270.3539123535156,208.0529022216797,237.785400390625,180.447998046875
269.3800964355469,205.74440002441406,243.4053955078125,184.9613037109375
271.3279113769531,206.5279998779297,238.96119689941406,186.1844940185547
269.4129943847656,204.5186004638672,242.5178985595703,188.05259704589844
265.9140930175781,207.5948944091797,241.4604034423828,187.7863006591797
261.69140625,208.15069580078125,235.3155975341797,186.72129821777344
265.77899169921875,211.60989379882812,236.97850036621094,181.8876953125
260.72100830078125,209.88980102539062,231.59100341796875,187.70289611816406
257.2889099121094,210.88720703125,242.5229034423828,186.14259338378906
258.3728942871094,211.15939331054688,244.71290588378906,190.26849365234375
264.3746032714844,214.3341064453125,239.3618927001953,183.92919921875
271.339599609375,212.1887969970703,230.6580047607422,189.49440002441406
275.0906982421875,218.75439453125,234.27349853515625,183.57530212402344
275.2665100097656,214.61720275878906,239.49159240722656,186.806396484375
284.4057922363281,229.29100036621094,228.88389587402344,170.4622039794922
282.7748107910156,222.77389526367188,237.8094024658203,178.7064971923828
288.190185546875,220.18490600585938,237.00509643554688,181.8105010986328
287.09039306640625,216.63890075683594,246.10569763183594,192.59559631347656
299.2969055175781,219.9752960205078,228.93609619140625,191.71229553222656
298.52459716796875,219.7362060546875,238.13150024414062,189.21640014648438
305.48291015625,217.04800415039062,234.63760375976562,192.048095703125
306.048095703125,220.70269775390625,231.80059814453125,182.46409606933594
315.5851135253906,220.8520965576172,234.45339965820312,183.24600219726562
315.75311279296875,226.12030029296875,237.8571014404297,180.00909423828125
318.1799011230469,224.1811065673828,242.6824951171875,186.55369567871094
321.21710205078125,224.9541015625,240.75270080566406,184.71319580078125
323.7130126953125,221.9683074951172,234.27439880371094,186.33509826660156
324.1062927246094,219.72340393066406,238.06820678710938,187.3856964111328
323.4869079589844,226.1376953125,238.01669311523438,183.9783935546875
325.6648864746094,222.55450439453125,233.2790069580078,185.04539489746094
326.1770935058594,223.02549743652344,237.75390625,184.7550048828125
329.7738952636719,222.68780517578125,230.09710693359375,185.6676025390625
331.6354064941406,226.2404022216797,238.17630004882812,186.80979919433594
339.22210693359375,227.30569458007812,232.2720947265625,182.3730010986328
328.2878112792969,227.20460510253906,229.25660705566406,181.42489624023438
313.25518798828125,231.6053924560547,230.49249267578125,177.6428985595703
310.9630126953125,228.02980041503906,239.835693359375,183.75970458984375
337.26361083984375,225.16810607910156,232.16490173339844,189.9866943359375
350.110595703125,230.5406036376953,227.8209991455078,186.6663055419922
342.6017150878906,232.345703125,225.81640625,185.02659606933594
335.6838073730469,228.85879516601562,244.7303009033203,187.90420532226562
349.3951110839844,234.7530059814453,223.04249572753906,176.27520751953125
345.8971862792969,229.55740356445312,231.05979919433594,183.62339782714844
342.510009765625,227.56390380859375,231.6999053955078,184.16659545898438
342.372314453125,224.9571075439453,234.34300231933594,186.23699951171875
346.69488525390625,219.96560668945312,225.00619506835938,180.94140625
338.5429992675781,217.35699462890625,236.87049865722656,184.75070190429688
342.7132873535156,215.07569885253906,234.74070739746094,162.25660705566406
347.7296142578125,206.54080200195312,229.48849487304688,177.3625030517578
344.20819091796875,207.23089599609375,223.41819763183594,169.54409790039062
341.9276123046875,207.57159423828125,233.5749969482422,175.32029724121094
340.9827880859375,206.7606964111328,237.7006072998047,182.90420532226562
341.1581115722656,207.99960327148438,232.2825927734375,185.4528045654297
340.9993896484375,208.21009826660156,231.8166046142578,180.0186004638672
345.15899658203125,212.00030517578125,223.34280395507812,173.6320037841797
344.71429443359375,209.9884033203125,232.17550659179688,180.4477996826172
341.7744140625,206.41969299316406,228.36549377441406,183.49240112304688
334.6957092285156,214.8079071044922,243.82090759277344,178.8253936767578
337.05340576171875,212.74569702148438,235.59649658203125,185.9407958984375
341.0675964355469,210.26669311523438,234.80059814453125,184.07699584960938
340.52410888671875,211.96029663085938,231.07159423828125,181.92640686035156
340.51220703125,213.0092010498047,230.31590270996094,181.37339782714844
334.5899963378906,216.80270385742188,239.6595001220703,180.577392578125
337.6545104980469,217.03309631347656,239.8031005859375,182.7196044921875
337.14849853515625,217.51370239257812,234.7653045654297,182.34930419921875
339.5232849121094,217.1923065185547,232.1322021484375,182.7073974609375
340.8210144042969,216.49349975585938,229.6168975830078,184.31419372558594
338.9801940917969,224.6457061767578,230.1739959716797,173.5529022216797
340.9544982910156,223.64649963378906,235.7801971435547,179.35940551757812
341.2666015625,219.68359375,224.5323028564453,188.981201171875
339.7821044921875,225.06210327148438,237.79559326171875,182.9217987060547
334.6864013671875,231.50889587402344,235.63160705566406,178.64390563964844
