1
533.4498291015625,277.4505920410156,81.65899658203125,22.417499542236328
541.4537963867188,277.41949462890625,82.41059875488281,23.393600463867188
550.6099243164062,280.9012145996094,84.26460266113281,22.93120002746582
560.807373046875,282.9407958984375,88.38770294189453,23.785600662231445
570.7048950195312,286.32379150390625,90.243896484375,25.647600173950195
581.9146728515625,289.32708740234375,89.38480377197266,27.84600067138672
595.8098754882812,288.6129150390625,91.45890045166016,37.32389831542969
608.2149047851562,292.4356994628906,93.73829650878906,37.1952018737793
621.4716796875,297.4458923339844,100.53520202636719,38.131500244140625
635.0858154296875,299.11358642578125,100.15499877929688,38.40250015258789
647.3619995117188,305.80419921875,103.00129699707031,31.80739974975586
665.7993774414062,312.1825866699219,107.1990966796875,27.34910011291504
682.9282836914062,316.0552978515625,106.3770980834961,26.66189956665039
702.594970703125,317.77911376953125,96.39289855957031,22.14150047302246
722.526611328125,321.1593933105469,89.64779663085938,18.04789924621582
737.6433715820312,320.6408996582031,89.24919891357422,22.993900299072266
764.8416137695312,328.78948974609375,83.46209716796875,35.7682991027832
776.471923828125,320.6455993652344,89.94290161132812,44.82699966430664
785.494873046875,327.5870056152344,99.98380279541016,36.798500061035156
795.1392822265625,335.8778991699219,106.19180297851562,28.89240074157715
810.3519287109375,342.4307861328125,106.26000213623047,25.321399688720703
829.1810302734375,346.0148010253906,102.93160247802734,26.496400833129883
848.7661743164062,349.1814880371094,102.36430358886719,36.25960159301758
870.3057861328125,355.9336853027344,100.56690216064453,28.103099822998047
890.85107421875,360.99249267578125,99.63069915771484,21.938899993896484
909.348388671875,365.6806945800781,95.92610168457031,31.2106990814209
936.9285278320312,369.25299072265625,94.26940155029297,41.627201080322266
959.810302734375,378.9872131347656,85.13760375976562,54.403499603271484
988.334716796875,389.0751953125,79.69219970703125,57.03839874267578
1000.7758178710938,395.0343933105469,71.1852035522461,48.95759963989258
1004.6569213867188,380.0649108886719,58.3577995300293,61.310001373291016
1013.5247192382812,379.5242919921875,49.499900817871094,70.16639709472656
1009.8649291992188,371.1565856933594,47.850799560546875,73.94280242919922
989.07568359375,367.8909912109375,64.3041000366211,71.39749908447266
984.9249877929688,360.964599609375,80.99610137939453,62.60300064086914
972.88818359375,357.5115051269531,87.3915023803711,58.41490173339844
967.3765258789062,353.16790771484375,82.80560302734375,58.753501892089844
962.8839111328125,345.41461181640625,81.0604019165039,61.69919967651367
967.1552734375,334.0143127441406,68.4988021850586,69.72799682617188
971.282470703125,329.13720703125,53.435699462890625,70.67350006103516
978.4014282226562,337.4359130859375,56.0630989074707,58.94490051269531
985.543212890625,341.1969909667969,65.02660369873047,50.74769973754883
985.8698120117188,343.2322998046875,67.50740051269531,33.908599853515625
997.1129150390625,348.3265075683594,69.22820281982422,27.140300750732422
1005.4393920898438,352.6585998535156,72.68470001220703,17.920000076293945
1013.9810180664062,354.8279113769531,72.95059967041016,14.68120002746582
1025.36181640625,353.64678955078125,74.38050079345703,15.307000160217285
1040.5469970703125,354.3128967285156,75.66349792480469,14.078800201416016
1056.001708984375,353.71929931640625,73.95439910888672,14.3818998336792
1072.765380859375,353.5934143066406,73.14409637451172,13.997699737548828
1090.6143798828125,353.3641052246094,73.4447021484375,14.206399917602539
1111.0546875,353.45721435546875,78.13760375976562,13.778599739074707
1133.4383544921875,353.70721435546875,73.9823989868164,13.414199829101562
1157.455078125,353.194091796875,79.32869720458984,14.568699836730957
1185.136474609375,353.4386901855469,80.68109893798828,14.63640022277832
1214.31396484375,353.4927062988281,79.85240173339844,15.342100143432617
1246.8565673828125,353.5035095214844,76.8926010131836,14.460700035095215
1283.1636962890625,352.1171875,75.29060363769531,14.650099754333496
1327.664306640625,345.5079040527344,75.99490356445312,16.67799949645996
1377.9580078125,322.28070068359375,72.07579803466797,26.357099533081055
1420.282470703125,317.2486877441406,65.5697021484375,37.285499572753906
1432.355224609375,324.1390075683594,67.15049743652344,46.38800048828125
1433.8475341796875,336.16668701171875,70.82579803466797,61.03620147705078
1435.794921875,346.5367126464844,78.72799682617188,74.5602035522461
1453.4063720703125,349.3734130859375,66.14530181884766,87.54920196533203
1464.0867919921875,360.83319091796875,68.26640319824219,88.2499008178711
1473.8988037109375,375.2716064453125,68.9365005493164,82.5093994140625
1484.416259765625,392.8034973144531,68.69930267333984,70.92649841308594
1493.74267578125,408.59271240234375,70.74030303955078,79.85669708251953
1506.8594970703125,426.7528076171875,78.23539733886719,77.71720123291016
1523.4371337890625,446.0006103515625,69.37259674072266,75.54049682617188
1535.114501953125,469.6903076171875,52.37300109863281,70.7739028930664
1533.368896484375,481.8301086425781,47.20669937133789,70.2251968383789
1516.4046630859375,503.235107421875,62.43939971923828,69.96530151367188
1490.63232421875,519.9083251953125,76.23609924316406,76.01229858398438
1472.3031005859375,539.0170288085938,75.59310150146484,71.78919982910156
1453.7886962890625,557.9260864257812,78.21929931640625,67.17060089111328
1439.3790283203125,578.1409301757812,69.24089813232422,66.38379669189453
1425.699951171875,600.9716186523438,60.667198181152344,65.88529968261719
1402.4862060546875,629.9910278320312,59.79890060424805,68.78230285644531
1387.04443359375,662.7529296875,50.80659866333008,72.17620086669922
1362.7960205078125,699.3209838867188,51.829498291015625,83.36990356445312
1320.70849609375,719.4293212890625,66.14540100097656,76.56320190429688
1295.619384765625,727.323486328125,76.03739929199219,62.32229995727539
1253.169677734375,733.5894775390625,83.62419891357422,48.38249969482422
1202.7073974609375,737.71337890625,90.73179626464844,32.8203010559082
1186.39697265625,722.08642578125,91.12000274658203,46.678199768066406
1193.0540771484375,698.0618286132812,77.41850280761719,63.70709991455078
1199.82861328125,680.1044921875,63.43109893798828,76.66419982910156
1194.30078125,654.2388916015625,70.7394027709961,89.5801010131836
1179.293701171875,627.70068359375,63.34619903564453,99.05280303955078
1181.3216552734375,606.8619995117188,47.6150016784668,105.99420166015625
1181.1378173828125,585.91357421875,41.76459884643555,105.34380340576172
1174.0626220703125,570.1925048828125,40.037899017333984,99.16179656982422
1154.1058349609375,574.6273803710938,48.87689971923828,83.34249877929688
1149.0933837890625,581.4869995117188,60.62379837036133,71.54239654541016
1126.968017578125,581.6337280273438,70.1780014038086,59.16910171508789
1098.2298583984375,586.1107788085938,65.18289947509766,53.08100128173828
1078.1044921875,599.49658203125,73.72579956054688,44.952999114990234
1074.1583251953125,603.094970703125,74.89399719238281,41.1068000793457
1076.2525634765625,605.1727294921875,83.69629669189453,44.02389907836914
1086.297119140625,604.3092041015625,79.15560150146484,48.02009963989258
1064.325439453125,607.4589233398438,90.9697036743164,43.45920181274414
1061.2572021484375,606.4083862304688,85.47270202636719,42.89820098876953
1044.7545166015625,608.3892822265625,92.61799621582031,39.006500244140625
1035.9136962890625,609.6666870117188,93.55740356445312,31.354799270629883
1019.5933837890625,607.9176025390625,102.30370330810547,31.37310028076172
1013.0098266601562,605.5972290039062,104.26640319824219,33.89080047607422
1006.1192016601562,604.9871826171875,108.06890106201172,31.78420066833496
1005.6422119140625,603.0183715820312,98.59739685058594,33.62369918823242
994.6514892578125,602.3048706054688,103.88619995117188,35.68330001831055
982.5178833007812,601.5194091796875,108.1072998046875,32.2411994934082
979.220703125,599.7880249023438,102.94170379638672,30.713199615478516
971.7388916015625,598.6119995117188,102.28459930419922,28.469200134277344
967.2474975585938,600.839111328125,99.30269622802734,24.256500244140625
962.6331176757812,600.6453247070312,96.9833984375,24.073200225830078
947.8792724609375,601.0023803710938,98.39710235595703,32.78350067138672
933.7739868164062,598.4343872070312,103.1177978515625,33.295799255371094
930.8825073242188,598.4207153320312,102.6332015991211,33.90570068359375
922.2581176757812,601.9360961914062,103.92919921875,31.5856990814209
915.6456298828125,602.2620849609375,105.3635025024414,35.089900970458984
910.6651000976562,604.3928833007812,104.17759704589844,35.55780029296875
903.28857421875,605.1923828125,103.55220031738281,36.8114013671875
895.9464111328125,608.4022216796875,103.78669738769531,31.92169952392578
882.747314453125,610.3873291015625,108.4739990234375,30.026100158691406
878.0698852539062,613.207275390625,103.16179656982422,27.611600875854492
873.1160278320312,614.6917114257812,99.68360137939453,32.82709884643555
868.7371826171875,613.7711791992188,95.04450225830078,31.800399780273438
853.1458740234375,615.4935913085938,102.20240020751953,26.753999710083008
844.6304931640625,616.3538818359375,102.20999908447266,24.328399658203125
834.4522705078125,615.3438720703125,105.77549743652344,24.688800811767578
825.3145751953125,616.4193115234375,109.779296875,22.427499771118164
815.6812744140625,615.2811889648438,114.75689697265625,22.624500274658203
806.1467895507812,614.7410278320312,112.5363998413086,21.652799606323242
799.0485229492188,615.436279296875,106.90229797363281,19.13599967956543
799.1644897460938,615.2738037109375,92.1156997680664,17.418800354003906
798.68408203125,613.70068359375,84.0188980102539,19.242399215698242
786.0853271484375,618.74658203125,79.9749984741211,27.3710994720459
776.8975219726562,616.04150390625,81.71479797363281,35.65739822387695
778.492919921875,613.28857421875,75.43669891357422,45.20790100097656
775.5972290039062,615.6973266601562,74.53089904785156,51.87990188598633
767.6644287109375,619.1558837890625,78.54830169677734,55.62350082397461
764.2045288085938,623.4757080078125,73.78379821777344,51.304901123046875
749.4620971679688,628.1926879882812,85.50469970703125,46.18920135498047
743.6456298828125,630.9102172851562,85.87090301513672,40.690399169921875
733.3602294921875,635.97119140625,90.85359954833984,34.623199462890625
736.494384765625,629.1694946289062,81.88079833984375,38.064300537109375
740.494873046875,626.1718139648438,72.1801986694336,39.73419952392578
724.40087890625,613.9478759765625,80.23680114746094,50.193599700927734
715.4887084960938,604.4107055664062,83.17489624023438,61.52870178222656
712.42919921875,601.18212890625,79.45390319824219,59.7781982421875
709.5405883789062,598.5186157226562,75.00029754638672,56.752899169921875
700.0825805664062,590.480712890625,76.09249877929688,59.11280059814453
680.9739990234375,570.5017700195312,84.23930358886719,71.12920379638672
672.543212890625,565.6976928710938,84.86270141601562,67.80269622802734
659.6903076171875,558.356689453125,85.49919891357422,68.1594009399414
650.4063720703125,549.0438842773438,84.31670379638672,68.14340209960938
644.8468017578125,538.0256958007812,75.92220306396484,68.1865005493164
627.8314819335938,525.1995239257812,80.15360260009766,71.82939910888672
603.3911743164062,521.2780151367188,90.04820251464844,65.75469970703125
593.3436279296875,503.78009033203125,82.96520233154297,73.44239807128906
581.6199951171875,492.8771057128906,78.18180084228516,70.85320281982422
557.0426025390625,498.085205078125,83.68289947509766,55.679100036621094
559.1484985351562,504.64898681640625,67.42050170898438,44.412601470947266
559.5531005859375,514.3651123046875,67.17970275878906,54.371498107910156
545.5623779296875,528.681884765625,59.31209945678711,58.96549987792969
544.2061157226562,538.0770263671875,58.25419998168945,67.79199981689453
527.8010864257812,550.4022216796875,62.35210037231445,84.9072036743164
521.484619140625,561.9356079101562,53.36009979248047,87.810302734375
525.8682250976562,584.6068725585938,45.85060119628906,93.54019927978516
514.343017578125,601.5336303710938,42.87910079956055,86.34870147705078
509.92169189453125,611.0222778320312,44.77579879760742,72.60669708251953
501.5421142578125,613.0258178710938,56.550498962402344,61.50199890136719
492.0141906738281,605.5706787109375,52.0281982421875,73.05670166015625
478.6481018066406,592.5673828125,61.8557014465332,78.81410217285156
482.8467102050781,586.3707885742188,51.477500915527344,80.5947036743164
475.1940002441406,571.9439697265625,53.5802001953125,85.74299621582031
467.1625061035156,557.0944213867188,55.157901763916016,90.14759826660156
471.86968994140625,555.942626953125,49.98099899291992,78.24629974365234
474.1596984863281,540.0261840820312,37.444801330566406,85.677001953125
476.9637145996094,540.5692749023438,28.738399505615234,79.35679626464844
474.0763854980469,532.1102294921875,34.76240158081055,84.67009735107422
475.16070556640625,524.5703735351562,35.43009948730469,87.75579833984375
475.2892150878906,524.7249755859375,38.69820022583008,82.89790344238281
476.6465148925781,514.6212158203125,38.586299896240234,88.06909942626953
478.63690185546875,508.76611328125,37.617801666259766,86.11910247802734
482.8539123535156,508.18829345703125,31.62540054321289,79.78070068359375
483.6588134765625,497.279296875,27.108999252319336,86.06839752197266
483.2486877441406,494.0574035644531,25.71929931640625,86.0469970703125
474.3583984375,486.36358642578125,33.93109893798828,87.54280090332031
459.5450134277344,489.0882873535156,47.64860153198242,80.44499969482422
443.0526123046875,485.7829895019531,56.621299743652344,75.7302017211914
440.9148864746094,486.05670166015625,69.44049835205078,65.36419677734375
418.30810546875,486.2080993652344,86.59819793701172,59.18980026245117
414.0140075683594,493.9009094238281,81.00450134277344,44.86410140991211
412.98028564453125,498.5635070800781,72.47859954833984,36.95240020751953
393.1654052734375,500.74249267578125,80.00599670410156,43.6239013671875
371.82391357421875,500.9252014160156,87.7614974975586,56.8119010925293
360.7632141113281,508.4794006347656,87.70950317382812,53.78340148925781
347.7257995605469,519.6453247070312,89.18620300292969,50.32339859008789
346.69769287109375,524.1508178710938,77.24109649658203,52.43230056762695
328.9393005371094,536.8646240234375,84.18379974365234,50.47370147705078
313.2723083496094,548.7437133789062,80.44960021972656,51.913299560546875
295.0459899902344,553.994384765625,86.47489929199219,55.9379997253418
280.789794921875,567.3837280273438,81.60379791259766,52.57619857788086
269.0802917480469,581.4019165039062,73.55079650878906,57.8047981262207
237.26870727539062,593.848388671875,82.86509704589844,53.38479995727539
237.30799865722656,589.3339233398438,74.09449768066406,53.82210159301758
240.4425048828125,569.0366821289062,66.47049713134766,69.92379760742188
245.06179809570312,562.9400024414062,55.37409973144531,76.37129974365234
251.17750549316406,545.9337158203125,44.61640167236328,87.42739868164062
253.69790649414062,528.2158203125,32.81449890136719,100.26490020751953
250.13299560546875,527.2431030273438,32.39229965209961,98.6615982055664
250.62179565429688,530.1187133789062,29.952800750732422,91.72810363769531
250.73660278320312,527.3369750976562,34.23210144042969,89.43900299072266
251.8822021484375,523.4536743164062,32.26430130004883,89.87580108642578
254.70550537109375,521.2222290039062,31.246700286865234,87.72989654541016
255.0605926513672,509.393798828125,33.04010009765625,95.4092025756836
257.11029052734375,516.2454833984375,29.750099182128906,84.20950317382812
257.0013122558594,500.9809875488281,31.750900268554688,93.65029907226562
255.752197265625,495.9390869140625,29.443700790405273,93.49729919433594
253.85220336914062,492.4491882324219,32.75170135498047,91.89129638671875
245.3553009033203,483.8341064453125,37.42390060424805,96.1980972290039
240.02679443359375,479.2063903808594,43.124298095703125,93.55139923095703
242.85659790039062,474.1247863769531,40.096099853515625,93.8302001953125
242.90640258789062,470.4538879394531,39.853599548339844,92.00150299072266
243.20790100097656,455.11761474609375,38.567298889160156,99.9093017578125
243.55740356445312,445.2887878417969,33.628299713134766,103.29979705810547
238.5236053466797,434.24530029296875,33.6864013671875,105.91419982910156
238.3052978515625,425.65899658203125,29.696500778198242,106.92150115966797
242.272705078125,424.6390075683594,23.701799392700195,102.62889862060547
242.414794921875,415.7101135253906,22.0531005859375,103.05079650878906
240.9281005859375,414.27301025390625,22.792800903320312,95.71399688720703
240.03140258789062,401.8320007324219,24.178800582885742,101.59549713134766
235.8271026611328,410.37750244140625,28.538799285888672,90.98429870605469
237.2801055908203,409.7345886230469,28.086200714111328,89.07599639892578
238.11709594726562,411.10528564453125,26.733999252319336,85.26490020751953
238.939697265625,406.5387878417969,28.399999618530273,85.5802001953125
238.5334014892578,403.6640930175781,29.199600219726562,87.44640350341797
238.0438995361328,403.943115234375,31.458499908447266,83.62969970703125
239.55889892578125,404.1377868652344,29.686199188232422,80.74140167236328
240.13720703125,406.53289794921875,29.136199951171875,75.66899871826172
241.3784942626953,404.19158935546875,29.009599685668945,75.4301986694336
241.98150634765625,396.3490905761719,33.41790008544922,81.81829833984375
241.9219970703125,390.5559997558594,33.901100158691406,85.38330078125
244.17950439453125,383.94610595703125,32.32809829711914,87.8292007446289
248.84890747070312,365.4341125488281,39.184898376464844,98.43379974365234
246.83450317382812,360.99481201171875,42.74610137939453,96.1176986694336
248.27459716796875,354.1836853027344,40.315799713134766,95.3363037109375
249.21929931640625,353.23431396484375,39.70180130004883,86.61190032958984
251.18389892578125,343.43798828125,34.739898681640625,90.0020980834961
255.76220703125,322.3797912597656,43.277099609375,104.22129821777344
257.3033142089844,316.3472900390625,39.88460159301758,101.52320098876953
257.96051025390625,310.6351013183594,36.720699310302734,99.81559753417969
256.2063903808594,307.52301025390625,38.17959976196289,94.03700256347656
256.1556091308594,299.30169677734375,36.08399963378906,93.88279724121094
262.6947021484375,298.93280029296875,28.563600540161133,90.972900390625
261.9429016113281,295.96551513671875,26.725400924682617,92.3906021118164
262.4818115234375,292.9472961425781,27.40559959411621,90.21289825439453
259.89849853515625,286.1339111328125,27.928300857543945,91.44339752197266
259.50189208984375,282.602294921875,29.431299209594727,91.7968978881836
258.36920166015625,275.6783142089844,25.76409912109375,92.55879974365234
253.81199645996094,272.593994140625,31.296600341796875,88.60540008544922
248.4001007080078,268.01361083984375,33.99829864501953,86.92900085449219
247.38650512695312,268.6528015136719,33.84600067138672,80.68199920654297
237.12570190429688,258.0246887207031,43.273399353027344,85.22509765625
236.2364959716797,255.172607421875,44.165199279785156,82.77339935302734
233.33509826660156,245.0814971923828,44.78419876098633,88.4761962890625
234.3459014892578,239.06170654296875,43.4739990234375,87.3915023803711
235.8634033203125,241.36509704589844,39.32720184326172,79.46089935302734
235.90159606933594,235.24270629882812,35.098201751708984,81.32669830322266
233.5789031982422,225.70680236816406,32.11589813232422,85.0739974975586
231.27969360351562,219.7480926513672,29.210399627685547,87.29190063476562
228.4893035888672,204.41720581054688,28.784700393676758,97.49220275878906
226.86380004882812,196.13369750976562,27.017200469970703,100.30239868164062
224.514892578125,186.47869873046875,28.02560043334961,101.84329986572266
224.52239990234375,186.47569274902344,24.827499389648438,94.59100341796875
223.35000610351562,178.24209594726562,24.807899475097656,92.66320037841797
222.7176971435547,169.41940307617188,22.409900665283203,92.71330261230469
219.24049377441406,158.51010131835938,31.162500381469727,93.3407974243164
215.04339599609375,155.1204071044922,35.90570068359375,87.56490325927734
212.24009704589844,157.05239868164062,37.169700622558594,84.59950256347656
212.27349853515625,156.24200439453125,36.22119903564453,84.55570220947266
214.9167938232422,153.45700073242188,34.058101654052734,87.05680084228516
215.7126007080078,152.28750610351562,30.89459991455078,84.50270080566406
218.63890075683594,143.67759704589844,28.899499893188477,88.23490142822266
219.19239807128906,136.17230224609375,29.717599868774414,90.18049621582031
222.11219787597656,132.30670166015625,26.193899154663086,86.26210021972656
226.0561981201172,119.8501968383789,30.930500030517578,87.8656997680664
232.09860229492188,116.73139953613281,40.52399826049805,86.6863021850586
226.0565948486328,121.26699829101562,46.491600036621094,76.0447006225586
242.39779663085938,107.24829864501953,51.055301666259766,66.9468994140625
224.7006072998047,106.74469757080078,65.39610290527344,54.09469985961914
221.1824951171875,96.58370208740234,69.64669799804688,58.29349899291992
218.6676025390625,91.39430236816406,74.66889953613281,62.08209991455078
217.74229431152344,87.57640075683594,67.48970031738281,65.92659759521484
221.6009063720703,83.27320098876953,62.48780059814453,71.50150299072266
225.4040985107422,73.9572982788086,71.67749786376953,83.62640380859375
231.56900024414062,69.29740142822266,67.98259735107422,90.13529968261719
232.86109924316406,68.73919677734375,63.943599700927734,84.3656005859375
237.20480346679688,67.65670013427734,58.637298583984375,81.7822036743164
239.82000732421875,60.68669891357422,56.35820007324219,83.05879974365234
242.64280700683594,60.030799865722656,50.68539810180664,78.78630065917969
245.73500061035156,50.95309829711914,55.1614990234375,82.98690032958984
246.22610473632812,43.06700134277344,64.68620300292969,84.45379638671875
250.40139770507812,41.18479919433594,60.202598571777344,79.19319915771484
253.87930297851562,39.26959991455078,63.23659896850586,75.60880279541016
258.4847106933594,37.00210189819336,68.4303970336914,72.3938980102539
262.66839599609375,37.214500427246094,65.81600189208984,62.13570022583008
265.5534973144531,36.023399353027344,68.47660064697266,53.57830047607422
267.37420654296875,36.64550018310547,62.21910095214844,43.626399993896484
266.9504089355469,34.989898681640625,58.186798095703125,43.852500915527344
273.98199462890625,26.462099075317383,60.65060043334961,55.73310089111328
279.6326904296875,19.43670082092285,56.26210021972656,64.82430267333984
280.7196044921875,17.3887996673584,54.70949935913086,70.36859893798828
283.5692138671875,17.078699111938477,48.5181999206543,70.80549621582031
287.2663879394531,16.01289939880371,42.84189987182617,79.84190368652344
289.1160888671875,14.704700469970703,40.343299865722656,76.50489807128906
291.3828125,14.58530044555664,41.94649887084961,67.09049987792969
277.4831848144531,15.81149959564209,45.643001556396484,59.7244987487793
270.8974914550781,16.788799285888672,55.247501373291016,60.23379898071289
269.69879150390625,15.704299926757812,58.63370132446289,57.83440017700195
269.4454040527344,16.763399124145508,57.73440170288086,55.2411003112793
271.7351989746094,17.348899841308594,53.32339859008789,49.33980178833008
272.426513671875,24.169300079345703,50.8036994934082,50.19300079345703
275.57818603515625,19.87700080871582,46.520301818847656,50.674400329589844
279.85369873046875,27.35849952697754,43.7046012878418,55.9817008972168
268.4172058105469,21.185400009155273,40.97919845581055,67.6488037109375
268.6319885253906,29.069299697875977,37.802799224853516,80.0541000366211
267.4254150390625,28.37540054321289,39.2151985168457,84.43609619140625
260.0111083984375,20.12470054626465,48.29669952392578,95.01270294189453
261.60321044921875,18.67060089111328,47.282100677490234,99.42109680175781
269.3215026855469,25.47599983215332,39.408199310302734,100.56089782714844
276.34228515625,31.523500442504883,36.020198822021484,92.64820098876953
276.92730712890625,42.342098236083984,37.964698791503906,93.62799835205078
275.93231201171875,46.83919906616211,42.387901306152344,99.8125991821289
277.37030029296875,52.79079818725586,43.410701751708984,101.76229858398438
279.2831115722656,57.96630096435547,49.135101318359375,102.58290100097656
282.1380920410156,65.4708023071289,52.4552001953125,97.3427963256836
283.9812927246094,73.46279907226562,61.28990173339844,82.0261001586914
286.34478759765625,81.20670318603516,70.41120147705078,70.55130004882812
289.6065979003906,88.3053970336914,73.98359680175781,56.839298248291016
288.4295959472656,99.04650115966797,84.08769989013672,41.34370040893555
288.0006103515625,109.46589660644531,88.73629760742188,25.81130027770996
293.5025939941406,112.36920166015625,89.67630004882812,19.780000686645508
299.3092041015625,113.77349853515625,88.63469696044922,17.083099365234375
306.44500732421875,113.97740173339844,88.21749877929688,16.623600006103516
316.3236083984375,113.6050033569336,87.46410369873047,15.878700256347656
326.5577087402344,110.77110290527344,90.14289855957031,17.520200729370117
336.86968994140625,102.5978012084961,94.81050109863281,24.086700439453125
