1
1109.0233154296875,596.0361938476562,89.60269927978516,34.206600189208984
1097.0802001953125,595.5676879882812,92.9457015991211,45.26729965209961
1079.847900390625,597.8095092773438,99.29789733886719,46.547401428222656
1073.4576416015625,599.3220825195312,99.76139831542969,49.101200103759766
1065.7635498046875,601.4827270507812,101.1239013671875,55.79970169067383
1087.13525390625,606.1578979492188,110.75250244140625,67.77940368652344
1084.697509765625,606.9196166992188,121.5166015625,74.49459838867188
1089.3944091796875,610.0294799804688,129.3502960205078,81.2748031616211
1134.857177734375,630.5869750976562,103.84549713134766,73.97570037841797
1159.023193359375,648.5172119140625,92.79060363769531,62.82120132446289
1174.1268310546875,660.7844848632812,88.49939727783203,65.68340301513672
1192.5294189453125,669.8704223632812,83.1082992553711,71.77179718017578
1211.9957275390625,684.263427734375,87.49459838867188,61.80550003051758
1232.6185302734375,702.0432739257812,87.75669860839844,56.64659881591797
1251.26806640625,716.9873046875,92.75309753417969,57.955501556396484
1271.903564453125,731.5894165039062,90.14630126953125,59.79090118408203
1278.1234130859375,755.6141967773438,79.5457992553711,58.177101135253906
1280.760498046875,769.9058837890625,76.09380340576172,71.4760971069336
1283.11572265625,791.24267578125,64.21540069580078,88.8427963256836
1262.457763671875,809.3469848632812,62.35749816894531,76.41999816894531
1258.6904296875,820.8818969726562,61.70819854736328,65.4906997680664
1242.4952392578125,832.0706176757812,70.91609954833984,60.65850067138672
1236.0572509765625,840.6036987304688,76.18199920654297,53.24720001220703
1217.765869140625,844.6890869140625,85.64949798583984,54.68899917602539
1202.68115234375,849.8076782226562,94.14649963378906,55.36690139770508
1191.534912109375,852.6318969726562,99.13899993896484,58.350399017333984
1181.142578125,856.650390625,99.76399993896484,60.067100524902344
1172.8033447265625,861.93310546875,99.5031967163086,56.0015983581543
1160.6138916015625,867.37548828125,101.43699645996094,56.948699951171875
1149.662109375,871.5975952148438,100.24970245361328,60.62120056152344
1142.7864990234375,876.2518920898438,98.0010986328125,62.105201721191406
1131.3448486328125,883.2938232421875,101.63189697265625,59.925201416015625
1118.6392822265625,888.434326171875,96.43000030517578,58.012001037597656
1111.2110595703125,894.618408203125,93.466796875,54.30459976196289
1088.638916015625,901.936279296875,104.62660217285156,48.30099868774414
1069.2412109375,909.1636962890625,107.1261978149414,44.455299377441406
1060.60400390625,917.4578247070312,98.74079895019531,50.65510177612305
1041.4703369140625,924.8491821289062,99.3240966796875,50.20199966430664
1032.65283203125,927.2960815429688,89.82689666748047,41.69089889526367
1023.8845825195312,929.005615234375,91.47049713134766,36.919498443603516
1021.3900756835938,934.673583984375,87.91590118408203,31.528799057006836
1013.9857177734375,931.6414794921875,89.40470123291016,32.165199279785156
1009.4722290039062,930.076904296875,89.40859985351562,32.090999603271484
1001.311279296875,926.772705078125,91.60050201416016,33.98109817504883
997.9879150390625,923.9483032226562,89.50029754638672,34.80509948730469
993.2379150390625,920.8472290039062,88.55269622802734,35.13050079345703
988.333984375,915.0003051757812,88.31379699707031,39.82550048828125
983.0098266601562,911.515625,87.91349792480469,40.630699157714844
979.3743286132812,907.3408203125,84.21600341796875,43.034000396728516
969.9332885742188,905.1945190429688,86.34400177001953,45.37080001831055
962.5870971679688,903.44970703125,85.87049865722656,42.832698822021484
951.326904296875,897.0167846679688,91.63279724121094,45.7322998046875
942.348388671875,892.8817749023438,92.91210174560547,48.00979995727539
934.46728515625,893.0230712890625,94.0958023071289,45.54010009765625
928.2642822265625,893.4879760742188,90.45919799804688,39.08150100708008
916.410888671875,895.4857788085938,92.9613037109375,32.85960006713867
913.6118774414062,894.833984375,88.77410125732422,30.69930076599121
906.3765258789062,898.4791259765625,89.84320068359375,20.76609992980957
900.767822265625,899.6279907226562,91.76940155029297,17.169300079345703
896.7576293945312,899.8607177734375,89.61329650878906,17.848499298095703
886.6029052734375,899.0828247070312,95.01959991455078,19.029800415039062
884.3062133789062,900.0145263671875,90.45760345458984,19.039199829101562
876.505615234375,901.3328857421875,91.02539825439453,18.874500274658203
869.3250122070312,902.0587158203125,92.15799713134766,18.531600952148438
864.2385864257812,902.519775390625,89.74629974365234,19.902700424194336
851.9016723632812,903.3983764648438,95.80039978027344,19.484800338745117
840.523681640625,904.077880859375,99.75969696044922,21.106700897216797
833.3330078125,905.315673828125,98.1343994140625,21.78809928894043
821.507080078125,906.3250732421875,100.80269622802734,23.319799423217773
820.0914916992188,908.0676879882812,92.60559844970703,22.115699768066406
810.7000122070312,909.3413696289062,91.26860046386719,25.070999145507812
798.5164184570312,909.8358154296875,93.44599914550781,28.97920036315918
780.5817260742188,910.9384155273438,99.22830200195312,38.47489929199219
769.355224609375,914.9849853515625,98.9437026977539,37.507301330566406
755.0057983398438,915.880615234375,101.5790023803711,43.51169967651367
740.2448120117188,917.0745849609375,100.43109893798828,40.003299713134766
738.1755981445312,920.1995239257812,92.3594970703125,32.34600067138672
729.7150268554688,912.2642211914062,85.50659942626953,36.51470184326172
712.538330078125,909.7348022460938,89.53710174560547,39.86220169067383
706.271484375,898.668701171875,85.34100341796875,46.624000549316406
710.1978759765625,885.8176879882812,74.5730972290039,55.305301666259766
713.4301147460938,883.1292724609375,64.30870056152344,55.86370086669922
698.2653198242188,864.1389770507812,62.267398834228516,66.80650329589844
695.93408203125,845.7589111328125,63.135398864746094,79.34220123291016
701.8593139648438,837.00048828125,50.50590133666992,93.38289642333984
705.6810302734375,830.5228881835938,44.45640182495117,95.98600006103516
711.109619140625,819.3018188476562,38.26110076904297,100.64730072021484
714.155029296875,810.3023071289062,29.691299438476562,101.34149932861328
714.37890625,810.9719848632812,36.49829864501953,93.63289642333984
716.789306640625,811.77001953125,51.1713981628418,87.37680053710938
720.0961303710938,805.4268188476562,62.57640075683594,84.143798828125
716.1588745117188,790.3665161132812,74.12989807128906,90.35559844970703
716.0125732421875,788.3159790039062,81.11609649658203,82.97350311279297
721.1632080078125,783.3919067382812,81.27729797363281,79.97419738769531
727.1400146484375,775.4556884765625,82.92160034179688,84.49220275878906
733.0617065429688,773.1527709960938,86.60859680175781,79.90899658203125
739.3637084960938,773.0321044921875,91.05059814453125,71.69280242919922
749.6937255859375,768.7614135742188,90.26519775390625,70.25689697265625
757.535400390625,767.4453735351562,95.9916000366211,65.22810363769531
768.1939697265625,763.1256713867188,94.54090118408203,62.78630065917969
780.20361328125,758.68212890625,91.03589630126953,61.355499267578125
787.9058837890625,759.093017578125,101.40239715576172,52.0640983581543
796.3151245117188,744.8056030273438,94.5813980102539,56.00149917602539
803.3867797851562,728.2366943359375,79.5551986694336,66.07520294189453
810.0548095703125,704.9755249023438,65.9738998413086,80.61029815673828
814.1749267578125,681.2996826171875,58.187400817871094,87.73560333251953
837.3626708984375,678.309326171875,48.16680145263672,96.39019775390625
839.8385009765625,653.7036743164062,44.25550079345703,108.52860260009766
846.9793701171875,642.3912963867188,28.706899642944336,106.16320037841797
850.4777221679688,628.9594116210938,36.576499938964844,106.52230072021484
861.3209228515625,634.4008178710938,46.04669952392578,87.50520324707031
854.9854125976562,616.067626953125,56.922698974609375,91.8552017211914
856.0855712890625,611.6038818359375,68.45670318603516,85.30670166015625
858.9411010742188,602.4974975585938,77.25289916992188,87.46939849853516
863.405517578125,596.0548706054688,83.25980377197266,86.53589630126953
870.9373779296875,589.9371948242188,78.73509979248047,83.1167984008789
878.1090698242188,579.251708984375,79.75479888916016,87.47470092773438
883.12060546875,574.5352172851562,81.69190216064453,79.92919921875
889.2600708007812,563.2578125,81.6719970703125,83.65730285644531
896.2338256835938,554.448974609375,78.83350372314453,83.88520050048828
904.6917114257812,541.5302124023438,72.21369934082031,86.41889953613281
915.090576171875,535.877685546875,59.18009948730469,82.23290252685547
923.813720703125,514.4229736328125,73.60469818115234,89.92489624023438
932.0050048828125,505.20660400390625,79.11750030517578,90.42379760742188
941.0665283203125,491.2267150878906,65.46019744873047,91.08290100097656
949.3660888671875,480.2218017578125,49.380001068115234,85.0728988647461
959.4801025390625,459.9607849121094,34.799400329589844,95.29669952392578
960.5662231445312,440.7040100097656,41.472198486328125,106.67829895019531
965.8323974609375,424.24261474609375,33.45050048828125,112.4988021850586
969.9996948242188,414.0940856933594,37.20669937133789,111.87110137939453
971.8126220703125,416.6355895996094,52.972599029541016,97.63179779052734
975.8953247070312,421.33270263671875,67.16339874267578,80.55370330810547
974.1624145507812,410.2486877441406,70.42379760742188,77.19309997558594
971.7741088867188,406.5455017089844,82.92880249023438,69.95449829101562
979.0789184570312,398.6542053222656,88.25360107421875,73.27210235595703
984.690673828125,396.6449890136719,94.3447036743164,70.46710205078125
986.7576904296875,396.84051513671875,96.38819885253906,65.29900360107422
996.6657104492188,392.793701171875,88.44049835205078,63.73429870605469
1002.1265869140625,388.87188720703125,89.65589904785156,62.4463005065918
1009.1046142578125,384.74169921875,81.99120330810547,59.565101623535156
1016.3588256835938,381.21429443359375,87.24449920654297,57.656700134277344
1023.2634887695312,371.34490966796875,85.6332015991211,62.437198638916016
1032.327880859375,367.7554931640625,77.73249816894531,62.33319854736328
1041.041259765625,357.8135070800781,86.17379760742188,65.28410339355469
1049.6158447265625,350.6376037597656,88.5802001953125,66.30750274658203
1059.41064453125,341.3793029785156,87.1051025390625,68.99720001220703
1068.9805908203125,328.9714050292969,87.80909729003906,74.87529754638672
1077.82080078125,328.0613098144531,93.01219940185547,70.34269714355469
1088.9593505859375,327.7402038574219,97.28939819335938,61.404300689697266
1100.2130126953125,324.7643127441406,99.90850067138672,56.838199615478516
1112.19580078125,317.9783020019531,90.12020111083984,51.94350051879883
1125.666259765625,304.5144958496094,93.76529693603516,55.20669937133789
1141.3741455078125,307.893798828125,86.53730010986328,43.9651985168457
1152.2247314453125,310.0343017578125,79.29170227050781,39.59349822998047
1163.40478515625,310.864990234375,83.84809875488281,39.34560012817383
1170.1943359375,312.9248962402344,88.04989624023438,41.39030075073242
1177.585205078125,315.7703857421875,94.2499008178711,47.05939865112305
1184.487060546875,317.0539855957031,93.68319702148438,56.10029983520508
1191.8809814453125,320.5450134277344,86.09539794921875,60.95859909057617
1201.118408203125,323.3659973144531,73.1073989868164,67.59529876708984
1210.48046875,328.8114013671875,60.61819839477539,60.85490036010742
1212.3681640625,334.9209899902344,58.635501861572266,69.37809753417969
1232.926513671875,337.4457092285156,54.5614013671875,83.08059692382812
1236.664794921875,341.4591979980469,55.61970138549805,91.18000030517578
1240.64404296875,348.2658996582031,58.165199279785156,95.33589935302734
1244.824462890625,358.02398681640625,56.75090026855469,92.00080108642578
1248.705810546875,369.6117858886719,64.38860321044922,84.29730224609375
1254.5849609375,378.0672912597656,71.09049987792969,74.02200317382812
1260.01025390625,384.7137145996094,82.79989624023438,65.33689880371094
1258.5963134765625,397.4811096191406,94.2509994506836,59.36949920654297
1261.903564453125,400.95550537109375,97.97730255126953,59.45220184326172
1269.2169189453125,402.44329833984375,93.51020050048828,57.919498443603516
1273.6004638671875,405.59149169921875,93.98300170898438,56.629600524902344
1278.3232421875,409.1639099121094,97.54070281982422,54.414100646972656
1284.0028076171875,411.50628662109375,99.75379943847656,54.212100982666016
1291.7822265625,415.17401123046875,96.39179992675781,50.88169860839844
1296.7994384765625,419.2557067871094,103.44920349121094,46.86069869995117
1305.4598388671875,423.4316101074219,92.00740051269531,42.145301818847656
1313.958984375,426.86480712890625,91.97709655761719,42.91899871826172
1321.6341552734375,432.00860595703125,92.15540313720703,45.722999572753906
1329.4127197265625,436.0880126953125,81.65409851074219,51.38949966430664
1326.244140625,444.52398681640625,81.07340240478516,61.53919982910156
1348.005615234375,441.7771911621094,76.94979858398438,74.87470245361328
1355.0159912109375,442.210205078125,72.11869812011719,86.98139953613281
1362.3427734375,448.19830322265625,65.32679748535156,86.50640106201172
1367.48681640625,455.3774108886719,62.65589904785156,84.04340362548828
1371.7877197265625,463.2098083496094,64.65190124511719,84.66929626464844
1376.424072265625,469.8223876953125,63.938899993896484,82.69580078125
1379.152587890625,477.83380126953125,74.27159881591797,72.7218017578125
1395.7750244140625,487.0116882324219,67.76210021972656,58.287200927734375
1400.3138427734375,485.53289794921875,66.87409973144531,52.08760070800781
1415.28515625,479.76080322265625,65.4751968383789,60.600101470947266
1423.326171875,467.5343933105469,76.31410217285156,65.79650115966797
1429.527099609375,459.24371337890625,83.80919647216797,64.92559814453125
1438.3419189453125,451.864501953125,80.24759674072266,64.9657974243164
1447.1866455078125,434.3380126953125,90.385498046875,73.9468002319336
1456.8338623046875,425.5246887207031,91.16719818115234,72.7030029296875
1467.09375,415.52899169921875,93.6852035522461,73.44670104980469
1481.822265625,406.7984924316406,90.10489654541016,71.33550262451172
1491.6553955078125,401.5242919921875,79.10569763183594,63.981300354003906
1505.27001953125,383.74591064453125,67.78070068359375,68.8302001953125
1513.153564453125,357.139892578125,66.17050170898438,80.87010192871094
1539.4300537109375,350.715087890625,67.90190124511719,75.29119873046875
1538.3712158203125,335.2450866699219,61.145999908447266,81.98809814453125
1540.2620849609375,322.3710021972656,76.07420349121094,87.14730072021484
1544.5201416015625,319.46258544921875,81.3551025390625,84.13680267333984
1547.639404296875,317.9197998046875,80.53589630126953,80.69580078125
1552.4730224609375,313.48480224609375,87.88619995117188,80.19869995117188
1558.9189453125,309.493408203125,83.53970336914062,78.63500213623047
1564.642333984375,305.5209045410156,82.03230285644531,75.68340301513672
1570.82373046875,298.13470458984375,83.91339874267578,79.04779815673828
1577.508056640625,296.27850341796875,85.61599731445312,70.66940307617188
1585.60302734375,290.8088073730469,80.98739624023438,69.3687973022461
1592.920654296875,284.3953857421875,79.17420196533203,67.99330139160156
1600.7274169921875,281.8215026855469,73.19709777832031,63.37860107421875
1611.3701171875,269.5517883300781,70.25370025634766,67.99759674072266
1621.208984375,258.5246887207031,63.00379943847656,71.08529663085938
1626.6995849609375,238.56309509277344,57.34199905395508,85.88680267333984
1619.364013671875,227.53939819335938,57.81330108642578,87.39430236816406
1623.87353515625,210.59739685058594,53.38719940185547,86.0115966796875
1626.101318359375,205.82769775390625,57.4817008972168,77.57319641113281
1629.9556884765625,205.16189575195312,48.94729995727539,74.85359954833984
1633.03271484375,198.95069885253906,40.867801666259766,78.68879699707031
1633.2335205078125,184.9822998046875,32.88930130004883,91.04920196533203
1632.3487548828125,177.85450744628906,30.646499633789062,94.43669891357422
1631.995361328125,168.00540161132812,29.607099533081055,98.08609771728516
1633.87158203125,163.39520263671875,24.13759994506836,96.90070343017578
1632.9080810546875,155.20069885253906,23.54829978942871,99.51339721679688
1631.3321533203125,152.3842010498047,24.15519905090332,95.80169677734375
1627.84375,133.0885009765625,28.261199951171875,106.81439971923828
1623.41943359375,122.73509979248047,33.773799896240234,110.8604965209961
1625.320068359375,121.04570007324219,30.15180015563965,103.37870025634766
1623.5074462890625,116.94560241699219,30.303800582885742,99.46389770507812
1623.5009765625,111.95760345458984,29.166500091552734,95.92739868164062
1622.52880859375,102.2134017944336,28.599899291992188,97.65249633789062
1620.6322021484375,90.75969696044922,29.55579948425293,99.27220153808594
1620.5008544921875,81.64790344238281,27.34440040588379,98.9583969116211
1620.6087646484375,73.8396987915039,25.63640022277832,94.68360137939453
1615.99853515625,62.62519836425781,27.661800384521484,93.85379791259766
1603.0069580078125,67.57630157470703,39.38059997558594,80.04129791259766
1608.49658203125,73.61470031738281,40.54349899291992,63.37120056152344
1589.2183837890625,79.95890045166016,54.79130172729492,54.87260055541992
1575.1778564453125,77.7123031616211,70.41059875488281,54.18159866333008
1563.9351806640625,80.04090118408203,76.08280181884766,55.41059875488281
1553.5517578125,84.30239868164062,82.51020050048828,55.5349006652832
1547.822265625,86.44879913330078,83.65570068359375,55.24359893798828
1539.0399169921875,92.2925033569336,86.28949737548828,51.702999114990234
1539.137939453125,95.94029998779297,75.53350067138672,53.608001708984375
1541.375,100.71649932861328,67.0968017578125,56.785400390625
1545.942138671875,104.17759704589844,55.18600082397461,70.29959869384766
1551.0771484375,103.52040100097656,43.321800231933594,77.2030029296875
1554.74365234375,116.4280014038086,43.9547004699707,75.35880279541016
1550.354736328125,116.70320129394531,49.083099365234375,76.59829711914062
