1
262.1134948730469,55.88570022583008,75.17479705810547,147.2761993408203
260.61981201171875,63.59859848022461,71.4197006225586,140.7760009765625
257.3030090332031,59.093101501464844,75.93180084228516,135.6549072265625
258.1487121582031,64.9446029663086,77.10430145263672,133.2642059326172
254.12379455566406,58.83940124511719,80.91349792480469,144.76019287109375
248.80799865722656,62.2577018737793,86.19429779052734,144.65939331054688
244.99049377441406,60.11869812011719,91.78050231933594,144.98219299316406
238.4508056640625,54.752498626708984,100.90180206298828,142.7165069580078
230.5167999267578,63.67390060424805,107.36470031738281,148.32620239257812
229.35589599609375,55.81269836425781,107.11419677734375,142.76339721679688
221.5155029296875,52.951499938964844,109.27549743652344,155.49639892578125
216.21319580078125,54.349098205566406,108.70339965820312,148.23629760742188
209.4925994873047,48.8843994140625,117.82980346679688,160.85150146484375
206.63340759277344,48.90129852294922,107.03099822998047,148.8903045654297
207.90359497070312,62.74909973144531,95.06749725341797,145.1656951904297
199.1929931640625,78.51920318603516,101.86759948730469,138.6300048828125
197.68519592285156,71.09110260009766,95.66600036621094,131.49560546875
202.1313018798828,63.416500091552734,82.88569641113281,142.83309936523438
193.80039978027344,69.88790130615234,85.93250274658203,142.35519409179688
185.26390075683594,66.39189910888672,94.40290069580078,142.06089782714844
190.5749053955078,65.54519653320312,77.86239624023438,137.18080139160156
193.01910400390625,64.89630126953125,63.43410110473633,152.99049377441406
193.7362060546875,65.83550262451172,56.8843994140625,137.48489379882812
192.5688934326172,68.66069793701172,51.01959991455078,141.70150756835938
190.9019012451172,73.12889862060547,46.97060012817383,139.1678009033203
188.36830139160156,67.36730194091797,53.45920181274414,141.49960327148438
191.7989959716797,72.57820129394531,49.277400970458984,140.69679260253906
184.74380493164062,67.04750061035156,51.56560134887695,147.96470642089844
182.85560607910156,56.84109878540039,55.051998138427734,156.1750946044922
182.75750732421875,52.24599838256836,58.686500549316406,158.61239624023438
183.80279541015625,61.415401458740234,59.38130187988281,160.5301971435547
188.02130126953125,77.85780334472656,56.654701232910156,143.7169952392578
189.7440948486328,72.3781967163086,55.640499114990234,141.10830688476562
188.25709533691406,82.30490112304688,58.62049865722656,141.39849853515625
187.9980010986328,95.42639923095703,61.60309982299805,129.6990966796875
189.45950317382812,101.11309814453125,63.16379928588867,118.47859954833984
189.80819702148438,106.6708984375,71.25379943847656,113.98300170898438
192.2550048828125,105.40019989013672,76.0542984008789,105.347900390625
190.88900756835938,113.1937026977539,83.11250305175781,113.29979705810547
196.14450073242188,109.15039825439453,81.90380096435547,109.7072982788086
193.4185028076172,114.06819915771484,86.018798828125,109.84149932861328
191.30780029296875,119.60710144042969,89.93689727783203,106.7300033569336
186.2646942138672,124.668701171875,96.66529846191406,104.30020141601562
191.15359497070312,122.3196029663086,83.67639923095703,102.793701171875
190.80499267578125,117.34510040283203,82.61380004882812,97.98739624023438
194.61810302734375,114.17559814453125,71.02179718017578,96.62359619140625
185.65879821777344,120.39399719238281,77.80390167236328,99.56439971923828
187.64059448242188,115.10690307617188,66.3323974609375,103.86280059814453
190.5915069580078,115.39360046386719,55.50529861450195,99.74109649658203
183.8092041015625,115.20819854736328,62.27090072631836,105.89109802246094
183.72300720214844,111.19329833984375,60.484100341796875,106.78759765625
179.51370239257812,105.64959716796875,68.07319641113281,106.9614028930664
184.4907989501953,105.64070129394531,60.862701416015625,111.8240966796875
180.85980224609375,101.45500183105469,62.81990051269531,109.5457992553711
182.22900390625,109.0790023803711,64.1677017211914,115.80349731445312
183.70550537109375,101.4115982055664,62.52539825439453,112.21920013427734
186.11070251464844,105.78939819335938,56.60260009765625,109.47920227050781
181.35440063476562,110.28359985351562,61.11249923706055,106.94850158691406
178.2154998779297,109.82260131835938,65.63379669189453,104.38590240478516
176.01109313964844,103.86019897460938,67.99459838867188,103.5636978149414
181.91769409179688,105.23909759521484,60.92300033569336,106.72090148925781
181.36239624023438,104.60990142822266,58.67340087890625,107.02570343017578
183.66259765625,108.13030242919922,50.58769989013672,106.68109893798828
186.3708038330078,101.67330169677734,61.668399810791016,107.02020263671875
187.44439697265625,104.74150085449219,71.55220031738281,110.9115982055664
188.4407958984375,100.38420104980469,74.60459899902344,106.18119812011719
188.7519073486328,108.18250274658203,70.46399688720703,107.7052001953125
187.22360229492188,100.20330047607422,73.3949966430664,106.17320251464844
189.4595947265625,106.29740142822266,67.8595962524414,109.29290008544922
183.39010620117188,108.30729675292969,68.8385009765625,109.06449890136719
192.7346954345703,102.98169708251953,57.87910079956055,109.39710235595703
194.1009979248047,103.03070068359375,56.30690002441406,110.58570098876953
193.6779022216797,97.77259826660156,56.002899169921875,114.79070281982422
196.118896484375,103.5342025756836,57.220001220703125,113.51020050048828
196.94020080566406,93.61160278320312,52.84090042114258,118.66190338134766
195.63900756835938,91.54109954833984,55.789398193359375,124.94309997558594
196.21560668945312,92.82019805908203,57.24039840698242,122.55449676513672
201.34010314941406,87.30110168457031,54.05509948730469,126.0271987915039
203.997802734375,83.2217025756836,55.58789825439453,134.7169952392578
211.71170043945312,76.94969940185547,51.878700256347656,140.60679626464844
214.40769958496094,73.4583969116211,54.97169876098633,143.8112030029297
223.82769775390625,70.8595962524414,51.68579864501953,144.89450073242188
230.17959594726562,71.63379669189453,49.31449890136719,147.5186004638672
227.64739990234375,76.76329803466797,58.39630126953125,146.43089294433594
229.5832061767578,72.84300231933594,63.285701751708984,142.78480529785156
221.18280029296875,77.12930297851562,80.18419647216797,146.35670471191406
225.8618927001953,75.65499877929688,80.29530334472656,143.57359313964844
226.34930419921875,78.52629852294922,82.43409729003906,140.25759887695312
225.87730407714844,85.2739028930664,80.1500015258789,143.98260498046875
218.5261993408203,83.0479965209961,86.11940002441406,138.67340087890625
227.42730712890625,88.38480377197266,70.95059967041016,138.82440185546875
224.76409912109375,85.40950012207031,71.5385971069336,138.8199005126953
222.3278045654297,88.32929992675781,62.13740158081055,141.4029998779297
219.78070068359375,92.22339630126953,56.058799743652344,135.8072967529297
220.55279541015625,92.84770202636719,50.43259811401367,136.9427947998047
217.6820068359375,91.5188980102539,54.54410171508789,135.98480224609375
213.5321044921875,98.37940216064453,56.06380081176758,129.5760955810547
207.5612030029297,101.331298828125,52.941200256347656,130.220703125
202.93699645996094,96.23979949951172,58.00490188598633,131.3029022216797
198.1811981201172,90.66809844970703,63.95100021362305,139.99729919433594
193.4197998046875,97.71600341796875,69.36630249023438,139.85130310058594
179.24969482421875,97.3219985961914,87.87300109863281,135.0435028076172
178.25869750976562,94.21910095214844,93.06390380859375,136.9636993408203
181.14830017089844,101.65840148925781,83.55290222167969,144.31680297851562
184.45140075683594,91.90119934082031,74.80290222167969,136.23190307617188
192.32130432128906,87.40440368652344,60.25320053100586,143.13600158691406
189.8350067138672,88.7781982421875,61.15909957885742,148.13839721679688
190.8238983154297,85.63999938964844,59.75699996948242,151.3029022216797
188.73300170898438,83.29969787597656,52.473201751708984,154.31069946289062
180.70469665527344,84.57009887695312,55.082801818847656,157.1280975341797
174.88470458984375,86.65799713134766,55.644798278808594,155.87120056152344
168.2344970703125,86.96199798583984,61.59270095825195,155.4178009033203
159.78619384765625,88.01509857177734,71.0740966796875,153.3061981201172
160.11740112304688,100.82759857177734,61.91849899291992,147.8386993408203
156.5493927001953,96.53170013427734,65.83529663085938,146.1186065673828
150.147705078125,100.86730194091797,74.17520141601562,143.091796875
144.81019592285156,97.47019958496094,82.43309783935547,147.13560485839844
141.35940551757812,100.89949798583984,93.86289978027344,146.77000427246094
132.61790466308594,103.30419921875,107.3405990600586,156.69839477539062
134.12730407714844,100.64459991455078,109.13200378417969,147.3065948486328
135.2509002685547,109.2063980102539,109.55919647216797,134.97909545898438
140.9302978515625,106.7843017578125,103.32109832763672,135.15249633789062
144.71969604492188,106.54620361328125,100.92400360107422,140.58250427246094
147.0637969970703,98.37629699707031,95.83390045166016,137.05239868164062
151.38819885253906,106.22460174560547,89.29170227050781,144.6450958251953
147.77859497070312,100.1227035522461,94.89089965820312,137.96389770507812
156.247802734375,95.01940155029297,74.92109680175781,149.5625
157.15170288085938,97.16950225830078,74.97709655761719,148.74249267578125
149.30250549316406,84.739501953125,78.67060089111328,156.31629943847656
151.10800170898438,75.58930206298828,73.82160186767578,167.28939819335938
152.37289428710938,72.87539672851562,71.02760314941406,170.50650024414062
153.6551055908203,61.64609909057617,69.2947998046875,177.95399475097656
152.1708984375,51.0343017578125,70.95089721679688,187.6414031982422
152.81930541992188,47.11880111694336,71.23079681396484,194.3018035888672
148.27769470214844,35.21160125732422,84.7771987915039,207.13189697265625
146.5428009033203,31.313499450683594,84.43270111083984,199.2783966064453
142.23269653320312,28.66860008239746,94.42489624023438,210.2991943359375
140.681396484375,33.067901611328125,86.39649963378906,204.97450256347656
136.9449005126953,38.37900161743164,98.73650360107422,199.67689514160156
126.84100341796875,37.199100494384766,119.62000274658203,202.76710510253906
135.59280395507812,37.976200103759766,93.13040161132812,198.88780212402344
135.3520965576172,39.04209899902344,99.8469009399414,203.38450622558594
136.21470642089844,36.4005012512207,104.40290069580078,201.206298828125
134.0482940673828,47.405799865722656,108.177001953125,195.73089599609375
137.03799438476562,46.08470153808594,96.97460174560547,186.0220947265625
142.8863983154297,55.834800720214844,84.32879638671875,184.122802734375
149.96380615234375,51.96160125732422,81.26380157470703,193.9178009033203
147.80479431152344,60.86949920654297,78.97109985351562,183.18629455566406
147.31350708007812,43.605899810791016,84.10579681396484,184.0261993408203
136.6342010498047,54.359500885009766,88.87840270996094,186.0395050048828
138.8251953125,59.52109909057617,90.68699645996094,178.1053009033203
129.24620056152344,68.47540283203125,94.31300354003906,172.3415985107422
134.0142059326172,64.63569641113281,92.76640319824219,173.418701171875
130.4687042236328,69.40989685058594,95.57140350341797,169.44149780273438
128.22500610351562,65.95500183105469,94.58599853515625,172.12210083007812
126.6635971069336,50.10169982910156,106.47840118408203,187.88070678710938
116.50749969482422,61.074501037597656,118.11150360107422,176.2545928955078
123.38289642333984,60.64830017089844,107.8395004272461,175.54769897460938
119.97229766845703,52.54629898071289,123.0863037109375,179.77810668945312
119.37190246582031,52.16590118408203,128.3865966796875,184.35780334472656
119.10639953613281,57.141700744628906,134.51040649414062,180.168701171875
123.54969787597656,49.999298095703125,135.72219848632812,184.2740020751953
128.28489685058594,45.50519943237305,128.60670471191406,187.6728057861328
137.2863006591797,48.84469985961914,119.36609649658203,189.51119995117188
140.08799743652344,47.23149871826172,121.54820251464844,186.53750610351562
143.50270080566406,54.55690002441406,119.76699829101562,184.34930419921875
136.67649841308594,52.05229949951172,133.63119506835938,187.59950256347656
126.54299926757812,46.303199768066406,143.47520446777344,191.5164031982422
128.20140075683594,45.32899856567383,144.5460968017578,196.69219970703125
129.00180053710938,36.46649932861328,148.693603515625,203.2386932373047
138.04930114746094,44.91910171508789,143.64430236816406,194.89720153808594
136.08160400390625,41.57849884033203,155.860595703125,198.63009643554688
153.4228973388672,43.55390167236328,127.04620361328125,200.25869750976562
163.1403045654297,41.94089889526367,128.73330688476562,195.23049926757812
170.0334014892578,42.76300048828125,129.14480590820312,201.6009979248047
173.15060424804688,40.70940017700195,132.2899932861328,200.0653076171875
182.1522979736328,37.18510055541992,133.48919677734375,208.61480712890625
192.6497039794922,34.341800689697266,127.05400085449219,213.40980529785156
202.20269775390625,34.42190170288086,107.59400177001953,211.4593048095703
214.74729919433594,35.40700149536133,87.87879943847656,214.49940490722656
231.17449951171875,30.218299865722656,78.89659881591797,219.67649841308594
240.59429931640625,23.756399154663086,70.69640350341797,219.78880310058594
245.2104034423828,24.478599548339844,70.17880249023438,225.79629516601562
247.52200317382812,25.632200241088867,81.44450378417969,225.351806640625
253.19540405273438,38.448001861572266,68.41000366210938,215.0146026611328
256.9158935546875,21.951200485229492,79.69969940185547,224.7281036376953
256.93951416015625,26.68869972229004,85.51860046386719,224.8029022216797
257.7488098144531,32.8650016784668,88.4010009765625,225.2646026611328
264.3382873535156,33.77180099487305,90.85099792480469,219.34120178222656
262.98638916015625,31.99250030517578,74.97750091552734,223.71519470214844
259.8489990234375,29.020200729370117,83.94439697265625,220.8760986328125
257.46539306640625,37.80659866333008,84.22589874267578,216.40139770507812
253.32130432128906,36.8026008605957,87.07460021972656,211.59640502929688
249.3361053466797,47.10070037841797,89.47859954833984,208.05369567871094
247.1970977783203,49.080299377441406,85.28119659423828,203.7816925048828
247.95970153808594,41.4630012512207,79.42980194091797,203.5612030029297
244.03509521484375,45.14649963378906,88.05670166015625,208.02630615234375
240.51600646972656,40.73590087890625,88.16020202636719,205.92050170898438
240.30299377441406,44.56460189819336,86.87809753417969,203.99850463867188
229.51280212402344,45.72760009765625,93.2970962524414,204.83729553222656
228.2720947265625,42.128501892089844,93.29080200195312,198.04539489746094
224.2799072265625,65.69229888916016,98.56719970703125,185.72320556640625
223.13909912109375,47.54069900512695,95.06330108642578,191.533203125
226.5446014404297,52.00130081176758,88.71489715576172,196.6967010498047
214.7241973876953,58.30329895019531,101.44989776611328,190.9055938720703
203.0771026611328,50.20479965209961,113.30509948730469,196.81019592285156
204.20730590820312,51.664100646972656,104.13300323486328,195.28109741210938
194.1273956298828,54.849998474121094,109.502197265625,192.00140380859375
198.14169311523438,48.125999450683594,97.12580108642578,195.96859741210938
195.10850524902344,54.092098236083984,93.29620361328125,195.00889587402344
194.23199462890625,62.57210159301758,91.4301986694336,179.75030517578125
191.02389526367188,70.73829650878906,91.37550354003906,172.76829528808594
193.2169952392578,64.46160125732422,89.68289947509766,175.58489990234375
184.6873016357422,69.86530303955078,100.39600372314453,171.339599609375
191.7642059326172,68.28209686279297,88.94380187988281,160.40069580078125
186.5157928466797,71.97850036621094,93.34100341796875,171.38600158691406
192.33999633789062,64.01930236816406,87.49690246582031,174.33419799804688
191.7949981689453,62.962100982666016,85.80750274658203,172.30279541015625
190.81520080566406,74.47550201416016,88.63469696044922,162.5261993408203
195.0142059326172,65.8407974243164,83.73760223388672,170.85830688476562
197.61659240722656,68.24600219726562,78.98629760742188,171.09140014648438
198.59120178222656,67.45559692382812,77.5873031616211,171.34320068359375
197.8199005126953,62.83679962158203,81.55690002441406,174.577392578125
198.2136993408203,58.13779830932617,79.35970306396484,177.45159912109375
197.3798065185547,56.836299896240234,82.05030059814453,179.45840454101562
198.1002960205078,55.35710144042969,82.02739715576172,181.6562042236328
200.0386962890625,47.91740036010742,81.4614028930664,180.93380737304688
197.6903076171875,54.68080139160156,86.72630310058594,178.18649291992188
193.529296875,51.58679962158203,91.65840148925781,173.92869567871094
198.24600219726562,46.405399322509766,84.60639953613281,186.1136016845703
198.6381072998047,59.85449981689453,85.497802734375,185.04519653320312
197.63150024414062,46.94839859008789,85.87979888916016,183.30270385742188
195.5041046142578,47.13180160522461,88.7323989868164,183.8195037841797
199.2198028564453,54.118900299072266,83.2876968383789,177.37030029296875
204.07760620117188,51.44449996948242,80.37409973144531,176.8625030517578
200.36300659179688,51.34749984741211,82.2708969116211,184.531005859375
196.01780700683594,54.27909851074219,85.71479797363281,178.4600067138672
200.27420043945312,55.104000091552734,82.5199966430664,176.60679626464844
202.4842071533203,52.42919921875,78.82420349121094,178.16549682617188
204.5386962890625,61.020198822021484,76.69110107421875,175.51210021972656
201.214599609375,61.11119842529297,78.94629669189453,174.15179443359375
203.1925048828125,57.72930145263672,75.05030059814453,174.47479248046875
202.10659790039062,54.42250061035156,77.21929931640625,179.8031005859375
205.89999389648438,58.846500396728516,72.39790344238281,174.4066925048828
206.15879821777344,56.790000915527344,75.05970001220703,174.98179626464844
202.90440368652344,49.34370040893555,78.93440246582031,175.841796875
200.21240234375,57.47520065307617,83.03710174560547,178.82400512695312
202.9044952392578,54.0077018737793,82.78160095214844,175.6923065185547
202.6833953857422,59.1348991394043,82.9103012084961,171.64920043945312
199.65899658203125,57.644100189208984,89.45320129394531,171.99639892578125
196.66409301757812,64.13590240478516,92.03959655761719,169.86289978027344
200.24490356445312,67.82730102539062,91.42859649658203,163.37730407714844
199.17320251464844,64.32050323486328,94.12760162353516,168.34959411621094
199.84950256347656,67.45379638671875,90.43450164794922,162.5240936279297
201.58160400390625,69.76309967041016,88.80889892578125,162.44619750976562
199.50360107421875,73.14689636230469,89.6134033203125,154.15330505371094
198.94810485839844,71.2947006225586,94.7030029296875,159.322998046875
198.46060180664062,78.5344009399414,90.89029693603516,154.33389282226562
196.72799682617188,68.62889862060547,95.85070037841797,158.82620239257812
193.6501007080078,73.80919647216797,95.17330169677734,156.1396026611328
194.9407958984375,81.30460357666016,92.37670135498047,156.74400329589844
195.93020629882812,78.60919952392578,87.51899719238281,147.31959533691406
192.42880249023438,82.5647964477539,86.40180206298828,151.66360473632812
193.9176025390625,84.19709777832031,80.75019836425781,153.75979614257812
193.56289672851562,81.79900360107422,79.793701171875,151.5966033935547
193.29849243164062,91.62249755859375,78.59140014648438,146.72019958496094
198.09559631347656,80.779296875,72.34490203857422,146.16659545898438
198.3361053466797,82.81639862060547,73.86270141601562,149.17340087890625
197.6053924560547,85.3373031616211,73.53399658203125,145.66639709472656
194.9842987060547,82.23100280761719,74.83789825439453,146.78529357910156
195.37750244140625,75.84660339355469,70.55960083007812,145.91209411621094
194.93359375,82.42669677734375,68.04969787597656,151.66470336914062
193.9680938720703,79.09100341796875,69.29139709472656,153.65179443359375
191.37330627441406,71.88349914550781,73.0186996459961,155.02870178222656
191.46499633789062,72.76360321044922,69.59329986572266,158.69410705566406
190.7490997314453,68.62129974365234,71.93879699707031,161.77490234375
196.64999389648438,64.293701171875,69.92379760742188,163.89340209960938
186.49139404296875,62.780601501464844,82.66680145263672,171.4154052734375
187.5471954345703,54.570098876953125,85.72589874267578,177.83740234375
181.40040588378906,57.442298889160156,84.61630249023438,177.27239990234375
183.18679809570312,51.723201751708984,84.06680297851562,176.94900512695312
189.30230712890625,50.192100524902344,74.66329956054688,176.8802032470703
182.95379638671875,58.905399322509766,78.84529876708984,178.83779907226562
181.1802978515625,53.38990020751953,82.54239654541016,171.5614013671875
178.68930053710938,58.147701263427734,87.07219696044922,173.6544952392578
171.09140014648438,59.08039855957031,98.54180145263672,174.8289031982422
164.5135955810547,60.058998107910156,112.98359680175781,171.2248992919922
178.9669952392578,62.70309829711914,103.55049896240234,170.8686065673828
183.85809326171875,63.72610092163086,94.21900177001953,172.6427001953125
194.31910705566406,62.405399322509766,95.50849914550781,169.82479858398438
196.08740234375,67.73719787597656,87.5968017578125,169.69869995117188
192.95809936523438,65.36499786376953,96.88610076904297,166.164794921875
197.05430603027344,74.78179931640625,96.3218002319336,160.32420349121094
195.37269592285156,70.19619750976562,96.81680297851562,162.60809326171875
195.17239379882812,71.37429809570312,97.58280181884766,163.19369506835938
196.78070068359375,73.55729675292969,96.38529968261719,160.8863067626953
194.16470336914062,76.47160339355469,103.29979705810547,162.41029357910156
195.3031005859375,77.23819732666016,104.09880065917969,158.15809631347656
202.90750122070312,74.20500183105469,94.34329986572266,152.77049255371094
199.6208038330078,81.78919982910156,106.42140197753906,149.56080627441406
200.37930297851562,80.57019805908203,111.3594970703125,152.76629638671875
200.4542999267578,78.76119995117188,110.62899780273438,155.84530639648438
199.24139404296875,79.0177993774414,115.4708023071289,157.61619567871094
208.06680297851562,79.63089752197266,104.44419860839844,154.32960510253906
203.0644073486328,79.9834976196289,114.34590148925781,154.00880432128906
204.29110717773438,77.0386962890625,112.6072006225586,156.0102996826172
203.18569946289062,76.2385025024414,115.12010192871094,158.52830505371094
203.5178985595703,79.46189880371094,113.62570190429688,152.46800231933594
207.32850646972656,75.35160064697266,108.79810333251953,161.1439971923828
207.75250244140625,75.06210327148438,110.68489837646484,155.0283966064453
211.38180541992188,76.53720092773438,115.65989685058594,155.6472930908203
203.29449462890625,73.62310028076172,118.97720336914062,159.1027069091797
201.5384979248047,78.3124008178711,122.5875015258789,158.2845001220703
202.84620666503906,73.24030303955078,124.85690307617188,154.9656982421875
203.90060424804688,74.15640258789062,112.80660247802734,159.52220153808594
201.2384033203125,71.55480194091797,109.79010009765625,162.5124969482422
208.4654998779297,67.1884994506836,97.74230194091797,165.0653076171875
223.4123992919922,62.342498779296875,80.52629852294922,170.58599853515625
213.6717987060547,53.69900131225586,93.64969635009766,177.28939819335938
208.1248016357422,60.001399993896484,96.05470275878906,174.63250732421875
202.15130615234375,56.577999114990234,100.8727035522461,175.0050048828125
203.79330444335938,55.61280059814453,99.13289642333984,179.28050231933594
197.59060668945312,57.1599006652832,100.24919891357422,176.23800659179688
211.6999969482422,53.84280014038086,81.9271011352539,179.93519592285156
210.16909790039062,53.980899810791016,81.11470031738281,176.57989501953125
218.51870727539062,56.44169998168945,70.46399688720703,174.2993927001953
208.6573028564453,59.10409927368164,76.98979949951172,172.8677978515625
205.9105987548828,56.86970138549805,84.19960021972656,173.7366943359375
213.8845977783203,56.53049850463867,77.85220336914062,177.71490478515625
207.37449645996094,57.63570022583008,90.1552963256836,173.8946075439453
210.3721923828125,54.24250030517578,90.63529968261719,180.7270965576172
214.7812042236328,56.80860137939453,88.89520263671875,181.14939880371094
208.84410095214844,58.833900451660156,102.22239685058594,178.09339904785156
196.60989379882812,58.131900787353516,115.910400390625,176.131103515625
191.90060424804688,68.48829650878906,127.75689697265625,163.50320434570312
190.58079528808594,62.164100646972656,121.90489959716797,177.3092041015625
173.12469482421875,61.02130126953125,146.4561004638672,174.11390686035156
172.9678955078125,70.46800231933594,144.15350341796875,164.11160278320312
171.52740478515625,66.14910125732422,144.7971954345703,174.08779907226562
170.1956024169922,72.9083023071289,138.2928009033203,166.6439971923828
164.76480102539062,64.91829681396484,147.24920654296875,168.9311981201172
166.59620666503906,68.14340209960938,135.91110229492188,172.26449584960938
165.07179260253906,70.80169677734375,135.58349609375,165.6898956298828
164.7696990966797,87.91580200195312,130.21400451660156,146.80299377441406
163.4467010498047,84.38870239257812,126.98930358886719,155.60260009765625
176.88890075683594,87.83460235595703,102.32469940185547,144.5843963623047
171.52049255371094,89.65339660644531,104.4365005493164,146.4571990966797
168.56680297851562,91.97000122070312,108.14009857177734,145.2825927734375
174.66810607910156,82.13279724121094,97.59190368652344,148.72000122070312
175.64999389648438,85.04810333251953,91.8196029663086,149.06480407714844
171.91909790039062,81.30599975585938,100.2468032836914,149.52349853515625
172.07679748535156,91.0426025390625,97.37740325927734,151.2729034423828
178.9720001220703,88.75150299072266,89.05339813232422,148.99560546875
172.9427032470703,85.0634994506836,103.27439880371094,153.089599609375
173.514404296875,84.18669891357422,96.11470031738281,145.6282958984375
167.50430297851562,96.22059631347656,103.06739807128906,143.42759704589844
155.9449005126953,98.72540283203125,117.1095962524414,142.00650024414062
145.55029296875,88.15769958496094,127.1427001953125,142.16029357910156
143.12899780273438,95.00019836425781,130.8636932373047,153.24459838867188
137.7301025390625,89.16200256347656,131.6396942138672,149.78309631347656
133.75929260253906,84.69309997558594,130.8094024658203,144.914794921875
132.31739807128906,97.09760284423828,136.302001953125,145.7447967529297
129.068603515625,89.99649810791016,141.79820251464844,146.67599487304688
132.68589782714844,99.13510131835938,129.43020629882812,142.42050170898438
134.23480224609375,94.70259857177734,129.7696075439453,146.18080139160156
144.0915985107422,81.30139923095703,108.2573013305664,151.51280212402344
139.9174041748047,77.37120056152344,117.16470336914062,152.36500549316406
155.6746063232422,88.69529724121094,91.02680206298828,141.19850158691406
164.06129455566406,77.11759948730469,79.85070037841797,156.64529418945312
163.70339965820312,74.97650146484375,78.90480041503906,162.2635040283203
163.47300720214844,65.35469818115234,84.04789733886719,171.3740997314453
165.3240966796875,66.97239685058594,77.82209777832031,164.1802978515625
167.9573974609375,61.98379898071289,73.40129852294922,168.4387969970703
166.96359252929688,63.348201751708984,75.68099975585938,164.1627960205078
166.79530334472656,56.80009841918945,75.36940002441406,164.71519470214844
170.8843994140625,56.105499267578125,70.78790283203125,168.62120056152344
172.30270385742188,57.94279861450195,77.73390197753906,167.0283966064453
171.63760375976562,56.812198638916016,79.27529907226562,168.70970153808594
176.6811065673828,59.273799896240234,75.02780151367188,165.48379516601562
179.15960693359375,56.73109817504883,79.56729888916016,165.07730102539062
180.8529052734375,56.62009811401367,89.46890258789062,164.42030334472656
186.877197265625,56.63629913330078,88.5728988647461,164.17709350585938
202.31399536132812,60.82929992675781,75.5071029663086,163.12399291992188
198.78610229492188,67.87899780273438,98.32219696044922,160.88519287109375
213.67730712890625,64.17479705810547,95.25,157.83009338378906
221.24879455566406,68.92859649658203,84.84249877929688,150.75120544433594
230.256103515625,73.4531021118164,74.39530181884766,154.5469970703125
236.99839782714844,67.39649963378906,69.00340270996094,154.389404296875
229.68519592285156,71.52760314941406,75.63400268554688,149.57550048828125
234.24510192871094,75.43049621582031,73.30989837646484,151.92539978027344
243.3607940673828,70.74579620361328,65.7416000366211,147.3350067138672
242.1466064453125,75.70079803466797,66.9813003540039,148.610595703125
245.9261932373047,70.71859741210938,65.21309661865234,148.3524932861328
246.38729858398438,73.4219970703125,63.18470001220703,147.72450256347656
240.81300354003906,72.34709930419922,71.41280364990234,140.4302978515625
243.789794921875,78.67729949951172,97.64099884033203,139.956298828125
243.6595001220703,78.4916000366211,103.16439819335938,140.6533966064453
240.4011993408203,86.9259033203125,95.95890045166016,132.03599548339844
241.84129333496094,84.09359741210938,75.0562973022461,137.26100158691406
238.52430725097656,83.71620178222656,66.80899810791016,129.1667938232422
233.79490661621094,78.8915023803711,66.47660064697266,137.6343994140625
227.75469970703125,82.45089721679688,72.58879852294922,132.2178955078125
221.4456024169922,79.91719818115234,78.2051010131836,137.2252960205078
223.78759765625,81.8062973022461,71.63739776611328,137.28289794921875
223.60740661621094,85.6969985961914,60.5281982421875,135.40249633789062
216.0717010498047,80.63909912109375,59.75709915161133,133.62350463867188
205.28419494628906,74.72260284423828,65.33489990234375,145.59530639648438
199.69290161132812,65.08480072021484,69.9999008178711,150.6591033935547
192.1425018310547,77.18440246582031,67.05699920654297,141.48410034179688
190.1656036376953,58.773399353027344,56.939701080322266,148.63839721679688
178.74119567871094,40.2588996887207,56.85060119628906,159.25379943847656
174.3970947265625,32.63159942626953,56.1952018737793,155.38909912109375
169.36419677734375,21.764400482177734,56.47380065917969,161.27029418945312
154.4293975830078,17.69729995727539,65.9802017211914,160.08509826660156
152.73599243164062,19.489200592041016,61.892398834228516,155.6728057861328
146.3253936767578,24.87190055847168,66.01909637451172,144.86749267578125
143.63160705566406,18.44420051574707,70.45929718017578,151.9304962158203
140.09210205078125,18.55419921875,82.9540023803711,151.92529296875
140.39559936523438,21.412799835205078,78.89320373535156,145.26739501953125
140.3596954345703,28.513900756835938,75.55850219726562,134.5137939453125
136.85000610351562,23.382099151611328,81.19280242919922,142.65249633789062
148.34500122070312,30.293100357055664,86.36109924316406,138.6262969970703
149.13519287109375,26.07309913635254,84.93009948730469,141.51519775390625
149.55270385742188,27.09469985961914,78.1708984375,148.81320190429688
150.70970153808594,31.620800018310547,78.1500015258789,152.56790161132812
154.45899963378906,42.512001037597656,75.168701171875,160.02859497070312
157.92019653320312,53.14939880371094,81.8906021118164,159.4362030029297
164.6436004638672,62.025001525878906,88.67539978027344,158.99110412597656
179.53880310058594,76.22689819335938,84.0386962890625,145.14599609375
187.87539672851562,73.3772964477539,83.0291976928711,144.31739807128906
193.8470001220703,82.69550323486328,97.652099609375,142.239501953125
200.53770446777344,89.61810302734375,97.1592025756836,133.58810424804688
199.4835968017578,88.33319854736328,97.13079833984375,134.19830322265625
203.9228973388672,78.78060150146484,97.83769989013672,139.39599609375
197.53790283203125,91.60479736328125,100.47360229492188,137.2982940673828
191.39230346679688,87.67420196533203,95.30599975585938,134.11610412597656
185.38259887695312,89.25540161132812,93.03980255126953,132.18429565429688
177.3654022216797,92.03900146484375,104.13050079345703,131.87109375
175.27859497070312,91.37349700927734,104.97859954833984,135.24859619140625
177.3076934814453,94.7780990600586,101.79669952392578,128.70069885253906
173.95700073242188,96.7750015258789,106.59700012207031,126.74150085449219
174.37510681152344,98.73509979248047,112.32520294189453,127.18599700927734
156.45140075683594,99.74620056152344,133.93299865722656,123.85820007324219
154.3179931640625,104.47899627685547,140.20440673828125,118.87879943847656
149.57969665527344,108.16850280761719,131.38079833984375,116.59649658203125
147.0377960205078,103.83170318603516,132.4781951904297,120.79940032958984
141.8408966064453,102.90299987792969,138.95970153808594,122.90440368652344
148.731201171875,97.48400115966797,131.60479736328125,123.91790008544922
151.79150390625,95.37840270996094,127.94819641113281,132.47689819335938
149.9178009033203,92.23529815673828,129.7451934814453,132.0814971923828
159.96170043945312,77.91819763183594,120.73400115966797,145.5941925048828
165.06849670410156,86.5779037475586,113.59480285644531,144.92539978027344
178.90989685058594,70.71659851074219,100.5790023803711,154.1634063720703
193.50320434570312,67.6990966796875,83.88189697265625,155.506103515625
202.1894073486328,70.2426986694336,88.00129699707031,160.95700073242188
209.38169860839844,65.67849731445312,64.43219757080078,163.4429931640625
209.35560607910156,57.57659912109375,74.03099822998047,171.71620178222656
213.9521026611328,62.54130172729492,59.37229919433594,174.93499755859375
216.9774932861328,53.641998291015625,57.5806999206543,172.47210693359375
218.18260192871094,55.193199157714844,59.75659942626953,178.16400146484375
214.56930541992188,48.77389907836914,63.29669952392578,176.85960388183594
216.98849487304688,49.54240036010742,58.72930145263672,177.39019775390625
215.45700073242188,48.91490173339844,60.799800872802734,183.36720275878906
217.49319458007812,49.859901428222656,56.22850036621094,185.34779357910156
215.9311065673828,46.22610092163086,60.50590133666992,181.3218994140625
218.7252960205078,48.94340133666992,52.62689971923828,184.24330139160156
215.6488037109375,52.86470031738281,59.29059982299805,182.9613037109375
212.7238006591797,52.579898834228516,65.17549896240234,182.69290161132812
210.89320373535156,47.40620040893555,64.45439910888672,181.37330627441406
213.25250244140625,54.990299224853516,61.597900390625,184.02499389648438
208.3907928466797,63.0546989440918,59.99480056762695,172.3031005859375
204.904296875,60.918800354003906,69.85240173339844,175.06170654296875
195.15890502929688,62.05329895019531,71.14810180664062,174.53729248046875
194.78359985351562,59.754798889160156,72.86229705810547,175.43150329589844
179.95289611816406,67.65499877929688,80.96800231933594,171.44090270996094
181.2241973876953,60.71580123901367,80.78070068359375,168.67599487304688
163.38319396972656,70.03730010986328,93.89869689941406,172.72850036621094
163.07040405273438,67.7842025756836,94.34259796142578,162.8887939453125
144.02589416503906,73.7490005493164,112.09770202636719,158.9259033203125
145.847900390625,72.89649963378906,109.13899993896484,160.49339294433594
136.39039611816406,67.39790344238281,119.13279724121094,158.61680603027344
139.8300018310547,66.01100158691406,122.86810302734375,167.19790649414062
137.6654052734375,67.2688980102539,116.32579803466797,153.7554931640625
135.25070190429688,80.73970031738281,114.16059875488281,149.82749938964844
150.62030029296875,67.79669952392578,91.7843017578125,158.3253936767578
147.6468963623047,70.40959930419922,93.69609832763672,157.08509826660156
147.52340698242188,69.00039672851562,86.5967025756836,154.32850646972656
149.25120544433594,67.36990356445312,85.44239807128906,158.68359375
145.01190185546875,70.84130096435547,78.38459777832031,153.2187042236328
144.4967041015625,63.5181999206543,83.33439636230469,154.2863006591797
147.2895050048828,73.66929626464844,71.15280151367188,152.11410522460938
147.62640380859375,64.78060150146484,79.60399627685547,155.55630493164062
143.53390502929688,67.96379852294922,72.34410095214844,155.61180114746094
145.02609252929688,69.92420196533203,64.48529815673828,154.78770446777344
142.15660095214844,68.3656997680664,66.75689697265625,148.702392578125
143.20559692382812,70.4094009399414,63.011199951171875,153.51300048828125
139.9774932861328,72.3948974609375,66.79519653320312,143.8845977783203
140.27760314941406,73.6405029296875,65.33599853515625,147.2209930419922
135.1898956298828,72.52020263671875,65.50789642333984,145.03909301757812
139.06930541992188,72.16719818115234,57.529598236083984,140.7030029296875
134.3813934326172,76.36479949951172,60.695499420166016,141.4010009765625
132.2469024658203,75.40589904785156,64.97029876708984,137.5635986328125
130.6468048095703,80.92630004882812,56.68840026855469,136.62460327148438
129.5552978515625,69.54309844970703,62.475799560546875,141.1470947265625
129.24440002441406,72.21900177001953,62.88740158081055,145.96710205078125
128.38729858398438,67.50150299072266,64.21060180664062,143.24459838867188
126.193603515625,79.61239624023438,66.2156982421875,141.98739624023438
126.26750183105469,65.81269836425781,67.739501953125,145.1566925048828
129.3394012451172,73.70140075683594,59.96080017089844,145.9571990966797
125.94180297851562,74.53810119628906,64.53900146484375,139.7104034423828
123.7667007446289,70.02059936523438,67.12930297851562,143.85830688476562
122.6937026977539,72.2947006225586,69.58039855957031,143.66250610351562
131.43829345703125,62.248199462890625,60.08449935913086,148.6103057861328
129.48179626464844,69.08450317382812,63.1879997253418,151.78329467773438
134.2104034423828,62.188201904296875,61.83039855957031,155.42300415039062
136.59829711914062,64.54630279541016,55.50189971923828,150.30870056152344
144.03140258789062,65.82379913330078,47.29610061645508,153.4438934326172
140.5229949951172,61.44369888305664,52.5806999206543,155.59039306640625
140.5290069580078,61.36360168457031,53.85260009765625,154.381103515625
143.66510009765625,60.6349983215332,49.411598205566406,155.5364990234375
146.80540466308594,58.520999908447266,47.289798736572266,157.95899963378906
146.2664031982422,59.35060119628906,47.141998291015625,161.31680297851562
148.07200622558594,61.340999603271484,48.519798278808594,154.76699829101562
145.39280700683594,55.830101013183594,65.21980285644531,160.31509399414062
143.51539611816406,63.78110122680664,73.7510986328125,160.15040588378906
143.62730407714844,62.94540023803711,73.64089965820312,151.04139709472656
142.77789306640625,65.77850341796875,65.40509796142578,159.62930297851562
142.35079956054688,58.53219985961914,81.64849853515625,156.19349670410156
140.60879516601562,55.47370147705078,75.27580261230469,168.88839721679688
139.61639404296875,56.49319839477539,88.6250991821289,162.8166961669922
141.8105010986328,56.39390182495117,75.73760223388672,159.97000122070312
141.29339599609375,55.35960006713867,69.24810028076172,166.7465057373047
145.35440063476562,61.90370178222656,52.312400817871094,166.19020080566406
143.03819274902344,56.46229934692383,52.69889831542969,164.9748992919922
150.1544952392578,59.996700286865234,52.65299987792969,163.69549560546875
152.43760681152344,62.457000732421875,45.6702995300293,157.56680297851562
158.3249969482422,60.4536018371582,47.36709976196289,161.7418975830078
157.07870483398438,57.16210174560547,46.687198638916016,167.26040649414062
162.4597930908203,57.26110076904297,47.851200103759766,169.4615020751953
160.3426971435547,61.88010025024414,49.070098876953125,164.3289031982422
164.74049377441406,56.5005989074707,51.44070053100586,171.1674041748047
164.33819580078125,54.399200439453125,49.90570068359375,173.84959411621094
162.110107421875,57.12950134277344,57.70560073852539,173.91209411621094
162.852294921875,54.11690139770508,61.50450134277344,169.47549438476562
159.2404022216797,61.315799713134766,66.24819946289062,175.47369384765625
159.6082000732422,52.37519836425781,60.15340042114258,176.7407989501953
156.01480102539062,57.471099853515625,64.30989837646484,185.33189392089844
161.85049438476562,58.55070114135742,54.153900146484375,170.1634979248047
157.26089477539062,59.75450134277344,54.11909866333008,173.66290283203125
152.23599243164062,58.412899017333984,63.46860122680664,176.40069580078125
