1
150.79319763183594,88.55560302734375,156.9158935546875,140.3791961669922
148.71560668945312,94.59159851074219,157.8155975341797,131.59649658203125
141.87669372558594,97.38780212402344,155.08399963378906,126.94529724121094
144.05149841308594,100.66259765625,152.0301971435547,123.28140258789062
161.63009643554688,98.68250274658203,148.6396942138672,125.91709899902344
156.9167022705078,98.67919921875,149.98080444335938,123.68990325927734
161.8361053466797,99.09120178222656,141.17190551757812,123.41300201416016
169.3782958984375,99.5614013671875,128.17210388183594,120.32569885253906
172.26060485839844,97.71929931640625,114.88150024414062,119.42890167236328
174.34950256347656,92.81340026855469,110.89649963378906,129.22169494628906
178.1988983154297,92.65029907226562,105.18890380859375,132.00160217285156
176.90780639648438,89.7332992553711,106.92259979248047,131.80320739746094
184.35659790039062,89.84259796142578,98.45469665527344,133.07440185546875
191.95700073242188,85.88030242919922,97.16780090332031,136.00430297851562
204.44369506835938,84.37799835205078,94.57469940185547,139.12060546875
209.5666961669922,84.38009643554688,93.0,143.52810668945312
196.69400024414062,83.18730163574219,102.26100158691406,136.40769958496094
192.57400512695312,85.59709930419922,111.4832992553711,140.9438018798828
199.3394012451172,84.510498046875,100.24590301513672,136.79200744628906
188.79820251464844,80.40059661865234,89.720703125,141.5572052001953
179.8459014892578,77.85189819335938,98.76850128173828,139.42959594726562
169.19419860839844,66.1489028930664,84.36399841308594,150.8675994873047
159.79330444335938,56.668399810791016,81.55690002441406,154.94129943847656
152.84500122070312,39.82680130004883,80.68550109863281,158.9001007080078
149.02650451660156,26.656099319458008,81.91410064697266,154.5489044189453
150.3153076171875,27.3887996673584,81.95099639892578,145.77890014648438
150.73480224609375,24.425199508666992,86.6759033203125,143.74960327148438
147.7362060546875,26.038999557495117,83.29039764404297,144.75399780273438
141.55450439453125,24.827699661254883,86.5551986694336,143.17820739746094
140.326904296875,22.791099548339844,83.75430297851562,145.35960388183594
142.9635009765625,19.988100051879883,78.3572998046875,151.20509338378906
142.37240600585938,15.434200286865234,70.78500366210938,134.8345947265625
144.17750549316406,16.589599609375,72.0562973022461,148.59559631347656
145.14990234375,17.88610076904297,73.32759857177734,156.4272003173828
147.26980590820312,21.572500228881836,75.10549926757812,154.8979949951172
152.20680236816406,17.08060073852539,70.91799926757812,161.98660278320312
162.22569274902344,23.756999969482422,67.08650207519531,157.69659423828125
169.75990295410156,26.100500106811523,65.33070373535156,166.80160522460938
172.02760314941406,42.23720169067383,70.01699829101562,159.27439880371094
185.85780334472656,57.10649871826172,63.03670120239258,155.49310302734375
192.41819763183594,69.93409729003906,67.55970001220703,151.97900390625
201.0583038330078,69.45570373535156,72.80999755859375,151.5894012451172
204.091796875,79.63899993896484,70.2666015625,140.37510681152344
208.52420043945312,80.12339782714844,70.16649627685547,140.67210388183594
221.10560607910156,81.90599822998047,68.87169647216797,137.5841064453125
221.07870483398438,82.4677963256836,74.7385025024414,134.97030639648438
221.68649291992188,78.86150360107422,81.08660125732422,139.40989685058594
224.29420471191406,76.33999633789062,79.80799865722656,136.2512969970703
231.66209411621094,78.67269897460938,72.02539825439453,139.88429260253906
237.5998992919922,81.91300201416016,72.98139953613281,131.99989318847656
234.6864013671875,78.279296875,94.23049926757812,135.78970336914062
239.6654052734375,78.9540023803711,104.93720245361328,136.1320037841797
242.1658935546875,78.63369750976562,111.6343994140625,137.5247039794922
235.6667022705078,76.20939636230469,117.68150329589844,144.48260498046875
237.44369506835938,70.68440246582031,119.40769958496094,146.77259826660156
233.7779998779297,72.32990264892578,117.3843994140625,147.62069702148438
234.4893035888672,69.38680267333984,104.88069915771484,148.92149353027344
236.01040649414062,67.64720153808594,86.5271987915039,150.3697052001953
229.65499877929688,70.7863998413086,82.96279907226562,150.66050720214844
232.322998046875,73.10749816894531,81.45259857177734,149.3343963623047
228.8708953857422,73.0459976196289,81.9885025024414,150.62240600585938
233.55589294433594,73.393798828125,76.19120025634766,151.45370483398438
228.0948944091797,73.60489654541016,82.49649810791016,151.03829956054688
218.91470336914062,72.2615966796875,88.94989776611328,150.09579467773438
215.7866973876953,70.19059753417969,88.65029907226562,152.02659606933594
203.8040008544922,68.04109954833984,94.7322998046875,155.32020568847656
192.94569396972656,63.02159881591797,96.60389709472656,156.67599487304688
185.51429748535156,66.54840087890625,95.93830108642578,153.8975067138672
178.95680236816406,54.792999267578125,99.28710174560547,164.47120666503906
169.09840393066406,60.5797004699707,113.62310028076172,162.21319580078125
164.8896942138672,63.98350143432617,112.33899688720703,160.41400146484375
170.3970947265625,55.48889923095703,100.38069915771484,169.24729919433594
165.0030975341797,56.90909957885742,110.92900085449219,168.7864990234375
164.652099609375,58.990299224853516,98.20480346679688,171.201904296875
161.35470581054688,56.743099212646484,109.81169891357422,172.07650756835938
162.52259826660156,64.59660339355469,105.28949737548828,164.25149536132812
160.63510131835938,67.53929901123047,105.88140106201172,166.93409729003906
163.70460510253906,68.58799743652344,94.86830139160156,163.8480987548828
166.4761962890625,69.43360137939453,88.71330261230469,165.3054962158203
162.96189880371094,69.49469757080078,91.91419982910156,165.63169860839844
164.41270446777344,74.7874984741211,87.53140258789062,160.68350219726562
158.8990020751953,78.18890380859375,96.16699981689453,157.09039306640625
156.82530212402344,82.7345962524414,98.88289642333984,151.50399780273438
144.70440673828125,86.53820037841797,118.61519622802734,152.73480224609375
137.7530975341797,83.73419952392578,127.91190338134766,147.1085968017578
136.5675048828125,91.1509017944336,127.34519958496094,146.02639770507812
133.2373046875,91.91719818115234,135.72560119628906,146.956298828125
134.0493927001953,93.24510192871094,136.61940002441406,146.30079650878906
131.74380493164062,87.95449829101562,147.75439453125,143.72520446777344
140.05230712890625,90.21170043945312,136.4425048828125,148.97500610351562
139.73779296875,89.96720123291016,142.351806640625,145.11239624023438
145.5894012451172,84.13890075683594,141.72410583496094,149.5946044921875
152.3551025390625,85.34539794921875,132.80340576171875,149.58470153808594
165.86520385742188,81.35240173339844,118.88140106201172,153.16830444335938
172.7397003173828,80.90789794921875,110.50070190429688,159.67630004882812
172.2030029296875,83.73380279541016,109.84490203857422,151.71060180664062
175.22439575195312,85.12210083007812,104.82890319824219,149.5
171.67579650878906,84.85299682617188,106.33660125732422,151.97210693359375
173.53810119628906,82.6729965209961,103.4718017578125,150.01930236816406
170.83709716796875,84.57140350341797,108.5426025390625,153.33250427246094
174.0847930908203,86.51020050048828,106.79779815673828,148.21080017089844
168.0614013671875,84.40119934082031,121.47360229492188,151.78179931640625
166.3533935546875,84.83360290527344,130.18240356445312,148.57449340820312
164.32679748535156,89.41000366210938,132.64649963378906,147.00779724121094
166.34829711914062,80.09349822998047,136.63540649414062,153.2530059814453
166.8166046142578,81.6697006225586,137.66070556640625,157.07870483398438
163.49380493164062,75.76840209960938,147.40550231933594,159.62660217285156
163.20700073242188,68.79840087890625,155.9842987060547,168.0377960205078
166.8332061767578,69.90979766845703,154.85189819335938,162.20889282226562
165.7751007080078,76.31549835205078,157.71820068359375,161.38400268554688
170.39849853515625,71.0199966430664,154.74859619140625,163.8531951904297
169.8990020751953,72.19149780273438,161.94400024414062,161.57040405273438
170.5301971435547,69.08360290527344,169.5207061767578,165.40269470214844
177.51480102539062,63.06100082397461,165.09849548339844,172.5402069091797
193.22860717773438,66.40129852294922,134.10629272460938,167.66140747070312
190.80709838867188,64.4583969116211,143.41270446777344,170.7183074951172
194.343994140625,58.35129928588867,156.960205078125,174.0854949951172
202.468505859375,57.947898864746094,148.95860290527344,168.764404296875
201.00100708007812,54.42679977416992,145.6988983154297,176.8887939453125
192.5115966796875,55.169898986816406,147.67430114746094,178.91419982910156
200.3865966796875,55.603599548339844,108.36620330810547,176.98060607910156
196.30430603027344,53.78670120239258,130.34689331054688,174.53729248046875
189.63040161132812,54.31050109863281,129.7642059326172,177.58290100097656
183.622802734375,50.781700134277344,139.67250061035156,183.4080047607422
186.28439331054688,56.97439956665039,111.8594970703125,181.22259521484375
189.54490661621094,51.64820098876953,120.09459686279297,179.52980041503906
196.16580200195312,58.19129943847656,114.52130126953125,176.72390747070312
194.32839965820312,60.944698333740234,125.78240203857422,170.65249633789062
186.72059631347656,55.146400451660156,139.75889587402344,177.3759002685547
188.99969482421875,57.181800842285156,137.4947967529297,175.49270629882812
190.2458038330078,59.799198150634766,140.9842987060547,173.55580139160156
190.61770629882812,64.11000061035156,144.95579528808594,168.47000122070312
193.87660217285156,62.419498443603516,138.92669677734375,169.5030975341797
197.74240112304688,63.17070007324219,142.0052947998047,168.24940490722656
200.11610412597656,71.34300231933594,149.25509643554688,160.92660522460938
200.2086944580078,71.92269897460938,151.3948974609375,156.36549377441406
198.46310424804688,74.660400390625,150.07029724121094,154.52940368652344
202.04220581054688,75.91329956054688,138.94520568847656,155.90269470214844
202.01890563964844,80.19049835205078,132.0688018798828,147.30740356445312
201.639892578125,78.39550018310547,125.2311019897461,153.82330322265625
202.0330047607422,78.97440338134766,122.7615966796875,160.01589965820312
211.1425018310547,77.58450317382812,106.32440185546875,156.3292999267578
211.75660705566406,79.57129669189453,109.75789642333984,155.49960327148438
217.5655975341797,81.35549926757812,99.42330169677734,156.2624053955078
205.82899475097656,81.9041976928711,118.15910339355469,151.9351043701172
202.87469482421875,76.75879669189453,114.25,156.69619750976562
192.93359375,82.47270202636719,130.37899780273438,152.15570068359375
197.6761932373047,74.36959838867188,119.26210021972656,158.31170654296875
202.19549560546875,78.75399780273438,110.08219909667969,156.74139404296875
200.04629516601562,78.5469970703125,113.67009735107422,153.09109497070312
201.61129760742188,74.17320251464844,103.79409790039062,163.6569061279297
195.55409240722656,77.25859832763672,106.56330108642578,160.41610717773438
191.6875,77.32469940185547,112.1406021118164,159.8502960205078
189.36019897460938,71.20890045166016,110.77880096435547,158.71400451660156
190.5915985107422,71.5186996459961,114.3324966430664,162.2534942626953
192.2386016845703,72.62310028076172,103.35690307617188,159.93080139160156
192.46800231933594,72.50090026855469,101.48429870605469,164.98370361328125
192.61109924316406,71.17060089111328,102.01719665527344,163.39370727539062
192.0225067138672,61.99420166015625,95.1781997680664,173.3217010498047
190.8778076171875,65.72750091552734,96.20189666748047,171.2655029296875
187.12269592285156,57.964599609375,103.73989868164062,177.2053985595703
185.30349731445312,60.92940139770508,102.9801025390625,173.80979919433594
179.03109741210938,60.67660140991211,104.1416015625,171.3155975341797
166.1179962158203,56.71839904785156,112.53589630126953,175.31509399414062
177.41929626464844,54.529701232910156,100.15869903564453,176.51669311523438
176.7230987548828,57.989601135253906,95.17330169677734,173.23660278320312
182.00360107421875,53.64039993286133,89.12470245361328,177.80880737304688
185.79379272460938,52.97529983520508,82.40270233154297,179.3477020263672
184.59120178222656,56.31129837036133,84.3584976196289,178.28289794921875
187.6844940185547,53.76279830932617,85.95079803466797,176.56790161132812
191.21080017089844,60.34170150756836,87.50640106201172,175.1280975341797
190.397705078125,56.847801208496094,82.45989990234375,176.35670471191406
186.0758056640625,62.801998138427734,103.33889770507812,168.88059997558594
189.33309936523438,66.20189666748047,79.22419738769531,164.19329833984375
188.04739379882812,72.22049713134766,80.01309967041016,160.71780395507812
187.43649291992188,69.31849670410156,81.5824966430664,158.5478057861328
186.99969482421875,81.1063003540039,82.50569915771484,150.20350646972656
188.95339965820312,80.72930145263672,75.10160064697266,152.0222930908203
187.18789672851562,79.59860229492188,83.45890045166016,150.6071014404297
191.47279357910156,84.28279876708984,83.86589813232422,148.0301971435547
192.997802734375,82.94529724121094,85.51909637451172,147.6331024169922
192.69900512695312,85.37090301513672,88.4990005493164,148.09719848632812
191.80160522460938,84.32740020751953,85.86799621582031,149.89309692382812
194.22940063476562,88.87069702148438,81.4124984741211,148.0146026611328
186.81219482421875,84.00129699707031,91.32389831542969,149.36199951171875
188.25210571289062,85.18219757080078,90.99440002441406,148.88760375976562
190.38949584960938,81.17120361328125,91.09729766845703,153.1053924560547
196.4232940673828,83.01360321044922,88.77559661865234,150.79640197753906
192.79110717773438,80.15399932861328,102.98470306396484,153.34320068359375
196.5211944580078,77.06809997558594,93.72000122070312,159.85060119628906
194.50010681152344,75.0259017944336,104.36029815673828,154.06869506835938
201.1165008544922,71.40229797363281,94.04530334472656,160.28509521484375
200.82269287109375,72.94270324707031,95.06819915771484,159.61300659179688
200.30239868164062,74.9666976928711,96.13310241699219,156.36410522460938
200.3520050048828,72.41459655761719,93.96170043945312,157.48959350585938
198.71409606933594,68.46600341796875,99.92919921875,161.66110229492188
199.61300659179688,72.07679748535156,99.10700225830078,160.5998992919922
192.22650146484375,68.35179901123047,106.24810028076172,164.2624053955078
194.9832000732422,58.01620101928711,101.17739868164062,169.71640014648438
202.7454071044922,62.44089889526367,87.60800170898438,172.8365936279297
201.93350219726562,56.599300384521484,88.76170349121094,176.0941925048828
199.02630615234375,63.56230163574219,90.68689727783203,172.53640747070312
197.0500030517578,56.644100189208984,92.67040252685547,176.59120178222656
202.4080047607422,57.85860061645508,86.29720306396484,177.9748992919922
200.23179626464844,58.799800872802734,89.70719909667969,176.82620239257812
202.11019897460938,59.22520065307617,83.00279998779297,176.97830200195312
201.58590698242188,55.986000061035156,80.71420288085938,178.8668975830078
197.97189331054688,55.49509811401367,85.24949645996094,176.52020263671875
201.21859741210938,58.277801513671875,82.59040069580078,174.61940002441406
204.23300170898438,55.422000885009766,80.3230972290039,177.44850158691406
199.0968017578125,50.69279861450195,84.89710235595703,180.99769592285156
195.29849243164062,51.098201751708984,89.63760375976562,178.43089294433594
200.05029296875,55.545799255371094,82.82109832763672,178.59970092773438
205.8437042236328,56.051300048828125,81.1312026977539,182.78329467773438
202.6531982421875,52.94580078125,85.67250061035156,181.8341064453125
191.64779663085938,55.563899993896484,97.58170318603516,179.10040283203125
196.56590270996094,51.577301025390625,92.21730041503906,182.23609924316406
196.74879455566406,51.40999984741211,92.1405029296875,183.24490356445312
198.97439575195312,48.45370101928711,89.18399810791016,182.16549682617188
198.4716033935547,56.022499084472656,89.91840362548828,183.21839904785156
197.39630126953125,55.077598571777344,92.0509033203125,176.37139892578125
194.40139770507812,59.364200592041016,97.4113998413086,180.3256072998047
197.22369384765625,51.361698150634766,95.33309936523438,182.4071044921875
199.29119873046875,57.892799377441406,85.7490005493164,180.76910400390625
195.10769653320312,61.2130012512207,88.29540252685547,175.46690368652344
198.5655975341797,58.1432991027832,85.77249908447266,178.9217987060547
197.9167022705078,61.07569885253906,82.56990051269531,176.076904296875
195.5749969482422,67.10330200195312,87.97879791259766,177.82769775390625
193.7863006591797,63.91460037231445,90.42289733886719,172.09750366210938
194.45350646972656,71.95449829101562,91.35099792480469,168.56280517578125
192.1676025390625,67.00029754638672,92.15760040283203,171.2216033935547
192.07640075683594,66.22979736328125,88.00350189208984,173.6925048828125
190.28439331054688,69.30400085449219,96.64820098876953,171.89590454101562
188.18710327148438,64.131103515625,98.32830047607422,175.99490356445312
189.42010498046875,72.36419677734375,99.46929931640625,167.32969665527344
188.36160278320312,75.97989654541016,100.56849670410156,165.5594940185547
191.72799682617188,69.6072998046875,99.76940155029297,172.6884002685547
191.27859497070312,66.01809692382812,101.46170043945312,176.45050048828125
191.0207977294922,67.99330139160156,102.47570037841797,176.2303009033203
191.96820068359375,58.803199768066406,102.38400268554688,186.11419677734375
193.76170349121094,60.60850143432617,104.89949798583984,186.95509338378906
198.095703125,61.559898376464844,106.42060089111328,184.25709533691406
201.97210693359375,50.18009948730469,107.79630279541016,197.3820037841797
204.73770141601562,48.12099838256836,109.59850311279297,202.87429809570312
209.3343048095703,44.6327018737793,108.50279998779297,200.44119262695312
213.38900756835938,48.6796989440918,107.78829956054688,202.6479034423828
221.11300659179688,42.117401123046875,102.0426025390625,203.9882049560547
225.52389526367188,43.81529998779297,100.58360290527344,207.74209594726562
226.97560119628906,47.40850067138672,98.314697265625,200.41290283203125
229.2747039794922,43.311500549316406,102.78199768066406,208.0052032470703
236.8419952392578,45.44710159301758,95.45149993896484,204.8625946044922
243.4080047607422,41.14500045776367,90.7708969116211,205.92010498046875
243.0811004638672,40.863800048828125,97.5199966430664,208.6885986328125
244.2563934326172,44.42100143432617,99.52149963378906,209.4362030029297
245.44020080566406,44.08089828491211,99.98999786376953,206.86349487304688
244.90199279785156,40.00320053100586,102.95240020751953,209.03309631347656
239.7313995361328,37.924400329589844,112.90509796142578,214.76919555664062
252.85079956054688,30.1481990814209,100.86830139160156,226.72320556640625
254.54080200195312,29.447099685668945,98.31829833984375,220.28570556640625
258.1315002441406,28.846500396728516,91.368896484375,229.27040100097656
259.0643005371094,29.34280014038086,102.51599884033203,220.95489501953125
256.3440856933594,27.582000732421875,102.66690063476562,223.99400329589844
255.88479614257812,27.515300750732422,98.69830322265625,220.6269073486328
253.08779907226562,29.82430076599121,91.24479675292969,222.04840087890625
248.8582000732422,26.565399169921875,95.07029724121094,222.8708038330078
242.1676025390625,19.824100494384766,102.63819885253906,228.45289611816406
238.23500061035156,26.41830062866211,103.06809997558594,223.65260314941406
234.0446014404297,31.489299774169922,101.3572006225586,223.18919372558594
228.15220642089844,31.839799880981445,95.42839813232422,216.0323028564453
218.43629455566406,30.14550018310547,91.70369720458984,216.15530395507812
213.1490020751953,33.27080154418945,89.5636978149414,216.12669372558594
203.2626953125,35.30390167236328,119.13680267333984,212.35400390625
189.30209350585938,33.49850082397461,127.7157974243164,213.6562042236328
182.9105987548828,40.19300079345703,124.87030029296875,209.18460083007812
171.03759765625,46.298099517822266,127.45800018310547,200.2635040283203
163.79629516601562,41.25310134887695,128.6990966796875,202.29840087890625
154.2653045654297,39.602500915527344,131.2843017578125,201.6204071044922
148.68150329589844,42.08110046386719,144.15969848632812,202.94419860839844
136.7761993408203,46.01070022583008,156.0740966796875,194.5063934326172
126.77030181884766,42.009700775146484,162.09890747070312,196.47909545898438
124.12149810791016,39.23720169067383,158.2595977783203,206.5980987548828
115.45870208740234,42.68349838256836,177.65440368652344,201.81410217285156
132.97560119628906,52.57789993286133,138.0657958984375,185.9951934814453
139.69119262695312,51.08089828491211,129.7740020751953,188.38540649414062
138.71580505371094,54.42399978637695,122.07929992675781,185.87890625
131.9053955078125,50.754398345947266,133.43020629882812,183.50160217285156
128.00799560546875,51.880001068115234,130.72830200195312,189.1562957763672
116.19609832763672,50.918399810791016,143.33169555664062,185.19900512695312
116.06490325927734,53.96120071411133,144.90890502929688,186.73910522460938
113.22309875488281,54.25979995727539,142.3126983642578,184.39610290527344
113.10220336914062,47.339698791503906,143.5012969970703,190.60189819335938
111.89340209960938,54.41699981689453,149.22560119628906,186.4427032470703
111.39859771728516,54.839500427246094,151.9532012939453,185.28489685058594
113.381103515625,61.52510070800781,155.19329833984375,177.65939331054688
118.26570129394531,58.485198974609375,147.002197265625,179.69119262695312
117.87300109863281,57.497798919677734,144.3948974609375,181.62120056152344
125.78399658203125,55.23899841308594,121.26740264892578,185.40769958496094
120.04450225830078,46.452598571777344,127.29540252685547,187.0699005126953
117.25640106201172,52.44200134277344,132.37010192871094,182.5561065673828
123.43769836425781,48.78559875488281,120.33660125732422,191.07679748535156
125.86380004882812,49.8734016418457,115.19180297851562,186.0500946044922
135.55479431152344,49.86180114746094,110.87100219726562,188.3957977294922
134.6490936279297,49.39179992675781,127.32430267333984,187.29159545898438
122.95850372314453,44.284400939941406,135.17779541015625,191.22979736328125
127.66459655761719,43.38819885253906,140.3863983154297,190.08279418945312
119.28009796142578,40.92219924926758,147.40020751953125,195.6772003173828
124.40509796142578,40.866798400878906,144.95359802246094,203.0738983154297
127.7345962524414,39.63610076904297,128.49819946289062,198.12869262695312
128.8488006591797,35.32939910888672,129.1221923828125,200.28460693359375
130.83949279785156,34.3942985534668,120.14140319824219,207.85800170898438
134.12130737304688,34.56700134277344,115.96530151367188,204.7104949951172
132.34620666503906,30.77280044555664,128.345703125,208.0644989013672
136.6750030517578,26.542600631713867,130.48980712890625,209.56539916992188
139.06910705566406,27.857799530029297,118.12960052490234,213.9438934326172
140.1448974609375,29.707399368286133,119.80829620361328,213.42469787597656
144.408203125,34.59640121459961,110.22750091552734,206.41140747070312
147.40139770507812,49.40950012207031,109.16429901123047,197.56649780273438
150.0605926513672,55.58219909667969,101.94930267333984,187.05169677734375
150.27969360351562,64.15679931640625,88.61170196533203,182.69979858398438
149.06739807128906,69.06549835205078,94.11409759521484,174.09410095214844
149.01280212402344,85.37069702148438,93.7155990600586,159.17489624023438
150.67990112304688,94.45249938964844,91.39299774169922,148.39120483398438
149.58349609375,97.39700317382812,91.81340026855469,148.0552978515625
153.10780334472656,96.26920318603516,93.86299896240234,148.43890380859375
149.25250244140625,102.35759735107422,96.61319732666016,151.1956024169922
140.67010498046875,103.67400360107422,112.5322036743164,138.6156005859375
136.9051055908203,105.4917984008789,117.38529968261719,141.2519073486328
139.54449462890625,102.8916015625,106.37460327148438,141.9429931640625
143.785400390625,102.91449737548828,100.74800109863281,144.63470458984375
134.40159606933594,96.04630279541016,113.72650146484375,146.17430114746094
140.39089965820312,106.55909729003906,98.51020050048828,147.6875
134.9600067138672,103.03160095214844,106.58769989013672,142.52059936523438
128.8419952392578,102.24870300292969,125.36940002441406,142.99940490722656
132.32000732421875,100.87950134277344,120.62799835205078,138.0718994140625
143.10020446777344,98.0863037109375,104.21209716796875,144.30499267578125
151.15220642089844,91.58439636230469,93.57009887695312,151.00830078125
157.27850341796875,84.43360137939453,84.97100067138672,152.37710571289062
154.19540405273438,88.41829681396484,86.73410034179688,151.99510192871094
145.54660034179688,79.88719940185547,102.16449737548828,158.64320373535156
153.4394989013672,81.86869812011719,106.45230102539062,159.08180236816406
161.3253936767578,80.5436019897461,110.35220336914062,156.72329711914062
172.56649780273438,73.42949676513672,104.03700256347656,162.57260131835938
178.63369750976562,88.3134994506836,88.11830139160156,153.87840270996094
187.2178955078125,89.62030029296875,72.79080200195312,146.79859924316406
187.0487060546875,98.66729736328125,75.32050323486328,142.564697265625
181.64230346679688,89.22840118408203,90.02619934082031,143.2104949951172
174.3538055419922,96.81410217285156,102.37740325927734,140.44419860839844
176.52040100097656,96.77230072021484,95.34130096435547,134.5167999267578
186.2935028076172,91.14810180664062,81.85980224609375,134.6092071533203
190.82049560546875,96.48139953613281,76.61470031738281,135.32040405273438
202.83290100097656,98.00160217285156,61.861698150634766,130.8148956298828
206.00869750976562,98.34960174560547,67.7029037475586,133.4055938720703
211.9593048095703,94.9802017211914,69.6895980834961,135.30360412597656
213.6710968017578,91.54840087890625,63.10340118408203,139.51449584960938
220.96249389648438,94.34220123291016,57.52640151977539,135.42059326171875
217.5030975341797,94.77110290527344,63.89400100708008,133.5166015625
224.25729370117188,90.45110321044922,65.07250213623047,135.7032928466797
222.01190185546875,84.90619659423828,75.23709869384766,141.92100524902344
218.1717071533203,80.99199676513672,85.29550170898438,146.701904296875
210.25559997558594,87.16410064697266,98.75869750976562,137.335693359375
218.0531005859375,87.0374984741211,96.6906967163086,139.16259765625
225.2720947265625,77.43910217285156,87.1344985961914,147.31820678710938
225.5843048095703,77.07649993896484,84.4114990234375,145.19639587402344
221.84140014648438,77.24469757080078,84.27549743652344,145.83779907226562
218.67999267578125,74.44950103759766,79.87809753417969,147.99920654296875
225.6824951171875,73.65950012207031,65.57510375976562,147.4936065673828
216.96629333496094,70.6427001953125,68.43309783935547,148.32200622558594
216.7624969482422,77.7958984375,62.981998443603516,142.6291046142578
210.85130310058594,75.3467025756836,62.83169937133789,143.0883026123047
205.2263946533203,77.747802734375,64.5790023803711,140.44700622558594
199.43350219726562,82.58270263671875,66.63739776611328,136.46470642089844
201.85899353027344,88.69429779052734,54.957000732421875,130.560302734375
198.59140014648438,91.4740982055664,56.25619888305664,127.7229995727539
196.6457061767578,90.57839965820312,57.370399475097656,121.78839874267578
194.6298065185547,97.06880187988281,62.20090103149414,120.78730010986328
196.01199340820312,103.64530181884766,79.88670349121094,111.36090087890625
188.89300537109375,104.25879669189453,77.7771987915039,111.42980194091797
192.54469299316406,101.69519805908203,70.78089904785156,105.11820220947266
189.61630249023438,104.54859924316406,68.57949829101562,112.21749877929688
185.49560546875,102.0093994140625,70.918701171875,111.89330291748047
187.24220275878906,105.84760284423828,75.67469787597656,109.33290100097656
188.65750122070312,104.3458023071289,77.12689971923828,111.19049835205078
184.5258026123047,102.38749694824219,82.08070373535156,111.22219848632812
184.76589965820312,100.28829956054688,81.67400360107422,113.3219985961914
182.45660400390625,103.08679962158203,79.37439727783203,113.82420349121094
178.160400390625,101.64309692382812,77.36540222167969,113.52680206298828
175.8188018798828,104.3843994140625,73.04429626464844,112.24530029296875
175.7877960205078,103.27510070800781,76.92739868164062,111.1458969116211
173.69650268554688,100.74169921875,74.5071029663086,110.67310333251953
171.66580200195312,102.67579650878906,74.6489028930664,112.23249816894531
173.70480346679688,105.86650085449219,72.8136978149414,112.38939666748047
177.8354034423828,106.85449981689453,70.31230163574219,107.30899810791016
183.0718994140625,106.40950012207031,65.42659759521484,109.09619903564453
181.75430297851562,105.84290313720703,68.17680358886719,110.36499786376953
180.37240600585938,105.7666015625,70.77790069580078,112.36019897460938
179.26939392089844,105.12229919433594,70.50279998779297,111.64869689941406
179.52169799804688,104.86129760742188,75.2605972290039,112.15019989013672
174.8656005859375,106.13259887695312,85.11869812011719,112.83110046386719
173.08090209960938,103.96520233154297,84.11009979248047,113.35790252685547
172.47340393066406,106.14309692382812,81.34839630126953,115.47709655761719
169.6551055908203,107.86579895019531,86.56060028076172,107.12650299072266
177.52980041503906,117.07869720458984,84.55069732666016,103.49079895019531
187.2133026123047,114.15799713134766,78.95050048828125,106.8396987915039
187.98300170898438,113.52960205078125,86.318603515625,108.27539825439453
191.5279998779297,119.23059844970703,83.73889923095703,101.97730255126953
188.93429565429688,115.89230346679688,90.15660095214844,104.09850311279297
192.60659790039062,119.67259979248047,87.97119903564453,103.19730377197266
195.6049041748047,115.98619842529297,86.56690216064453,107.4312973022461
195.3072967529297,110.84380340576172,86.81549835205078,112.63130187988281
193.88479614257812,110.34629821777344,84.44640350341797,110.29609680175781
189.6728057861328,115.27189636230469,85.5302963256836,105.7384033203125
188.3242950439453,109.091796875,87.84359741210938,107.85880279541016
185.28030395507812,105.4822998046875,82.11180114746094,116.46859741210938
185.889404296875,104.89939880371094,76.2573013305664,112.88179779052734
184.53689575195312,98.7261962890625,73.11150360107422,119.50789642333984
184.33900451660156,90.01360321044922,71.37750244140625,128.32420349121094
188.53359985351562,78.23590087890625,63.47159957885742,138.4257049560547
187.53050231933594,72.89630126953125,65.23809814453125,143.7917022705078
181.53489685058594,66.76830291748047,68.36609649658203,148.88229370117188
180.56520080566406,70.10749816894531,65.48819732666016,149.09629821777344
183.69039916992188,58.94049835205078,61.66080093383789,158.21800231933594
190.19509887695312,67.82039642333984,49.07849884033203,147.9541015625
191.57020568847656,69.57260131835938,52.91210174560547,146.2001953125
190.50250244140625,65.51380157470703,52.902099609375,151.08929443359375
186.79200744628906,64.85099792480469,58.9640998840332,150.0677032470703
189.6802978515625,68.55000305175781,61.738800048828125,144.75509643554688
192.8361053466797,71.71209716796875,65.29080200195312,137.97659301757812
192.24270629882812,73.65910339355469,68.74019622802734,136.89410400390625
190.43409729003906,62.15399932861328,78.41529846191406,147.37969970703125
192.7476043701172,66.56849670410156,82.80850219726562,144.8311004638672
193.4326934814453,72.64710235595703,99.30400085449219,134.92160034179688
195.6645965576172,72.62100219726562,101.4031982421875,139.05709838867188
196.7615966796875,77.42520141601562,107.55439758300781,129.92640686035156
199.83380126953125,76.11360168457031,105.7239990234375,130.5885009765625
204.9156951904297,74.6427001953125,104.49549865722656,130.52340698242188
209.4250030517578,71.277099609375,109.64360046386719,131.88150024414062
214.05520629882812,60.05550003051758,112.51429748535156,141.281005859375
218.72520446777344,62.40599822998047,111.20020294189453,140.86070251464844
226.68930053710938,56.91740036010742,104.33480072021484,143.46969604492188
227.9990997314453,69.57440185546875,108.17919921875,140.8350067138672
226.31239318847656,67.97039794921875,115.5593032836914,131.26950073242188
234.40359497070312,66.8949966430664,106.68509674072266,133.52000427246094
241.24929809570312,68.44999694824219,101.14779663085938,131.8175048828125
243.59800720214844,72.01100158691406,97.393798828125,131.1248016357422
250.33599853515625,58.05039978027344,86.89559936523438,142.2310028076172
254.4813995361328,58.22249984741211,84.07129669189453,144.172607421875
250.46319580078125,54.764400482177734,91.30290222167969,142.5865020751953
254.77059936523438,62.23749923706055,86.80020141601562,137.98269653320312
255.91650390625,59.79389953613281,87.3031005859375,146.15789794921875
260.88751220703125,62.20600128173828,81.48390197753906,145.8695068359375
259.3611145019531,55.9015998840332,84.96790313720703,149.8531036376953
266.2318115234375,58.76940155029297,83.13289642333984,149.5321044921875
271.6838073730469,49.48249816894531,79.18240356445312,157.93020629882812
271.0190124511719,43.79169845581055,82.66999816894531,166.11329650878906
266.8409118652344,40.008201599121094,89.58920288085938,170.05020141601562
268.0513000488281,37.37480163574219,87.48370361328125,173.83770751953125
266.3406982421875,34.184898376464844,86.4083023071289,176.50430297851562
260.51971435546875,31.8031005859375,93.30339813232422,181.94740295410156
259.7755126953125,28.234800338745117,90.17359924316406,184.2259063720703
263.1505126953125,29.034500122070312,77.41899871826172,183.6584014892578
258.4507141113281,25.402700424194336,80.80680084228516,192.64329528808594
256.4794921875,25.042600631713867,81.783203125,193.89439392089844
252.81539916992188,28.66349983215332,84.6156997680664,195.34910583496094
244.8594970703125,36.21580123901367,94.45880126953125,188.2736053466797
240.63589477539062,45.86650085449219,101.19609832763672,180.03219604492188
230.9656982421875,36.210201263427734,113.42559814453125,196.4241943359375
225.13400268554688,39.74850082397461,120.43720245361328,193.30299377441406
221.57530212402344,39.660701751708984,130.12579345703125,200.49639892578125
215.6829071044922,32.55390167236328,139.2725067138672,206.55889892578125
201.6558074951172,38.6713981628418,160.25430297851562,209.05909729003906
193.7559051513672,52.11220169067383,169.72900390625,203.29049682617188
185.0847930908203,48.27320098876953,176.9040069580078,207.51809692382812
185.70860290527344,50.191898345947266,173.62710571289062,214.1949005126953
181.91969299316406,46.870399475097656,165.96029663085938,217.514892578125
167.4595947265625,38.7067985534668,171.58920288085938,226.2729949951172
172.0592041015625,30.13290023803711,155.8502960205078,240.98519897460938
140.82640075683594,29.140199661254883,173.82240295410156,236.79649353027344
127.31320190429688,23.269699096679688,176.3791046142578,244.2947998046875
103.56620025634766,12.911600112915039,191.65750122070312,260.8085021972656
129.6383056640625,5.75629997253418,151.02099609375,266.0257873535156
128.26629638671875,12.041500091552734,140.70010375976562,269.105712890625
124.5551986694336,7.514699935913086,132.89340209960938,266.2547912597656
100.82230377197266,4.400700092315674,125.12310028076172,272.6029968261719
101.36620330810547,3.2843000888824463,131.34730529785156,271.19879150390625
90.63500213623047,5.225800037384033,153.57220458984375,235.47230529785156
78.76339721679688,9.930800437927246,166.7498016357422,205.54080200195312
71.27909851074219,9.017800331115723,170.93679809570312,221.34530639648438
70.94309997558594,11.684499740600586,170.00430297851562,239.66439819335938
55.094600677490234,16.155899047851562,215.14320373535156,236.41189575195312
54.827701568603516,20.34869956970215,256.5466003417969,236.2969970703125
22.338600158691406,43.22129821777344,236.67750549316406,212.01939392089844
43.86819839477539,47.1864013671875,200.80740356445312,208.69239807128906
46.097599029541016,52.202701568603516,175.7718048095703,222.30239868164062
47.15480041503906,56.90169906616211,174.8289031982422,219.19500732421875
40.74599838256836,59.83319854736328,175.1824951171875,214.26620483398438
24.173599243164062,68.23090362548828,208.8175048828125,203.8542022705078
22.503299713134766,70.8917007446289,204.4998016357422,196.19920349121094
21.498199462890625,77.3584976196289,192.79660034179688,193.9114990234375
31.47410011291504,75.76619720458984,166.6728973388672,190.0070037841797
39.08700180053711,92.9220962524414,149.56649780273438,179.03700256347656
34.666099548339844,84.5988998413086,156.9539031982422,180.4990997314453
47.8921012878418,84.73470306396484,138.68179321289062,176.9936981201172
53.810001373291016,86.98600006103516,130.20809936523438,175.50819396972656
47.62139892578125,93.66919708251953,137.78919982910156,165.30419921875
46.918800354003906,98.77339935302734,137.2082977294922,157.03160095214844
46.53010177612305,99.98870086669922,137.64700317382812,148.535400390625
50.37730026245117,103.6229019165039,130.21270751953125,141.68609619140625
58.6796989440918,96.88500213623047,123.27290344238281,137.86090087890625
55.95119857788086,99.00920104980469,129.36109924316406,139.4134979248047
70.55349731445312,88.74980163574219,121.58070373535156,143.43699645996094
70.56600189208984,94.48090362548828,115.5999984741211,139.1508026123047
81.96920013427734,81.89620208740234,118.69490051269531,144.43190002441406
84.23200225830078,86.75180053710938,107.50240325927734,140.40350341796875
94.00890350341797,82.27330017089844,95.46530151367188,141.14309692382812
98.30870056152344,91.93409729003906,85.85310363769531,131.56829833984375
91.71320343017578,90.33159637451172,95.81559753417969,123.99089813232422
91.3864974975586,84.87840270996094,96.61319732666016,128.67599487304688
87.69879913330078,86.23780059814453,100.15850067138672,126.94609832763672
86.9999008178711,90.02100372314453,104.46959686279297,122.75679779052734
84.21389770507812,84.28399658203125,113.20980072021484,126.50060272216797
82.1613998413086,85.94940185546875,117.54419708251953,123.60449981689453
85.54910278320312,81.35030364990234,117.36840057373047,129.11959838867188
82.5282974243164,85.45110321044922,118.48739624023438,120.68779754638672
88.15789794921875,87.5813980102539,114.31269836425781,121.17030334472656
90.58540344238281,81.81880187988281,115.55819702148438,125.37689971923828
105.7479019165039,83.2063980102539,92.00260162353516,123.868896484375
104.47360229492188,85.23370361328125,95.42279815673828,121.1178970336914
115.83789825439453,88.92469787597656,80.9011001586914,117.30549621582031
116.02649688720703,90.72959899902344,81.18299865722656,111.27529907226562
112.7427978515625,92.19960021972656,90.47650146484375,110.83499908447266
113.27619934082031,88.3135986328125,88.09760284423828,116.55989837646484
112.5426025390625,88.10430145263672,90.4384994506836,116.80909729003906
112.2166976928711,86.81999969482422,93.92579650878906,117.54149627685547
120.341796875,90.31420135498047,87.35649871826172,113.52570343017578
120.67220306396484,85.0199966430664,83.43720245361328,118.94560241699219
134.78199768066406,86.20330047607422,78.11910247802734,117.04000091552734
136.68280029296875,83.96659851074219,78.29650115966797,113.93229675292969
138.4449005126953,79.24040222167969,76.1104965209961,122.32099914550781
141.6652069091797,83.22090148925781,71.11180114746094,118.34420013427734
139.97019958496094,83.41220092773438,73.48880004882812,115.1635971069336
138.07069396972656,84.65859985351562,77.41919708251953,115.47100067138672
141.44590759277344,84.13700103759766,73.20439910888672,115.4292984008789
135.00439453125,83.45320129394531,81.15950012207031,114.96499633789062
142.03359985351562,84.9917984008789,85.23789978027344,116.21029663085938
143.55209350585938,88.28500366210938,82.82099914550781,111.22599792480469
140.59109497070312,97.6332015991211,93.91919708251953,105.560302734375
139.82659912109375,94.97920227050781,100.44039916992188,105.75150299072266
137.87680053710938,88.44180297851562,108.94280242919922,114.92749786376953
136.68409729003906,90.55619812011719,110.91000366210938,114.43800354003906
133.75140380859375,82.49960327148438,119.56849670410156,120.67759704589844
129.50079345703125,86.74629974365234,124.90170288085938,119.51750183105469
131.66549682617188,83.07520294189453,124.35230255126953,122.68190002441406
131.3240966796875,82.29429626464844,126.20069885253906,125.09770202636719
130.78990173339844,79.55400085449219,128.01210021972656,125.90070343017578
132.77450561523438,79.56900024414062,123.693603515625,125.66410064697266
137.6295928955078,69.6051025390625,122.16809844970703,134.85980224609375
139.010498046875,67.84940338134766,125.32379913330078,141.14590454101562
144.1414031982422,72.07890319824219,110.4728012084961,135.98660278320312
144.24139404296875,75.4175033569336,107.21710205078125,130.66009521484375
151.79539489746094,64.80180358886719,106.81680297851562,144.08990478515625
