1
208.08270263671875,84.57379913330078,132.5323944091797,136.26870727539062
216.12049865722656,76.52030181884766,136.01739501953125,137.5928955078125
218.5529022216797,83.55490112304688,137.69039916992188,134.6262969970703
226.44200134277344,81.34410095214844,128.19189453125,136.22030639648438
227.14610290527344,74.32160186767578,133.63580322265625,147.39759826660156
226.56280517578125,76.34400177001953,126.80809783935547,144.04110717773438
214.5944061279297,72.36620330810547,127.6134033203125,150.781494140625
219.7718963623047,73.78479766845703,108.61869812011719,149.8531951904297
225.39500427246094,71.45780181884766,94.72589874267578,154.79989624023438
222.6571044921875,69.57980346679688,96.22370147705078,155.5366973876953
220.71249389648438,65.4386978149414,96.9375,162.68919372558594
214.1544952392578,67.00460052490234,106.24040222167969,158.69540405273438
220.82809448242188,63.06010055541992,96.91709899902344,165.15060424804688
206.34429931640625,68.21829986572266,109.7968978881836,166.29209899902344
207.16549682617188,67.0000991821289,103.79109954833984,161.83990478515625
203.16380310058594,63.187198638916016,98.50270080566406,161.36099243164062
185.90870666503906,68.41780090332031,105.89009857177734,156.94940185546875
173.73519897460938,70.59850311279297,108.8573989868164,154.93760681152344
173.78860473632812,67.60430145263672,106.03700256347656,156.76699829101562
170.41969299316406,70.29029846191406,100.49019622802734,154.6363067626953
168.22579956054688,65.37989807128906,100.94270324707031,159.60450744628906
165.1282958984375,63.42279815673828,94.21739959716797,164.8415985107422
163.28709411621094,56.93109893798828,104.4719009399414,170.685302734375
158.11630249023438,58.834800720214844,110.79669952392578,170.74400329589844
156.9272003173828,58.64390182495117,121.62149810791016,173.54559326171875
150.18319702148438,72.58899688720703,122.85050201416016,166.2052001953125
151.50999450683594,71.26969909667969,115.67900085449219,161.64939880371094
160.2039031982422,71.48560333251953,97.28289794921875,158.84219360351562
157.41209411621094,73.70369720458984,99.13050079345703,165.1027069091797
155.70140075683594,75.28070068359375,99.06420135498047,162.7154998779297
160.95860290527344,81.1448974609375,91.06929779052734,157.36680603027344
154.66799926757812,88.0999984741211,96.38259887695312,152.05630493164062
148.78590393066406,82.24250030517578,107.08509826660156,163.3531036376953
141.0792999267578,88.54930114746094,118.57669830322266,145.6226043701172
135.1002960205078,95.42220306396484,128.30999755859375,140.00270080566406
133.60890197753906,95.61389923095703,133.97479248046875,148.8968963623047
128.22610473632812,89.31770324707031,143.7982940673828,145.95309448242188
128.74139404296875,97.53630065917969,136.95050048828125,150.781005859375
130.8759002685547,93.61129760742188,144.97509765625,149.2324981689453
132.22970581054688,92.03910064697266,152.16419982910156,144.17230224609375
135.34719848632812,93.53710174560547,143.23309326171875,147.5832061767578
141.9387969970703,93.5386962890625,137.4282989501953,149.8448944091797
149.74229431152344,83.09839630126953,132.85040283203125,148.82589721679688
161.1768035888672,89.95960235595703,121.41850280761719,149.69859313964844
165.9033966064453,92.5281982421875,119.96759796142578,149.2165985107422
168.52699279785156,88.16280364990234,109.6708984375,153.0989990234375
172.22239685058594,90.23210144042969,107.50569915771484,150.05259704589844
165.68809509277344,88.53119659423828,111.92320251464844,146.722900390625
168.9528045654297,87.17729949951172,108.52040100097656,154.98980712890625
167.32069396972656,86.6270980834961,110.22760009765625,152.30389404296875
162.1118927001953,86.9740982055664,122.86209869384766,153.36729431152344
160.79010009765625,88.71849822998047,125.75170135498047,147.55819702148438
163.29400634765625,92.01699829101562,124.66239929199219,146.4586944580078
161.13070678710938,93.697998046875,134.76629638671875,149.78289794921875
159.2801971435547,84.53500366210938,151.8332977294922,154.45419311523438
151.96800231933594,78.54640197753906,168.8856964111328,165.34230041503906
151.23309326171875,75.38510131835938,170.9250030517578,167.04029846191406
161.6887969970703,73.66960144042969,157.24029541015625,169.83990478515625
160.59429931640625,72.71959686279297,163.16949462890625,168.16529846191406
159.77349853515625,79.62480163574219,168.0926971435547,159.0366973876953
160.95790100097656,78.3738021850586,171.8300018310547,161.5532989501953
173.07350158691406,63.257598876953125,158.0196075439453,177.15499877929688
172.6739044189453,70.14099884033203,161.98779296875,169.3321075439453
172.2740020751953,69.22709655761719,163.37010192871094,169.27059936523438
189.62770080566406,68.71040344238281,134.79229736328125,169.29750061035156
189.99969482421875,69.65599822998047,132.85459899902344,168.91299438476562
205.1020050048828,61.133399963378906,110.7051010131836,176.502197265625
198.46710205078125,62.84519958496094,116.89219665527344,176.90029907226562
201.72850036621094,66.15540313720703,119.68440246582031,172.502197265625
203.23599243164062,63.937801361083984,95.99140167236328,176.97959899902344
202.35470581054688,60.125099182128906,105.51619720458984,173.77529907226562
198.1092071533203,58.52920150756836,112.06210327148438,176.6300048828125
192.28250122070312,55.147098541259766,109.6677017211914,179.02330017089844
186.739501953125,58.55580139160156,120.6488037109375,180.01919555664062
193.39199829101562,57.941001892089844,107.16619873046875,178.86700439453125
184.80479431152344,57.6952018737793,121.82959747314453,181.25790405273438
195.58070373535156,66.49169921875,109.49459838867188,172.36279296875
183.6352996826172,60.20320129394531,136.2241973876953,174.72520446777344
172.41189575195312,69.09120178222656,157.25990295410156,169.55909729003906
172.7274932861328,68.15550231933594,165.16690063476562,163.8657989501953
175.7906036376953,67.97360229492188,167.82620239257812,165.364501953125
180.64169311523438,64.5730972290039,154.59469604492188,171.02760314941406
182.57850646972656,73.33529663085938,153.2061004638672,161.75790405273438
180.87379455566406,76.34600067138672,163.01210021972656,154.8813018798828
185.51780700683594,74.614501953125,164.4857940673828,155.53439331054688
185.5688018798828,78.00389862060547,172.69520568847656,150.3625030517578
187.59539794921875,81.52079772949219,167.21600341796875,153.45550537109375
187.57080078125,80.6416015625,166.22360229492188,151.14219665527344
190.72349548339844,80.63569641113281,150.74240112304688,154.71710205078125
188.7593994140625,81.0020980834961,139.71200561523438,152.06329345703125
196.1573028564453,83.93900299072266,129.08290100097656,155.29010009765625
201.73880004882812,79.21759796142578,123.96900177001953,157.48069763183594
194.0677947998047,81.4291000366211,128.772705078125,162.33909606933594
205.73060607910156,82.49099731445312,112.46080017089844,155.8927001953125
195.1759033203125,83.69229888916016,126.10900115966797,155.62879943847656
203.57850646972656,80.78510284423828,111.74510192871094,160.62600708007812
201.0673065185547,80.1426010131836,114.77549743652344,152.15550231933594
199.67320251464844,84.54019927978516,115.5093994140625,157.10409545898438
193.96499633789062,81.55870056152344,124.52200317382812,157.02740478515625
191.4727020263672,76.3855972290039,120.11239624023438,163.8607940673828
188.73829650878906,73.6803970336914,123.1697998046875,168.18499755859375
192.92599487304688,74.58670043945312,108.58560180664062,163.73109436035156
192.82249450683594,79.3364028930664,107.75849914550781,158.00669860839844
186.96710205078125,76.24620056152344,113.37969970703125,164.49949645996094
173.7908935546875,78.91280364990234,131.6269989013672,156.6313934326172
182.6772003173828,76.84839630126953,116.2052001953125,162.54800415039062
190.88839721679688,74.85780334472656,105.15879821777344,162.52349853515625
190.7191925048828,71.1176986694336,100.81390380859375,169.82550048828125
186.7781982421875,63.004600524902344,103.90789794921875,171.4300994873047
188.24740600585938,72.1281967163086,99.80400085449219,168.88059997558594
177.81080627441406,63.33110046386719,113.93399810791016,173.1374969482422
167.3509979248047,70.29440307617188,129.98829650878906,167.9228973388672
169.72219848632812,63.285701751708984,115.61039733886719,175.5028076171875
158.24009704589844,63.720401763916016,120.65689849853516,173.41600036621094
170.25869750976562,61.903099060058594,111.78980255126953,174.79429626464844
171.4709014892578,61.0452995300293,101.88349914550781,174.4857940673828
180.7176055908203,62.56850051879883,91.4823989868164,172.3780975341797
179.84840393066406,59.916500091552734,89.48519897460938,175.80140686035156
176.64649963378906,56.109100341796875,100.06529998779297,181.0977020263672
180.70860290527344,56.480899810791016,94.22370147705078,178.28309631347656
184.9597930908203,59.62300109863281,97.21160125732422,179.3433074951172
183.07000732421875,59.50809860229492,96.02980041503906,175.93409729003906
183.68499755859375,67.74919891357422,90.71189880371094,172.25140380859375
184.38389587402344,69.91699981689453,89.58989715576172,164.2216033935547
183.88259887695312,71.48650360107422,85.59089660644531,169.66189575195312
181.45159912109375,77.59850311279297,89.63999938964844,163.47950744628906
181.3701934814453,83.71179962158203,86.50060272216797,154.9969024658203
173.4333038330078,84.23200225830078,93.65399932861328,152.04519653320312
177.39930725097656,84.84929656982422,93.44000244140625,148.21929931640625
187.39059448242188,84.04730224609375,86.4364013671875,151.7001953125
189.97720336914062,84.41670227050781,87.5270004272461,151.63189697265625
191.5850067138672,88.64659881591797,85.7925033569336,149.0865020751953
193.74200439453125,86.13359832763672,82.4197998046875,148.94940185546875
185.91110229492188,87.1709976196289,92.20929718017578,156.8616943359375
186.9051971435547,82.71150207519531,89.79910278320312,145.94869995117188
182.7530975341797,87.4447021484375,97.92400360107422,150.28140258789062
186.30709838867188,82.87550354003906,97.28980255126953,146.07240295410156
191.3834991455078,78.23729705810547,96.1001968383789,160.7332000732422
191.14549255371094,73.07879638671875,101.63800048828125,166.11399841308594
182.5803985595703,77.11129760742188,112.06069946289062,155.56210327148438
183.49330139160156,80.86540222167969,120.872802734375,158.25369262695312
192.89340209960938,71.89730072021484,103.4352035522461,157.3903045654297
197.10890197753906,77.19960021972656,99.73210144042969,156.44850158691406
195.49530029296875,78.40599822998047,105.12439727783203,158.3623046875
194.1436004638672,75.03579711914062,101.59929656982422,153.01759338378906
189.3386993408203,75.8280029296875,110.9999008178711,159.6345977783203
195.96200561523438,76.95130157470703,99.78630065917969,159.243896484375
189.70700073242188,75.61150360107422,108.45819854736328,156.0316925048828
182.3820037841797,71.65380096435547,116.25019836425781,163.81820678710938
193.60079956054688,60.81919860839844,101.970703125,167.39849853515625
199.764404296875,63.79719924926758,90.6093978881836,176.72689819335938
191.27369689941406,60.27259826660156,102.08110046386719,177.09500122070312
194.4788055419922,57.04710006713867,95.3729019165039,174.5955047607422
195.5625,67.6635971069336,92.13929748535156,176.7758026123047
195.33819580078125,57.344600677490234,93.87550354003906,176.3406982421875
194.9427947998047,59.637298583984375,90.65039825439453,177.58160400390625
192.12899780273438,51.615501403808594,92.45269775390625,185.1959991455078
190.98590087890625,57.46480178833008,94.12580108642578,179.27659606933594
195.10240173339844,61.26359939575195,89.67269897460938,173.8018035888672
188.31190490722656,60.13560104370117,99.09310150146484,175.09910583496094
189.6501007080078,55.98210144042969,96.85880279541016,180.80340576171875
181.5666961669922,57.45869827270508,104.96849822998047,175.7252960205078
184.3927001953125,60.387901306152344,101.4926986694336,175.62840270996094
187.32960510253906,56.22460174560547,102.88300323486328,179.52310180664062
181.5532989501953,55.80699920654297,112.00090026855469,178.91090393066406
191.40769958496094,64.02210235595703,99.06439971923828,173.4344940185547
192.81199645996094,54.65169906616211,97.4854965209961,177.6938018798828
194.7646026611328,57.56700134277344,93.25189971923828,181.110107421875
196.07730102539062,50.765499114990234,91.52269744873047,184.30479431152344
197.5115966796875,58.823299407958984,89.2322998046875,180.595703125
191.19259643554688,60.707000732421875,98.19229888916016,175.9488983154297
189.3632049560547,66.26080322265625,100.11940002441406,170.48880004882812
195.76849365234375,63.173099517822266,90.66310119628906,171.82020568847656
191.2440948486328,60.94559860229492,95.48390197753906,179.14610290527344
189.97030639648438,66.21410369873047,94.5280990600586,173.9980926513672
190.9178924560547,60.92070007324219,94.04650115966797,179.26559448242188
189.69419860839844,67.31099700927734,94.2344970703125,173.49090576171875
192.9958953857422,67.08550262451172,92.9561996459961,172.7322998046875
194.9658966064453,68.2583999633789,87.46369934082031,174.35740661621094
192.6049041748047,65.87049865722656,91.1803970336914,178.40280151367188
188.2353973388672,64.34320068359375,95.29029846191406,177.57769775390625
187.7111053466797,73.32219696044922,93.67669677734375,169.3303985595703
182.0238037109375,66.57119750976562,107.85399627685547,174.3448944091797
179.42340087890625,75.56900024414062,108.79090118408203,171.8446044921875
180.48480224609375,83.46749877929688,111.24410247802734,162.12789916992188
184.95480346679688,80.59500122070312,102.57630157470703,164.4449005126953
185.77969360351562,77.52690124511719,105.93409729003906,168.4846954345703
187.87440490722656,73.9092025756836,106.92759704589844,170.96319580078125
191.6699981689453,84.23410034179688,101.54129791259766,166.285400390625
191.12969970703125,75.497802734375,106.93219757080078,170.9759063720703
196.38760375976562,72.53810119628906,104.84519958496094,175.41200256347656
192.53529357910156,73.25260162353516,115.82959747314453,176.3572998046875
196.34739685058594,68.84439849853516,114.02490234375,180.8480987548828
200.9696044921875,63.11259841918945,115.29049682617188,189.22799682617188
204.03390502929688,51.93119812011719,118.22229766845703,198.88429260253906
208.2458038330078,49.387699127197266,117.5376968383789,204.76390075683594
216.89439392089844,55.156700134277344,110.7072982788086,198.3896026611328
219.01840209960938,43.75189971923828,109.37229919433594,205.6309051513672
222.85049438476562,48.66389846801758,105.73200225830078,207.6540985107422
224.80630493164062,43.80509948730469,108.17859649658203,210.5998992919922
229.79110717773438,49.77000045776367,106.51270294189453,206.32949829101562
232.76170349121094,48.73360061645508,103.77570343017578,203.85699462890625
234.7357940673828,47.71329879760742,102.70709991455078,211.49400329589844
235.3513946533203,45.257198333740234,106.30889892578125,211.88169860839844
241.05819702148438,44.36629867553711,102.79340362548828,215.07090759277344
246.71470642089844,45.61650085449219,96.53880310058594,212.9945068359375
244.4062042236328,42.07160186767578,106.63529968261719,215.3043975830078
242.79539489746094,40.22740173339844,110.2156982421875,219.70449829101562
246.5821990966797,33.56669998168945,104.70390319824219,225.17950439453125
253.58290100097656,33.00149917602539,100.17009735107422,227.01939392089844
247.35220336914062,34.81079864501953,119.37989807128906,223.7429962158203
247.95880126953125,36.52730178833008,111.33999633789062,220.4936981201172
245.19419860839844,32.689300537109375,106.15360260009766,225.3166961669922
244.743896484375,37.507999420166016,99.43219757080078,219.08270263671875
238.87969970703125,42.91230010986328,95.31829833984375,215.7689971923828
225.05740356445312,31.363500595092773,116.40160369873047,225.6486053466797
223.6529998779297,30.08970069885254,112.96160125732422,224.92869567871094
217.1743927001953,32.52790069580078,114.4093017578125,222.91360473632812
213.44729614257812,34.323299407958984,103.94850158691406,221.11940002441406
215.50509643554688,35.95669937133789,90.65149688720703,214.56689453125
206.5865020751953,39.89950180053711,113.42320251464844,213.8719024658203
196.8114013671875,37.2958984375,114.01799774169922,212.7440948486328
189.4600067138672,35.52629852294922,116.74600219726562,216.27059936523438
173.7978973388672,41.42509841918945,129.50619506835938,207.27740478515625
168.4093017578125,45.447601318359375,131.07980346679688,200.63380432128906
161.08309936523438,49.17449951171875,130.5762939453125,196.57150268554688
147.1219024658203,51.420501708984375,144.99330139160156,190.1717071533203
143.09669494628906,46.38949966430664,145.64990234375,196.93670654296875
139.08859252929688,50.6713981628418,153.28399658203125,194.62249755859375
114.3718032836914,46.496299743652344,176.09449768066406,197.29330444335938
113.39730072021484,48.17890167236328,173.7375946044922,197.73880004882812
127.8821029663086,50.3036994934082,154.48350524902344,194.24639892578125
130.8253936767578,52.246299743652344,142.39959716796875,192.1038055419922
131.1027069091797,58.90810012817383,132.82090759277344,189.8424072265625
130.57980346679688,52.36949920654297,134.2790985107422,188.81619262695312
122.0615005493164,58.78799819946289,146.08360290527344,189.50599670410156
113.42870330810547,58.859901428222656,153.85809326171875,182.60850524902344
118.5197982788086,55.88050079345703,133.82960510253906,186.8404998779297
114.94490051269531,61.23569869995117,140.99969482421875,178.95550537109375
115.98699951171875,63.162498474121094,141.13619995117188,178.0323944091797
111.50779724121094,65.78880310058594,147.42539978027344,175.78160095214844
106.6333999633789,65.45220184326172,153.9481964111328,175.34339904785156
117.99150085449219,60.955501556396484,129.81199645996094,181.05470275878906
115.6333999633789,61.77320098876953,129.8654022216797,177.30039978027344
114.86849975585938,70.76509857177734,143.9521942138672,171.40460205078125
115.41600036621094,70.08319854736328,138.57159423828125,170.67739868164062
119.29170227050781,61.92179870605469,121.95459747314453,181.56820678710938
121.9208984375,63.46630096435547,118.72989654541016,179.78750610351562
117.59590148925781,65.41079711914062,127.87300109863281,173.59080505371094
116.39510345458984,70.07109832763672,131.49569702148438,175.0352020263672
126.67130279541016,59.05120086669922,118.76480102539062,181.85369873046875
137.58180236816406,52.14500045776367,109.97589874267578,187.71359252929688
140.46090698242188,57.37229919433594,94.4646987915039,185.1239013671875
131.35110473632812,50.082298278808594,111.23410034179688,191.67970275878906
132.97369384765625,50.73939895629883,116.01959991455078,190.53680419921875
123.62190246582031,43.53850173950195,135.82589721679688,195.410400390625
122.00700378417969,43.75699996948242,134.17050170898438,197.85670471191406
124.07849884033203,42.9901008605957,137.2772979736328,201.5153045654297
126.05069732666016,43.176300048828125,131.39830017089844,200.68060302734375
122.40270233154297,33.24549865722656,131.93080139160156,208.95140075683594
118.38410186767578,32.0359001159668,140.689697265625,208.3009033203125
125.19869995117188,32.757301330566406,137.57449340820312,208.89990234375
124.6759033203125,33.29650115966797,138.27420043945312,208.09779357910156
127.02130126953125,34.98619842529297,136.23599243164062,207.2415008544922
125.4374008178711,32.440101623535156,143.96080017089844,208.64109802246094
131.26840209960938,49.78390121459961,125.41570281982422,197.701904296875
128.8144989013672,49.9734001159668,129.83180236816406,195.79249572753906
123.05229949951172,59.73320007324219,141.8157958984375,188.3596954345703
126.493896484375,67.06719970703125,131.781494140625,179.2445068359375
126.13800048828125,77.64620208740234,124.59539794921875,177.64089965820312
132.9947967529297,89.69270324707031,115.9469985961914,152.96499633789062
146.98570251464844,89.30709838867188,98.72760009765625,153.60980224609375
139.75840759277344,100.3812026977539,106.09149932861328,151.59339904785156
153.7113037109375,105.01679992675781,88.54000091552734,142.26080322265625
140.47979736328125,109.79019927978516,110.08940124511719,145.8115997314453
137.2113037109375,113.03569793701172,115.71170043945312,134.55250549316406
135.1750946044922,101.59300231933594,118.47129821777344,144.65280151367188
121.23739624023438,107.00039672851562,132.68370056152344,137.2415008544922
130.5821075439453,108.35980224609375,119.07219696044922,142.3336944580078
132.283203125,108.32489776611328,114.8988037109375,140.4600067138672
134.1219024658203,104.44100189208984,107.52410125732422,145.9665985107422
136.32859802246094,109.15390014648438,102.21790313720703,139.79989624023438
139.185302734375,102.77040100097656,96.55490112304688,142.9727020263672
134.20799255371094,106.0438003540039,108.26609802246094,137.96099853515625
144.05039978027344,103.96240234375,91.2936019897461,141.14720153808594
150.4945068359375,96.0969009399414,82.8196029663086,147.57879638671875
144.79739379882812,94.24669647216797,95.00430297851562,148.5915985107422
145.67979431152344,89.2134017944336,104.4072036743164,148.43829345703125
142.25840759277344,86.85980224609375,110.7958984375,153.0131072998047
142.82200622558594,86.71499633789062,124.85050201416016,152.04409790039062
142.2740936279297,82.97530364990234,136.83949279785156,155.4217987060547
139.2176055908203,89.09510040283203,142.0196075439453,153.28370666503906
138.5919952392578,95.59870147705078,141.05349731445312,143.7281036376953
142.43040466308594,97.62409973144531,137.60350036621094,138.502197265625
152.73309326171875,99.19100189208984,130.61549377441406,138.95469665527344
166.03750610351562,104.56169891357422,114.34449768066406,131.94419860839844
168.64500427246094,102.152099609375,110.60559844970703,132.94259643554688
181.53280639648438,98.0884017944336,87.0281982421875,138.35409545898438
180.68179321289062,99.92220306396484,88.0969009399414,132.48910522460938
186.02589416503906,95.7863998413086,88.44249725341797,130.53819274902344
190.42250061035156,101.418701171875,79.91570281982422,134.60079956054688
202.0041961669922,96.14320373535156,70.67310333251953,135.37399291992188
205.27420043945312,99.22810363769531,84.59100341796875,132.752197265625
199.40060424804688,95.89409637451172,87.74819946289062,132.03829956054688
210.472900390625,97.77970123291016,71.160400390625,134.6593017578125
211.41259765625,91.44200134277344,73.05909729003906,136.18150329589844
215.23280334472656,89.82830047607422,76.31009674072266,139.0614013671875
207.39089965820312,92.6946029663086,97.02439880371094,137.17630004882812
218.41690063476562,88.01689910888672,87.30899810791016,140.36129760742188
210.55679321289062,81.05870056152344,97.52420043945312,139.1396942138672
211.85279846191406,86.8822021484375,104.03150177001953,145.28329467773438
216.10569763183594,75.0354995727539,98.34190368652344,144.58599853515625
222.93060302734375,84.08940124511719,83.56800079345703,150.28900146484375
213.52099609375,79.4844970703125,93.40059661865234,142.5540008544922
210.4586944580078,76.0509033203125,90.05460357666016,143.21910095214844
215.61199951171875,78.76409912109375,78.73519897460938,145.72900390625
212.75869750976562,73.2042007446289,75.35260009765625,143.0045928955078
211.63519287109375,79.27149963378906,71.81279754638672,145.94569396972656
208.64649963378906,73.16929626464844,65.94090270996094,144.50489807128906
203.35569763183594,80.98269653320312,65.28340148925781,144.360107421875
199.2855987548828,84.15290069580078,66.37860107421875,134.02879333496094
196.4127960205078,91.44409942626953,63.23469924926758,131.08250427246094
192.33859252929688,96.31629943847656,65.73300170898438,123.98169708251953
191.6436004638672,95.73690032958984,66.04769897460938,124.29679870605469
194.00439453125,97.91390228271484,59.492698669433594,119.3988037109375
195.18150329589844,99.13349914550781,62.13180160522461,119.87000274658203
188.591796875,103.74839782714844,68.44869995117188,113.4052963256836
190.27740478515625,104.65239715576172,64.41639709472656,113.99739837646484
190.89340209960938,102.71089935302734,61.72529983520508,112.09020233154297
182.64349365234375,101.98380279541016,75.43209838867188,116.5718994140625
174.7346954345703,103.06629943847656,92.29409790039062,111.59819793701172
175.093994140625,104.67500305175781,95.65879821777344,105.51339721679688
176.75779724121094,107.15699768066406,91.12210083007812,109.33190155029297
168.54969787597656,104.50530242919922,100.97989654541016,109.63240051269531
167.82240295410156,107.30280303955078,99.70890045166016,105.72720336914062
170.78109741210938,107.94950103759766,91.42829895019531,107.80280303955078
164.87379455566406,107.28399658203125,95.60679626464844,108.35189819335938
169.15499877929688,101.01190185546875,87.35130310058594,110.42579650878906
167.89149475097656,107.0885009765625,83.38259887695312,111.00559997558594
168.80270385742188,108.82759857177734,78.94219970703125,104.38069915771484
163.14199829101562,113.1156005859375,86.04509735107422,106.39360046386719
174.96730041503906,106.03070068359375,75.04979705810547,104.32769775390625
181.9351043701172,108.23429870605469,64.90450286865234,109.56189727783203
178.0771942138672,107.83000183105469,74.73889923095703,110.0082015991211
178.23919677734375,107.38040161132812,72.13369750976562,114.0282974243164
169.93890380859375,109.06749725341797,85.65380096435547,107.71189880371094
176.0019073486328,102.90470123291016,77.91230010986328,111.53959655761719
176.59039306640625,108.39230346679688,75.43399810791016,108.9822998046875
174.11749267578125,111.0990982055664,77.65080261230469,112.91649627685547
172.68679809570312,110.70709991455078,81.14420318603516,109.3895034790039
176.3563995361328,109.78790283203125,76.90380096435547,116.6720962524414
178.7530975341797,113.74240112304688,79.83190155029297,107.60430145263672
179.12860107421875,120.37740325927734,88.14430236816406,105.83429718017578
190.0115966796875,116.06929779052734,82.46630096435547,104.12899780273438
189.88540649414062,118.93890380859375,83.66709899902344,100.99019622802734
185.04600524902344,122.90869903564453,93.86129760742188,96.27169799804688
191.60260009765625,126.07340240478516,88.89859771728516,99.42350006103516
191.93319702148438,123.59539794921875,92.13670349121094,100.28520202636719
191.44400024414062,115.92649841308594,91.32510375976562,110.85769653320312
186.75120544433594,111.31230163574219,96.33319854736328,112.21430206298828
181.44419860839844,116.15299987792969,98.0947036743164,104.64250183105469
185.23550415039062,110.55789947509766,89.48320007324219,110.7927017211914
180.01089477539062,107.72899627685547,89.79460144042969,115.38510131835938
179.92359924316406,102.06719970703125,87.0436019897461,117.62090301513672
182.1876983642578,97.84010314941406,75.42880249023438,118.01360321044922
182.16650390625,99.38700103759766,71.91590118408203,121.96389770507812
178.98880004882812,85.32839965820312,76.10030364990234,128.93829345703125
182.73699951171875,88.29910278320312,68.40599822998047,128.51370239257812
179.5706024169922,81.62519836425781,67.01519775390625,136.28909301757812
174.97560119628906,73.4561996459961,73.61509704589844,144.63490295410156
179.94509887695312,71.83000183105469,65.88349914550781,148.57119750976562
176.08340454101562,77.9113998413086,73.94190216064453,141.4385986328125
171.64480590820312,72.66539764404297,79.13150024414062,147.5216064453125
171.26510620117188,70.1104965209961,83.9718017578125,144.44419860839844
171.52670288085938,75.35549926757812,88.39689636230469,146.61410522460938
174.91380310058594,76.89350128173828,82.95570373535156,134.46060180664062
186.82530212402344,81.1906967163086,72.42060089111328,131.8365020751953
189.34359741210938,79.59980010986328,73.05259704589844,132.82960510253906
188.0823974609375,71.51899719238281,80.37550354003906,140.29119873046875
189.4656982421875,84.50890350341797,87.87200164794922,130.53140258789062
192.4199981689453,78.14230346679688,95.40350341796875,133.0164031982422
190.89939880371094,72.7947006225586,109.64119720458984,135.87939453125
194.13429260253906,79.95259857177734,111.16819763183594,136.1374053955078
196.1092071533203,84.80680084228516,113.25789642333984,121.59860229492188
203.27810668945312,78.82260131835938,108.07440185546875,129.58160400390625
203.05990600585938,73.74569702148438,121.49549865722656,129.96890258789062
210.59429931640625,74.38590240478516,114.85710144042969,130.34519958496094
215.33299255371094,69.76110076904297,115.07599639892578,133.27389526367188
215.6195068359375,75.2853012084961,122.02120208740234,130.3031005859375
221.90179443359375,72.36389923095703,118.55259704589844,135.13279724121094
228.1707000732422,66.2531967163086,113.01360321044922,132.8177947998047
235.80419921875,74.5083999633789,104.3395004272461,139.6739044189453
241.72149658203125,66.44840240478516,100.21489715576172,132.69239807128906
239.71200561523438,68.16059875488281,101.32849884033203,141.47320556640625
245.78970336914062,64.03109741210938,93.41210174560547,138.96490478515625
252.38670349121094,59.083900451660156,86.24639892578125,143.35150146484375
252.16900634765625,57.780399322509766,87.5614013671875,146.1280059814453
251.9656982421875,57.37839889526367,89.71959686279297,146.1374053955078
258.560791015625,62.5900993347168,81.1948013305664,151.2178955078125
251.51119995117188,54.20370101928711,94.3279037475586,157.88429260253906
250.24530029296875,54.76060104370117,100.16480255126953,155.4705047607422
256.3208923339844,51.98550033569336,97.4374008178711,156.1011962890625
259.9208984375,48.587799072265625,97.16649627685547,161.22210693359375
262.59161376953125,42.187599182128906,93.45179748535156,174.24609375
262.9224853515625,38.40810012817383,93.72989654541016,177.96359252929688
261.1355895996094,44.51169967651367,95.71620178222656,167.04640197753906
254.8408966064453,37.85029983520508,104.41549682617188,172.65960693359375
256.3761901855469,41.21329879760742,96.41429901123047,175.8437042236328
259.32659912109375,37.3942985534668,84.1603012084961,176.97219848632812
246.9127960205078,30.368000030517578,101.09220123291016,187.3115997314453
252.0778045654297,35.1338996887207,90.73509979248047,187.910400390625
247.518798828125,38.01539993286133,91.4823989868164,187.706298828125
236.27749633789062,33.49789810180664,105.75789642333984,190.32839965820312
241.0655975341797,45.90010070800781,98.74939727783203,184.50979614257812
230.59230041503906,42.09629821777344,110.66190338134766,191.752197265625
223.10659790039062,46.9093017578125,119.66200256347656,183.32119750976562
216.4427032470703,37.84579849243164,132.32789611816406,195.77130126953125
204.40029907226562,41.54650115966797,150.1678009033203,207.2471923828125
207.78610229492188,42.161399841308594,150.41229248046875,199.24349975585938
187.5601043701172,43.88750076293945,178.4051055908203,207.1862030029297
186.860107421875,50.332698822021484,181.82960510253906,206.18789672851562
179.79249572753906,55.453399658203125,187.65989685058594,203.63270568847656
176.793701171875,57.497798919677734,187.1179962158203,207.13690185546875
173.3739013671875,50.1619987487793,179.781494140625,217.368896484375
154.11050415039062,42.999900817871094,188.7864990234375,227.3876953125
147.13429260253906,34.851200103759766,186.07000732421875,239.80050659179688
108.97480010986328,32.16239929199219,208.54029846191406,241.90350341796875
82.43199920654297,20.803699493408203,230.1096954345703,250.84620666503906
78.19989776611328,14.12600040435791,225.9033966064453,260.7803955078125
75.4208984375,11.93850040435791,218.0406036376953,272.4883117675781
99.49130249023438,15.162699699401855,171.38560485839844,263.8664855957031
101.37339782714844,16.292400360107422,159.585693359375,266.80059814453125
100.09970092773438,13.313300132751465,141.777099609375,266.8839111328125
84.36019897460938,8.041099548339844,156.32789611816406,277.0686950683594
80.68209838867188,9.555100440979004,154.339599609375,265.61370849609375
62.79010009765625,17.289899826049805,172.2364959716797,266.79510498046875
61.59450149536133,13.742500305175781,182.47219848632812,271.0119934082031
49.23540115356445,18.328899383544922,184.08349609375,256.751708984375
49.35689926147461,25.056699752807617,202.81820678710938,249.95770263671875
51.884700775146484,30.883699417114258,196.6179962158203,245.24740600585938
42.6875,48.0349006652832,185.8925018310547,231.25880432128906
36.71609878540039,49.307899475097656,162.3231964111328,225.27349853515625
46.2848014831543,52.27880096435547,172.345703125,229.6331024169922
38.808101654052734,64.86190032958984,185.6968994140625,212.62229919433594
29.04199981689453,65.80850219726562,196.67660522460938,209.0041046142578
15.77929973602295,74.67890167236328,218.74119567871094,199.91600036621094
16.807300567626953,79.79219818115234,208.10330200195312,192.8616943359375
23.000499725341797,79.32890319824219,179.93209838867188,191.00660705566406
21.93869972229004,86.93170166015625,176.98719787597656,188.18690490722656
24.255800247192383,90.85559844970703,170.3199005126953,181.78480529785156
31.49839973449707,89.05909729003906,157.7548065185547,181.12179565429688
48.332000732421875,88.54029846191406,135.8905029296875,178.4302978515625
51.50519943237305,88.67990112304688,129.6331024169922,179.41029357910156
46.155399322509766,99.88069915771484,137.48890686035156,159.1602020263672
46.47919845581055,99.42469787597656,139.75929260253906,161.364501953125
40.96269989013672,98.35919952392578,147.7476043701172,151.41360473632812
47.05080032348633,97.09629821777344,139.4102020263672,152.36990356445312
55.66640090942383,103.01460266113281,133.9528045654297,137.65330505371094
53.98109817504883,97.73539733886719,134.20599365234375,145.7021942138672
67.2927017211914,91.42250061035156,123.40059661865234,145.18739318847656
61.696800231933594,100.11019897460938,129.16819763183594,136.09559631347656
79.26580047607422,88.6604995727539,116.12460327148438,140.3748016357422
83.43499755859375,88.68370056152344,105.78359985351562,141.98519897460938
88.9822998046875,88.73780059814453,98.5916976928711,137.30670166015625
94.5614013671875,87.85389709472656,94.33350372314453,136.97259521484375
83.22679901123047,90.11530303955078,113.1666030883789,127.95549774169922
89.12640380859375,88.47039794921875,99.88719940185547,129.64610290527344
84.2134017944336,86.54399871826172,106.1238021850586,129.95309448242188
83.94580078125,86.79650115966797,108.02539825439453,129.8739013671875
81.60209655761719,82.18260192871094,113.83989715576172,131.83670043945312
78.40799713134766,85.4761962890625,122.62809753417969,128.1363067626953
81.50060272216797,78.24659729003906,118.68379974365234,136.00819396972656
82.3552017211914,80.70999908447266,118.88719940185547,131.78550720214844
83.55850219726562,81.2886962890625,119.74189758300781,130.69960021972656
84.04350280761719,89.4083023071289,123.48079681396484,125.24459838867188
95.8740005493164,85.80799865722656,108.95680236816406,123.87329864501953
100.46479797363281,89.78299713134766,101.06400299072266,119.05870056152344
111.80580139160156,89.07129669189453,88.83200073242188,117.75759887695312
114.55560302734375,91.4927978515625,85.75499725341797,115.404296875
115.20069885253906,91.5365982055664,81.58159637451172,115.69989776611328
112.11530303955078,93.16079711914062,89.30729675292969,112.96060180664062
110.05799865722656,82.78040313720703,91.22769927978516,121.65170288085938
106.2698974609375,89.57869720458984,102.28119659423828,113.78389739990234
114.2968978881836,90.50420379638672,95.00440216064453,116.80139923095703
116.33380126953125,89.85040283203125,89.79720306396484,114.71299743652344
121.32559967041016,88.53369903564453,101.14009857177734,114.76439666748047
130.03160095214844,83.94029998779297,89.29119873046875,121.20860290527344
130.44740295410156,83.75289916992188,85.47309875488281,120.97219848632812
134.07069396972656,83.95330047607422,79.03089904785156,120.72229766845703
132.34849548339844,83.26409912109375,85.64700317382812,118.9905014038086
136.7292022705078,81.38140106201172,79.09809875488281,122.57080078125
133.72850036621094,86.51629638671875,82.89179992675781,115.5947036743164
131.90570068359375,84.53060150146484,85.88310241699219,117.69619750976562
133.12399291992188,88.52770233154297,95.99500274658203,115.08989715576172
138.77459716796875,93.46880340576172,89.19770050048828,107.38680267333984
138.4781951904297,95.86530303955078,98.54049682617188,111.02570343017578
136.9716033935547,95.59249877929688,102.09919738769531,108.37560272216797
131.8101043701172,92.5197982788086,117.06379699707031,110.43620300292969
131.66859436035156,90.1675033569336,117.12640380859375,114.55809783935547
126.35710144042969,94.12339782714844,129.96229553222656,116.38710021972656
131.58389282226562,85.0333023071289,123.17579650878906,119.47489929199219
129.20799255371094,83.3832015991211,125.46369934082031,131.0926055908203
125.13240051269531,82.66909790039062,133.44000244140625,125.25489807128906
124.03070068359375,83.29149627685547,134.83309936523438,126.5656967163086
127.03240203857422,85.05919647216797,131.57659912109375,122.73490142822266
139.9219970703125,72.00910186767578,111.89430236816406,138.00830078125
136.42320251464844,69.42970275878906,117.83899688720703,141.89190673828125
146.31959533691406,71.97380065917969,105.21269989013672,140.8842010498047
141.5323944091797,72.00550079345703,108.41190338134766,139.1999969482422
152.68359375,59.33380126953125,93.49539947509766,154.09500122070312
