1
596.7906,202.3463,41.3203,38.0460
596.1581,200.6278,38.6149,41.5993
592.7675,197.9242,40.5596,47.8291
591.2146,196.7814,38.7020,47.2758
586.9169,196.0604,40.3696,42.9207
578.3906,194.8998,47.1552,41.3595
576.5420,195.0140,46.8018,40.0110
581.6116,194.7867,36.9736,38.8956
584.3171,194.3548,34.1062,46.9228
585.8633,192.0538,30.1353,49.7164
585.5891,191.0408,22.3156,46.2063
583.5357,189.3205,23.6263,43.7008
581.3918,188.2222,24.4994,42.9858
579.2504,186.9052,25.5684,40.2951
577.5306,186.1645,25.6835,38.0591
576.5245,185.2038,25.4530,41.2714
575.0735,184.6631,25.7761,39.6319
574.3963,184.1306,24.9285,40.9377
572.6450,183.7283,26.2954,38.8126
573.0514,183.2438,25.4857,41.6304
572.9095,182.8610,24.9144,40.5115
573.5835,182.0887,24.0741,40.7165
571.9366,181.5033,24.5176,42.4212
571.9257,181.5329,24.4902,40.2861
571.3949,181.5692,24.4348,42.8209
570.3298,181.3061,24.5260,46.1658
569.3827,181.3565,25.1129,45.4721
569.7537,182.3319,24.4236,45.4820
568.6998,182.2511,25.0230,44.2221
568.5264,181.7805,24.2078,45.3038
567.8837,182.1575,23.8836,44.6179
568.2284,181.4713,22.2847,45.5429
567.7691,180.3713,21.3844,46.7503
566.6249,180.8523,20.2882,46.6858
567.1133,180.5109,20.1623,49.6321
561.1251,181.0825,27.4313,51.0518
556.8713,180.3620,34.6585,50.5844
549.9363,180.8304,41.9225,49.9277
543.4111,181.3439,48.8916,47.9128
542.1639,182.3059,49.7715,47.0143
542.1083,183.1752,48.2804,44.3222
541.0527,183.4327,49.7639,45.3061
540.4403,184.0019,48.9706,41.2311
539.1882,183.2973,51.3919,46.5883
541.0920,184.0159,47.5639,46.8252
539.7482,184.3412,49.4134,43.9279
540.5261,184.7481,49.2982,49.9776
540.4045,184.7415,48.0668,49.0246
541.4644,185.4839,46.9697,49.0924
541.5203,185.0810,47.1254,51.0195
541.9809,186.2721,47.9803,47.6582
543.8525,187.0240,45.8510,51.1248
545.5259,186.5063,44.9407,51.5561
545.1382,188.0883,47.0379,48.5813
547.9072,187.8832,44.5375,51.7633
555.7631,187.3256,36.5110,47.9775
561.7569,188.4435,26.4856,50.9645
564.4677,187.2397,29.7540,51.8511
565.8388,189.0277,34.2845,51.0382
564.9728,190.9981,40.4191,46.5502
566.3129,191.6399,47.1088,48.6187
567.8617,191.7223,52.2277,45.6858
569.8647,192.6818,52.6698,42.1024
571.4214,192.5129,53.1599,44.5767
574.4365,193.2621,52.5703,46.8189
577.1006,194.6655,50.4110,42.5109
579.4744,195.0561,49.9986,43.7641
580.2258,195.2403,51.7636,47.0241
582.0675,196.0484,52.3457,43.6706
584.9209,195.9980,50.8289,45.6302
585.1874,196.5136,53.1501,47.9909
587.1528,196.9258,52.8183,46.7043
589.3380,197.0298,52.2961,45.0467
592.5367,197.2779,50.4743,45.0741
593.7925,198.1289,51.9278,42.5697
593.4858,197.5189,54.3388,48.8196
596.4314,198.5100,53.6047,46.5708
598.3869,199.5457,53.4065,42.3377
599.8579,198.9801,53.2781,47.4388
600.8912,199.9305,54.3782,43.3676
603.3648,200.3155,53.8150,46.0417
605.0200,201.1203,53.6605,45.2536
605.8592,201.5928,54.4351,47.5732
608.7018,202.3975,52.9739,46.6652
609.9416,203.2178,53.3025,43.3493
609.6222,203.2212,55.0605,44.9850
612.3549,204.0726,53.4498,49.0651
612.7776,204.9486,55.1888,43.0278
613.8022,204.7205,55.1567,47.3764
614.4663,205.1468,57.1086,45.9923
615.4286,205.3095,59.5160,49.2547
614.1534,206.0751,64.3427,52.0445
615.5940,206.8404,64.8564,52.2874
615.2401,207.5794,66.5953,54.0406
613.7460,208.7271,69.1137,45.4414
614.1600,207.9714,68.1306,47.0418
615.9993,209.0398,66.0018,48.1820
617.8957,208.8518,64.6078,47.6529
617.3164,208.8005,65.3271,43.4690
617.6074,209.3367,65.0985,41.7937
618.0285,208.8393,62.8983,47.8553
618.3090,208.6664,56.3882,47.3803
620.9278,207.6432,39.9704,44.5763
621.3662,207.9849,30.9586,49.0697
623.1917,208.9760,28.1057,48.6205
618.7135,208.6447,33.7332,49.4302
615.9192,208.4381,35.8953,50.6234
614.6807,208.2287,35.0763,51.9275
613.0843,208.0497,35.5493,51.7943
612.2720,207.5947,34.2645,54.1979
611.4539,206.3810,33.0569,52.1749
609.5217,205.7948,34.0990,52.0845
608.1697,205.2113,33.0508,52.6003
606.4365,203.4597,32.9795,55.8468
604.4493,204.4678,32.5668,55.8553
602.7402,203.3629,32.1178,55.3335
600.4411,203.1766,33.2489,54.0321
598.6063,202.8932,33.0483,57.2198
597.3124,201.6235,32.4927,57.3001
595.3740,200.7449,32.5989,57.3775
594.3342,201.7391,31.2058,53.0693
592.1414,201.3596,32.3049,50.4427
590.3970,200.5402,32.3106,50.0530
589.1619,200.5286,32.3301,44.5029
587.7755,199.9750,32.0370,43.6698
587.6534,199.3277,29.8495,41.3534
591.3071,201.8836,23.3777,46.2861
590.1176,198.1351,21.8676,48.5792
588.8495,196.9332,30.6714,52.7678
586.0596,196.8313,40.9864,50.1856
584.3078,196.3393,44.1372,44.2894
581.8661,196.4555,47.3153,43.0265
579.9155,196.8750,48.5422,44.8824
579.2592,196.9108,48.5669,48.3596
579.1571,197.1959,47.6448,47.1956
578.5024,196.7886,48.3796,47.6437
578.0963,197.4591,47.5001,47.2622
577.2850,197.0211,47.9518,48.0390
576.3727,197.3808,47.4570,47.0134
576.5666,196.7583,47.0676,47.0617
576.5518,196.6605,46.2242,45.5146
577.9321,196.8321,44.3103,42.3850
577.7039,197.1717,45.1429,40.4867
576.6823,196.6198,46.9966,46.3439
577.4481,196.9768,45.2458,44.1237
578.4928,196.1318,45.3435,46.1006
580.6117,195.8391,42.5691,47.7815
580.5776,195.4805,44.4695,47.4143
581.7390,196.2524,43.6744,41.7844
581.5212,195.3615,46.2109,48.5622
581.8889,195.4950,46.5196,48.7331
582.4523,194.9661,47.8278,50.4727
583.7050,195.1221,47.8363,48.9414
585.5636,194.7738,50.0859,50.6718
582.7334,195.0234,59.0182,53.4136
584.3629,196.1434,63.6771,50.2975
584.2412,195.5178,68.6235,55.9581
587.0352,196.8121,68.5698,53.4271
585.9404,196.9147,71.6915,50.8856
588.9985,197.0006,69.7588,48.7029
590.2348,197.4846,68.4264,47.5749
592.8503,196.4715,67.6678,51.0118
596.1431,196.2555,65.5979,48.7728
598.0985,196.3013,65.2821,47.6382
597.9797,197.0634,66.8822,45.1538
598.9968,198.4148,68.7602,45.1097
601.0361,202.6513,67.6116,42.0555
601.5949,204.4875,69.2240,42.3226
609.8768,183.6533,66.1969,52.8628
606.5928,171.7979,66.0525,60.4079
602.4586,172.9571,68.9842,57.8058
602.1330,173.2259,74.9306,53.7359
585.9214,173.2819,83.1372,52.7387
575.2261,175.7507,92.2144,57.3389
568.0228,175.1320,106.2704,68.6910
553.1104,174.7179,98.3951,61.8010
545.2573,175.7050,100.2570,69.4200
531.1730,173.4771,84.1283,55.5437
521.6590,176.5921,80.8237,54.1051
2
0
0
0
0
1
612.5427,196.4196,56.6148,45.2464
612.9937,195.9405,46.0182,49.7926
616.2404,197.9384,32.5551,45.0878
620.3588,205.0150,23.6503,43.3512
615.2236,195.1844,27.4279,38.9531
610.9586,196.9869,32.3778,41.8724
609.8945,195.6412,32.2340,41.4180
608.7164,195.6791,31.3122,47.8867
607.4189,195.2896,32.2631,44.0012
606.8549,194.8887,32.1223,45.8550
606.5930,195.3531,31.9818,40.2455
606.1462,195.4273,31.6991,45.5233
606.6432,195.3860,29.2482,40.5052
605.5812,195.4410,29.9215,38.9187
604.6849,197.5219,29.8941,41.4095
603.7435,195.0780,30.5473,42.4878
602.9318,194.9080,30.3750,40.0569
601.6385,198.5458,31.9601,42.0280
601.1417,195.7267,30.5659,38.6067
600.4091,195.2421,30.1244,44.3349
598.3505,195.5908,32.6214,39.9722
598.1966,195.2291,30.8987,40.0094
597.3975,195.7162,31.2334,38.1020
596.5546,195.3061,31.3496,39.6271
595.4692,195.8252,31.3402,38.4753
594.5606,196.4648,31.0357,34.8188
594.1415,196.5203,30.7287,39.4922
592.7600,196.1188,31.5168,40.0500
592.6729,196.5115,30.3186,37.9512
591.4832,196.4711,31.1811,39.3909
589.9781,196.2188,31.9800,39.1473
589.4823,196.2404,31.0652,36.6458
589.1452,196.5562,31.4123,37.4691
588.4572,196.5580,31.8950,41.2140
587.6073,196.3789,33.0143,41.5220
587.4080,196.9066,32.4238,39.3525
587.3127,197.2111,32.6475,38.1738
586.6714,197.2077,33.6422,38.0950
584.8967,198.5359,37.1996,39.9539
579.2205,199.3509,40.8676,43.2951
580.1725,202.5348,43.6758,39.3844
580.1365,204.4211,45.3520,40.6674
559.5667,205.1304,53.1729,42.5784
553.3477,205.1583,62.1725,47.2124
551.4645,208.1984,73.0248,45.1288
550.3969,208.6671,72.9680,46.1419
546.8407,210.5361,74.2774,44.9378
542.5707,211.9384,76.9912,40.3967
539.7116,211.3704,78.3374,42.7295
537.1016,212.8251,75.7430,41.4088
533.5995,211.9712,75.0677,44.4911
529.2507,212.5989,74.9477,47.1606
524.1694,211.5932,77.6384,51.0811
520.8000,212.3348,76.1111,52.1458
515.2775,212.8282,78.1028,49.0127
512.0164,213.9934,76.6913,50.4785
508.9087,213.7081,75.1843,50.7857
506.5635,215.0508,70.6767,46.5365
502.6432,216.2044,71.6080,44.7704
498.8597,217.0063,71.0899,39.8641
495.2935,218.3355,68.4679,38.9390
490.8525,218.9174,67.3424,38.7742
485.5298,218.4282,69.2840,42.5347
481.2494,218.2205,67.0529,47.3075
475.6050,219.2397,70.2490,44.0897
471.2805,220.5905,69.8955,40.7669
466.8268,221.7338,70.1788,43.1713
462.4942,222.7609,67.8317,35.9644
457.1478,223.3315,69.7822,39.7012
453.1172,223.4180,69.0335,45.6654
447.9059,223.9380,70.3484,44.2809
445.2533,224.0787,69.4861,46.3719
442.4478,224.4584,67.3419,43.8287
438.5625,225.6705,67.5351,35.1677
436.8172,225.7548,65.0918,34.4115
434.9424,225.7683,62.6597,37.3490
433.6977,226.2347,61.3465,39.2881
435.6353,227.6227,56.3873,31.0581
438.7868,228.6809,48.9209,32.4695
439.9831,230.1737,41.5003,31.7758
440.6876,230.3502,37.5312,30.0416
439.3026,231.4265,37.1627,29.4319
438.0430,231.8206,36.1358,30.5440
436.7116,232.8100,36.4028,27.8360
435.7157,233.3303,36.0026,27.9584
434.6349,234.4039,35.8039,28.2261
433.5817,234.5793,36.5955,31.9831
432.4211,235.9861,36.8246,27.6868
432.3677,236.4889,35.8246,28.0650
431.9536,237.1413,35.2682,28.1976
431.2941,237.8451,35.8360,27.4418
430.9191,238.6738,34.9370,26.7830
430.5273,239.2443,35.4991,27.2838
430.2131,239.5586,36.3739,26.1769
430.2926,239.8511,35.7468,28.0338
429.2015,240.4102,37.6799,27.7836
426.3705,241.1991,40.6028,26.4407
420.7407,241.3503,49.5664,27.6307
417.7509,242.0189,55.0738,24.7254
419.1593,242.0149,54.2376,25.3761
422.1892,241.9308,52.9658,30.4759
406.5050,241.7917,58.5685,31.8405
404.9564,243.6837,66.1736,31.9593
404.3892,244.8302,70.3118,37.0775
402.4835,245.7290,71.9176,41.8980
403.5976,247.3582,69.0077,40.2508
401.6364,248.9612,69.5145,40.8826
402.4218,250.0704,67.9656,40.7074
400.0502,251.1994,68.4510,37.4941
398.5808,252.0302,69.9974,37.1435
397.5200,253.3105,68.2709,34.6417
396.3682,253.9903,68.6553,35.3203
398.5195,254.2635,66.4563,37.0440
403.0024,255.4212,58.6518,33.6079
408.0303,257.0486,51.3804,33.4477
413.5584,257.5827,44.1778,33.5944
415.9773,258.1105,40.2725,35.2218
416.5739,259.0546,40.6876,36.1355
417.8650,260.0732,39.2789,28.4542
417.5645,259.9440,40.6763,29.4506
418.4233,260.3292,40.1963,30.8939
418.4383,261.2616,40.5424,28.3171
419.8123,261.6619,40.4964,27.7532
420.9962,261.4851,39.1396,32.5282
421.3596,262.1340,41.2599,32.8090
422.5304,262.4875,41.1743,36.6102
422.6595,262.4743,42.5299,37.1582
419.3800,261.4567,48.5858,38.6341
413.3775,261.3437,57.2383,37.9698
406.8764,260.1851,65.8845,38.3434
406.0415,259.2249,68.2049,39.4266
407.9530,259.4384,64.7380,41.8581
410.0872,258.5613,61.6360,42.9700
410.4368,258.8135,60.5161,43.2134
411.5295,259.1795,59.7306,38.6457
412.0325,258.3293,58.1107,43.2641
411.1727,258.1946,59.5657,44.8546
412.0862,258.2793,58.9825,44.1352
412.6922,257.8878,57.3300,45.7022
412.2951,258.5571,60.1911,44.0097
412.1704,259.2488,62.1395,40.7225
413.5185,258.9548,61.1924,41.6757
416.5276,258.9201,58.8672,44.3281
418.9340,258.9942,57.8268,42.8431
419.7590,258.9812,59.9186,40.5779
421.5279,258.9786,60.0696,41.8495
424.3232,257.6314,58.9609,47.3043
427.0486,257.8983,59.0849,41.8388
429.2717,257.2212,58.7622,45.3592
434.1373,257.0255,55.6402,42.1973
440.6810,256.0524,51.0041,45.8404
449.9555,254.3177,43.0250,49.6883
461.1202,251.4538,31.5277,54.9866
467.8312,250.9431,28.1023,49.6046
472.2653,248.6798,26.2965,50.0401
477.3940,247.8852,23.6389,48.4821
480.8113,247.0044,23.5403,48.0092
484.7566,246.3076,22.0098,45.8547
487.1718,244.9791,23.5105,43.4852
489.7443,243.8516,24.4728,43.5665
493.6134,242.4297,23.7935,39.5360
497.0140,241.2806,23.0671,40.2449
500.1485,239.8828,23.7403,44.2949
503.6196,239.3903,23.2755,42.8444
506.6518,238.4370,24.4075,44.7914
510.9550,238.0474,23.3276,41.5261
514.1783,236.6505,22.7835,45.2073
517.2374,235.6397,23.4162,44.4073
520.6662,234.4521,24.2320,44.2204
524.0480,233.3508,24.1305,42.7247
527.0902,231.3862,24.4862,44.3312
530.8489,230.0034,24.2062,44.5751
534.6209,229.0677,23.8020,43.4097
536.6676,227.5196,25.1347,45.9282
541.0659,225.9732,23.8960,46.3858
543.8409,225.2787,23.8208,45.4450
545.8940,223.6677,25.0150,46.8643
548.1401,222.2257,25.5584,46.2921
550.7719,221.9073,25.5895,46.1996
551.9528,220.0774,26.9828,47.6279
549.4977,218.1463,32.6746,50.7618
545.3286,217.1817,38.6281,52.4236
537.7626,217.6267,49.8201,50.9667
534.1887,217.8341,56.6427,48.0743
533.1124,217.1172,63.1683,44.2236
533.1742,216.2633,66.8376,43.7014
534.3684,214.5544,65.5081,44.9181
535.4170,212.6047,65.3743,43.6931
536.6424,210.3677,64.0970,45.5834
536.6414,209.5427,67.3481,44.0180
538.1367,207.8124,65.6205,43.5416
539.5909,205.7986,63.6769,46.0518
540.1265,205.2260,64.0931,40.9060
541.6568,203.1094,62.7753,41.5793
542.3599,202.0068,62.8072,42.5997
542.8246,200.3219,62.4290,42.6702
543.6820,198.5775,61.5659,42.9925
543.6454,197.6795,61.6900,42.2078
542.8230,196.1685,64.2722,44.1135
543.2214,195.5260,63.1758,43.7373
543.5701,193.8898,62.7230,45.1317
543.2632,192.7322,63.0766,42.0298
543.5793,191.2695,64.4934,43.1929
543.0745,189.9984,65.0781,41.0399
543.4183,188.6499,63.2373,40.5180
544.9605,185.5818,61.8374,43.3136
545.3198,183.3920,61.9416,43.7981
544.0982,182.3311,64.3800,42.8398
545.0739,180.3030,61.7570,41.3542
546.1046,177.5202,60.9507,44.6158
552.0311,175.0656,53.3922,43.4498
561.1772,171.0724,42.6722,51.2494
563.6604,169.8360,34.6337,53.6839
562.9261,167.3020,32.1266,52.8128
573.4518,165.0676,25.0349,49.8044
573.8420,163.8044,24.8121,50.3039
573.8517,162.4409,24.5533,52.5880
573.5621,161.2667,24.5728,49.0499
573.3936,160.0493,24.7131,50.9727
573.6951,158.9060,23.5932,48.9268
573.3533,156.7959,24.1943,52.7906
573.1230,155.7451,23.3751,50.6523
572.5993,154.8879,23.6449,52.0236
572.6675,153.7234,22.7820,49.0635
572.2468,151.8580,23.8943,52.1991
572.1091,151.5003,23.5099,52.0063
572.1201,150.4561,23.0149,49.3608
571.4628,149.4616,23.3576,48.8235
570.7652,147.9117,23.3149,49.9472
570.3908,147.2706,22.6329,47.9175
570.1882,145.7940,22.3754,48.8779
568.7417,144.4278,22.2800,47.8460
568.1699,143.7058,21.8459,46.2777
567.3831,142.9195,21.2643,47.4565
566.9365,142.1161,21.0747,45.3848
566.3528,141.1378,20.5987,42.4949
566.1567,140.1495,20.7574,40.6599
565.5958,139.3749,20.5301,39.1475
566.1201,139.1329,19.2896,38.2913
564.0710,138.3009,21.4716,37.8516
564.5030,141.2032,20.0379,40.5082
564.7930,136.9056,19.9964,42.5422
564.2532,136.9723,20.1400,38.1728
564.2306,135.9507,19.5105,38.3817
563.4373,135.2626,20.5033,40.0281
563.0501,134.9641,20.0066,39.9352
562.9594,134.3724,19.7676,38.4103
562.0288,134.2517,20.4928,38.2504
561.9454,136.4819,19.4718,42.9330
561.6570,132.8811,20.3082,45.2943
562.1883,134.0228,18.0371,40.7249
560.5800,133.2463,20.7203,40.6377
545.9089,132.6613,27.5440,39.7669
546.6997,134.4717,31.3583,42.5359
544.7493,135.7843,34.9816,40.5073
542.7468,136.7799,35.5416,34.5204
541.7068,136.8934,36.4094,36.3450
539.5757,137.0644,41.1349,36.1453
537.8669,137.5154,44.6319,34.9511
537.4578,138.0365,46.7483,35.4226
524.8076,136.6636,49.1479,36.0557
519.1801,136.7276,55.8640,38.4118
517.0494,137.2718,64.2045,39.5263
517.4726,137.3069,64.3561,40.9024
513.7322,136.2418,68.7989,46.5070
515.1989,136.3108,67.5738,45.9020
514.6971,135.9080,67.0647,50.4289
513.9545,136.0909,68.5409,47.0266
514.8764,135.4037,66.5602,49.5245
513.6915,135.3197,68.3540,52.1335
513.6172,135.4247,67.7962,47.3015
514.7041,135.3285,65.7915,46.6113
514.1767,135.6552,66.2623,45.1009
514.1528,135.5343,65.2245,45.0487
514.1709,135.7679,65.4119,44.1484
514.5563,134.5770,64.9459,44.7322
515.1415,133.8207,63.9312,46.8698
522.6943,132.7564,54.9840,41.4425
532.6622,132.8912,42.2705,42.3657
535.4427,133.1651,33.9776,50.2117
542.9489,131.7542,24.0437,49.3979
545.8393,130.8916,20.3697,44.6739
546.1812,130.2477,20.1273,39.1523
546.5803,129.9058,19.4100,39.7767
546.4680,129.5667,18.9021,38.2145
546.0613,129.4545,19.2252,38.1205
545.8999,129.5005,18.6331,35.7018
545.6313,129.2786,18.8817,37.4103
545.6409,128.8430,18.2847,37.6228
545.5103,128.9303,17.9582,38.1462
545.1449,128.7684,18.1151,36.9932
544.7965,128.5171,18.4897,38.1985
544.6118,128.4925,18.6664,40.9394
544.7556,128.7383,18.0326,40.5235
544.5503,128.6537,17.7409,38.8973
544.2105,128.5587,17.8769,36.3807
544.3564,128.1130,17.4364,38.6413
544.3816,128.3053,17.2043,38.3127
543.8954,127.8473,17.4269,38.3341
543.7510,127.5513,17.3583,41.4240
543.9139,127.0830,16.6967,43.9785
543.4531,127.2935,17.6484,43.9503
543.6497,126.6133,17.1381,43.2663
543.5566,126.9003,17.3107,39.7637
543.8155,127.1085,16.4606,36.7173
544.0149,126.3221,16.4095,37.6273
543.9139,126.3861,16.9327,37.2798
543.9734,126.3586,16.7936,35.6860
544.4382,126.1522,15.9525,38.3171
543.5043,125.7549,16.3715,36.8063
543.3192,125.5436,16.4766,37.3738
543.5349,125.0790,16.2340,38.4635
542.2339,124.9738,17.0064,38.4791
542.4357,124.2451,17.0059,39.6025
542.0181,124.2326,16.8631,39.1106
541.9188,124.1481,16.6940,39.6769
541.4727,123.8534,17.1083,39.4636
541.5344,123.8782,17.0040,40.2921
541.0778,123.3685,17.2206,38.3768
540.3865,123.2952,17.4302,38.4909
541.0449,123.1900,16.2437,38.9574
540.3550,122.3713,16.9539,41.7082
540.0319,122.3982,17.0768,40.1104
539.5247,121.9429,17.1390,39.1535
539.2841,121.5436,17.0793,41.1692
538.9344,121.6587,17.3926,45.6850
538.5138,121.0606,17.5110,48.3924
537.3026,120.2923,20.3230,49.6958
535.4520,120.7204,26.8567,49.9060
533.5408,120.7853,35.7103,45.4578
532.5710,121.9663,44.3774,40.1380
530.1596,122.0108,51.0034,44.3036
532.1249,121.9912,49.8390,44.3442
532.3650,121.5273,49.7138,43.3557
533.1984,121.2181,49.6634,43.3306
533.0195,120.5687,49.0792,46.2965
534.4071,120.0451,47.0147,45.2961
535.3195,120.3312,46.7346,40.7502
534.2396,119.3008,47.7934,43.4580
533.5275,118.7159,47.9728,47.2395
534.9687,118.3920,45.1247,44.5954
534.4167,117.5564,44.9009,45.6425
533.8741,117.4711,44.8072,47.4339
535.3932,117.6056,36.5934,40.0567
536.8688,117.3748,24.8106,39.1509
535.1273,114.9083,25.4100,37.6974
533.5019,116.4914,31.6005,40.0767
527.7328,115.1450,35.1445,40.1106
526.7573,114.7277,40.0868,41.4970
510.7039,113.1747,47.4090,45.1795
507.1190,113.5141,59.3588,50.9636
505.3239,113.7652,64.3086,51.3061
505.1248,113.6386,64.5122,48.0423
505.5445,112.8071,62.2834,49.0665
505.1402,112.6072,63.9173,49.0049
504.8835,111.4610,63.2923,53.6727
503.5002,111.6598,66.0387,48.0274
504.9413,111.0209,62.5626,53.0287
503.9448,110.5634,62.1261,54.3394
504.1124,110.1761,62.1489,53.0989
501.9521,110.4742,65.4221,49.2818
502.5628,109.9455,62.1712,47.7004
502.2857,109.8157,62.7250,50.9506
500.8460,109.1120,63.8825,52.9738
500.6859,109.0381,64.1632,54.4818
501.1133,108.8746,61.0937,52.1776
500.4921,108.3831,61.7394,53.2265
500.7446,107.8454,60.9767,54.8150
501.0554,108.0673,59.6502,49.8568
501.9371,107.5312,58.3483,49.4053
507.5785,107.3193,49.9759,44.1366
517.2184,107.8411,35.7668,42.6199
521.6044,106.9754,26.8102,50.5790
523.6957,104.5104,31.2144,48.4611
521.8313,104.5815,39.5611,45.4050
519.8262,104.1701,44.8432,48.5921
519.5398,105.9952,45.2622,45.2865
518.7169,105.8604,45.6096,45.4388
517.0938,105.5292,45.8097,50.6731
517.1373,105.4697,45.1523,48.8288
516.7874,104.9133,44.7970,51.8133
516.1371,105.4583,44.6532,46.9398
515.9878,105.4166,44.2818,45.5971
515.7603,105.9741,42.8839,45.9418
514.9169,104.4419,43.5233,51.6012
514.4913,105.1788,43.9288,50.9585
514.3962,104.3742,43.5744,52.3381
514.4582,104.5361,43.0114,53.9043
513.5674,104.9373,43.9178,52.3938
513.7698,105.0054,43.5053,50.1410
513.5797,104.4332,43.2475,53.3650
513.7032,104.7752,42.7554,50.8557
513.5296,105.1304,42.5054,49.9868
512.8522,105.2744,43.1515,51.4219
512.5579,104.6942,43.0402,55.0700
512.4119,105.0100,42.7777,52.8659
512.9619,105.8227,41.5859,48.1588
512.4949,104.8251,41.5548,53.3383
511.8246,104.4807,40.4472,56.7518
514.5961,105.4228,29.4438,55.9206
518.6508,107.5629,23.7954,53.0862
506.5182,105.6795,33.5392,52.4361
508.7232,107.0876,40.6777,50.7763
504.9531,108.5189,46.3772,47.5994
504.4398,110.4502,48.0462,43.8010
504.2390,111.6525,48.5229,44.1517
503.2842,112.5637,50.2119,42.4746
500.1787,111.6943,54.0509,45.8818
496.2006,111.5471,57.8113,45.3134
496.0385,111.1579,57.5737,48.6379
489.0217,111.4034,65.5056,48.8337
488.6048,110.9618,67.8652,52.6233
488.6829,110.9538,68.0891,54.2413
488.9217,111.4644,68.4274,54.9762
489.6051,111.0451,67.2652,58.8762
491.0890,111.6474,65.7998,56.1350
489.8318,112.1893,68.2479,51.1393
490.4506,111.7551,67.4193,53.9047
491.2383,112.4681,67.4538,53.8384
491.6628,112.6900,67.1886,49.9052
492.2570,113.1183,67.0214,49.9382
493.2909,112.5939,66.1394,48.8543
493.6280,112.6983,66.4506,49.9367
494.1106,113.0353,66.3203,50.6031
494.2507,113.3267,67.2160,50.2657
494.9651,114.1653,67.0402,46.5560
495.4705,114.2802,67.3431,50.2157
496.0069,113.6873,68.5295,51.5811
499.3880,114.1094,65.0510,49.3428
499.1873,114.6565,66.5625,51.7383
500.2786,115.1804,66.1713,51.6211
500.2878,115.2360,68.4061,49.5600
500.9990,115.8826,67.9186,48.2379
502.7009,117.3703,66.2422,48.0721
503.0023,117.4476,67.0140,50.5880
503.4339,117.8364,68.6121,51.9722
504.0221,118.1652,67.3265,51.2408
504.7874,119.3413,67.7042,49.9538
504.2498,119.3283,68.9718,52.0006
504.0732,119.5185,68.3712,52.7185
504.5415,120.5330,68.0957,50.4919
504.9285,120.8486,67.7542,47.2030
504.2740,121.4478,68.8055,47.5793
505.9308,121.2875,66.6117,49.9793
505.8472,122.2227,67.0473,46.6854
506.6580,122.5890,66.7211,45.3177
507.0529,121.4573,67.2647,47.9957
507.8835,123.4381,67.1966,44.3717
508.3097,122.3510,66.6621,49.2759
508.4969,122.8662,66.6884,45.8499
508.9792,122.5743,67.2670,49.4676
509.2929,123.0924,67.2733,47.6637
509.8556,124.0654,66.8020,45.4016
510.2441,123.6059,67.5675,49.0987
510.7350,125.1077,67.6438,47.1277
512.1392,125.6745,67.2587,44.3923
511.8718,126.3824,69.0218,44.1878
512.9649,125.1762,67.6065,49.3923
513.8314,125.9667,67.2480,49.8232
513.4603,126.1943,69.2843,49.5602
514.8771,126.4958,68.3204,48.4994
515.9136,126.5693,67.7002,49.0064
517.6318,126.7676,66.2649,47.5941
518.2845,126.5814,66.9946,48.8510
519.3661,127.2700,65.9146,49.7621
520.0767,127.8849,67.6458,44.0695
521.5721,127.4188,65.5038,46.3864
522.6788,126.3575,65.6934,50.1021
528.7732,124.2038,60.1534,50.9516
539.7809,123.1872,47.2053,55.5669
541.2491,123.6160,37.9878,54.1919
554.6965,122.0799,31.3547,58.1018
556.1664,121.4137,31.6755,53.8419
556.8582,121.9723,34.5080,49.9502
556.9788,121.9240,35.6444,46.6132
557.4183,122.0901,34.9270,46.8791
557.7855,121.8844,34.9044,46.8561
558.3134,121.6325,34.5401,48.3075
558.9521,122.4522,33.9730,49.8631
558.9468,122.7025,33.9898,49.8677
559.2996,122.4833,33.1693,50.7333
559.3434,122.8694,34.6109,48.3538
559.3298,122.5002,35.3579,48.0294
560.1767,122.9056,33.9201,45.7039
560.5378,122.2685,33.9488,48.6736
561.4116,122.8996,33.1682,47.1345
562.0723,122.7068,33.2232,47.1293
562.8388,121.8247,31.4436,49.0028
565.3787,121.9288,24.4840,51.1874
568.8727,120.8834,19.8604,53.5659
568.4352,122.9074,25.4015,51.7016
558.2119,122.2045,33.3417,46.2215
555.3511,123.3500,38.1125,41.0741
554.5208,123.6559,40.9147,43.7917
554.6800,125.3935,49.3919,38.9341
555.5179,124.7131,48.3731,36.2305
557.4641,124.3370,46.4681,35.6974
547.5938,122.9058,47.3963,35.2557
542.2996,122.7303,58.8755,33.8886
540.4902,122.1587,65.0296,38.4404
542.0746,121.9292,64.5167,42.8171
542.3652,121.0156,63.4672,46.3422
542.2864,121.2642,63.6989,48.0792
541.2757,120.7142,65.4961,53.5011
541.7112,121.6838,65.3361,49.1945
540.8351,121.3817,66.6373,51.2464
541.4116,121.3282,66.1043,52.0631
540.2825,121.2691,67.9566,52.4604
541.2000,120.9728,66.2923,52.3034
541.2898,121.0869,66.4745,55.0003
540.9741,120.6377,67.1626,47.2781
542.8915,120.5162,63.4617,49.2339
543.2248,120.3366,63.3466,47.2634
550.5146,118.6773,54.3750,49.5207
551.8997,120.2135,43.6519,53.0699
567.3975,117.8773,30.1855,54.3041
567.7266,116.2329,39.1978,51.7346
565.2700,116.2556,48.7398,47.4949
565.3448,117.3872,50.0225,46.1248
563.5414,117.9188,51.4992,43.0427
564.5584,117.3362,49.6896,42.4304
563.4875,117.6380,48.5179,43.3199
562.8599,116.7837,49.9335,50.2450
563.3511,116.9462,48.4664,49.6782
562.6193,116.4023,48.9035,54.5452
563.0466,115.7260,47.7334,57.0238
562.4419,115.7942,48.3397,60.3951
563.0721,115.9463,48.3605,52.2589
562.9614,116.8611,48.3177,50.7769
562.9688,116.9238,48.4245,48.9380
563.4385,116.6701,47.3083,50.6809
564.0484,116.5573,46.0394,50.6880
563.8835,116.1187,46.6087,54.1155
564.1880,116.7962,46.1012,47.6144
564.3580,116.7200,46.1690,47.1430
564.9976,117.0084,45.5195,45.1036
564.3878,116.9434,46.1439,47.8286
563.9995,116.6775,47.4565,49.4036
563.8851,116.2917,47.2500,51.6242
563.6790,116.0020,47.5984,55.4711
563.8417,115.3204,48.1030,52.7850
564.3310,115.6231,47.6654,50.4898
563.9326,116.1890,51.8557,50.2460
563.7933,116.8793,55.5116,49.9994
562.2021,118.0053,60.4492,46.5607
561.1889,118.1599,63.4391,47.6360
563.8313,118.4035,61.4294,46.2069
563.9910,118.2123,61.5047,47.1000
563.9863,116.6669,62.4170,54.2085
565.8386,117.6674,61.7813,47.4840
568.3411,118.0196,60.1415,46.1015
566.8089,117.2342,62.9430,47.0075
567.7236,116.5280,62.8154,50.2345
567.2722,116.2127,64.1191,52.6599
571.2511,116.5680,58.2148,49.0838
569.7432,116.6226,61.9565,48.5921
570.7358,116.0335,62.2945,51.5494
571.0181,115.9983,63.5282,51.8631
572.8765,115.8028,59.7903,50.0033
572.1142,115.9201,61.4925,49.4168
571.9918,115.9515,60.6315,51.0578
572.3608,116.2769,61.5840,49.5433
572.8757,116.4436,59.3207,45.2972
572.3396,115.6428,61.0152,50.0056
571.8995,115.9296,61.7275,50.8491
571.9297,115.8456,61.4431,46.3888
575.2153,114.4001,52.3439,51.4231
577.5325,114.1653,38.6809,51.2191
582.0038,114.2478,28.2454,53.8965
576.6149,114.3194,34.8283,52.7506
573.8458,114.9027,40.6533,50.7377
570.0557,113.8492,46.2374,49.1937
569.9050,114.9587,45.7561,43.8276
569.2850,114.4723,46.1425,44.1365
570.2440,113.3323,45.4869,49.1571
574.8921,113.7325,41.9783,43.9813
576.0367,113.9476,40.0543,40.2844
575.7538,113.1698,42.4409,38.7459
576.5510,113.0941,41.7911,38.7327
577.5107,113.1152,38.9899,38.6088
577.0032,112.7846,42.2499,40.9409
576.5490,113.5267,43.5890,40.0307
575.6473,114.2899,44.9590,42.7810
573.4818,114.6975,47.1855,37.9485
555.3395,114.0097,53.9265,38.3158
566.2014,114.4419,52.1084,41.1468
554.6774,114.0742,62.5587,47.3908
552.7515,114.4111,65.0472,49.8003
551.0238,113.8880,66.8324,55.8957
549.6104,114.5034,67.7878,55.4969
550.7457,114.0176,65.9309,54.5535
549.9025,114.4924,66.1134,52.6153
549.0327,114.8221,66.5120,49.7117
548.3319,115.1539,66.9336,49.5786
548.3533,115.4328,66.9191,47.5439
548.9073,114.6948,66.4839,52.6432
548.1891,115.4966,67.8182,43.1311
549.5515,114.3716,66.0406,45.7137
549.1993,114.0983,65.8374,46.3276
549.4911,114.2849,65.0359,45.6474
549.4911,114.3282,65.5526,48.1984
550.4227,113.4600,63.8830,42.6384
558.9932,111.2340,53.7410,41.3451
557.9198,111.0541,43.3696,50.7854
577.1141,109.1370,28.3501,43.7441
577.4858,107.7100,33.8078,43.2474
577.4130,107.7693,34.0215,42.5919
576.8557,107.6527,34.6817,38.9908
576.0542,107.6317,34.8374,39.8301
575.5091,106.9252,34.6305,42.8762
575.2501,106.7001,34.6104,43.1666
574.4316,107.0155,35.4993,45.5463
573.9016,106.4734,35.2351,46.6739
573.8704,106.5306,33.1943,47.8908
574.6778,106.6574,27.2468,50.9892
576.6610,106.1926,19.1661,50.9449
573.2114,109.0869,26.2411,50.9606
567.7093,110.9397,35.5405,43.1421
563.2766,113.2198,41.5102,37.4714
559.1784,113.6616,47.1339,32.8614
558.2335,112.5688,47.7435,33.6219
558.3463,111.8176,46.5991,32.3545
559.6955,111.8965,44.0871,30.8333
560.0009,111.4522,39.9236,29.5109
559.5322,111.1355,37.8424,30.0387
558.5732,110.9180,38.3840,30.1981
558.8354,110.9517,37.2514,29.7790
559.5716,111.3403,36.1871,26.0292
559.4102,110.6316,34.2328,21.4309
558.7795,110.8566,35.9268,24.7034
557.7126,110.9206,35.4649,18.3087
557.7275,111.1110,34.6740,17.4691
558.5350,110.9341,33.0634,17.1045
561.4864,110.5046,31.7917,19.6002
567.8647,112.8915,31.7502,24.8315
567.5806,106.9546,27.6561,27.8710
569.7847,111.5672,25.6112,30.0923
577.1945,106.7061,29.6454,32.8051
577.3628,105.7851,33.0949,36.8733
581.0438,106.6442,29.5661,35.6169
568.5139,106.2591,32.4860,38.4841
566.4591,106.5228,32.5032,39.4838
575.5170,105.1115,34.2231,38.5373
571.9034,106.3986,38.1852,37.3871
566.0208,106.2553,43.4381,42.5614
563.8824,105.4759,47.2159,51.5263
564.6379,105.9222,46.1648,47.9321
565.0701,106.1491,45.5540,46.9872
564.5217,105.3045,46.4255,50.5981
565.3951,104.7969,44.8258,52.6479
564.9828,104.8809,45.3259,52.7070
564.8155,104.4637,45.8354,52.5922
565.5358,104.9558,44.4559,51.6819
565.6042,105.1537,45.1362,46.8240
565.3628,105.2385,44.9874,50.2801
566.4321,105.7938,43.7263,44.3659
566.7657,105.4207,42.5058,44.4920
567.6960,105.3190,41.1378,42.5170
568.5515,105.1342,40.5954,42.9517
569.5527,105.0834,37.0602,48.0079
572.9404,104.9353,28.3119,52.8589
565.5007,105.8235,34.0438,53.2989
562.9323,106.0863,42.2855,49.5093
562.1412,107.7810,44.7601,44.9799
560.4582,109.3699,48.1592,38.0741
558.6096,109.4663,50.5767,36.0289
557.2652,108.2449,52.5283,36.7467
557.5158,108.6134,53.3755,38.3092
549.0353,108.3832,61.4215,38.5858
545.6732,107.9119,64.8479,40.7184
546.6111,108.2089,67.0079,44.7276
547.4014,107.9248,65.0679,45.5555
546.8816,108.0910,66.7399,45.9562
546.8511,108.2075,66.7084,42.2982
546.5178,108.1664,67.5385,43.5920
547.2377,107.6942,66.3423,46.0149
546.2548,108.4432,68.0333,42.3698
546.0188,108.0605,67.4242,45.5110
544.5660,108.9326,68.9487,42.1119
544.5145,109.1936,68.0768,42.2422
542.8413,108.6440,68.3348,45.1688
542.8121,108.9602,68.0098,45.9609
541.9026,108.9945,68.0193,47.8618
542.4399,107.9229,65.5185,45.8954
545.0207,106.4918,60.3141,49.3608
554.1749,105.2467,52.2531,51.6874
553.6333,106.3237,41.4119,51.9107
571.7426,104.0473,30.0982,52.8860
572.2139,101.6761,21.0777,56.2195
572.1815,101.5876,19.9556,53.1860
571.9777,102.1124,20.0781,51.3890
573.1351,101.4304,18.5998,52.4358
573.3214,101.1966,18.3427,50.5205
572.9604,101.8849,18.7278,46.8151
573.1928,102.1203,18.2352,42.0054
573.7570,102.1773,17.3693,41.2118
573.8210,102.0100,17.3189,39.8019
573.6849,102.1052,17.2918,40.0033
573.9541,102.2876,17.4335,39.3563
574.5672,102.1090,16.7720,41.8111
574.7521,100.9483,17.2057,43.0497
574.8579,102.1385,17.0925,42.3824
574.6438,101.9789,17.5570,41.1790
575.4864,102.3017,16.8190,39.7265
575.7340,102.2893,16.4834,41.4748
575.5748,101.8583,16.9899,42.8503
575.4487,101.5469,18.3449,45.4451
575.6801,102.6373,23.7862,42.4789
586.8924,102.8032,24.9424,39.6687
582.4918,104.1601,29.9226,41.6137
577.0958,106.1775,33.7131,38.0309
584.2937,106.1994,42.9912,32.9428
582.8352,105.9079,45.3606,40.8927
573.7535,105.5127,53.4150,44.1045
571.0641,105.6043,58.0708,46.2422
571.7937,105.8594,58.6571,44.3227
571.6121,106.3238,58.8936,44.2424
571.9032,106.2711,59.1294,45.0702
571.2021,106.8625,60.8001,42.9385
573.1698,106.6870,58.6290,44.3014
573.8770,106.8192,58.4795,43.0702
573.2949,106.5547,60.2676,45.7564
573.9424,107.7585,60.5642,43.5235
576.0676,106.7814,58.6989,44.6809
576.0569,106.9208,59.3954,44.3611
575.9177,107.8581,60.0588,41.4649
576.0659,107.2971,60.1363,43.1852
576.1578,107.5498,60.1512,42.2699
577.0581,107.2992,58.9118,42.6497
577.2522,107.2749,59.0334,42.6880
576.9500,106.0722,59.0795,47.6744
579.4295,105.5955,49.3163,44.6095
584.4165,105.1400,41.1694,52.4517
578.9382,104.2517,34.6627,43.5498
581.2278,107.0799,36.0866,36.2505
576.1584,105.5921,43.9175,38.6461
573.5456,107.0070,47.5599,38.3758
575.3521,107.1840,45.8896,36.3742
574.0759,107.4538,48.6672,38.0693
576.6274,107.4118,46.6142,39.3591
577.3748,107.7620,46.5274,35.8669
576.9185,107.2381,47.1120,36.9490
577.9827,107.9888,46.6706,33.8426
577.6964,107.6561,47.0682,35.3562
578.2871,107.3208,46.6319,37.3808
577.4341,107.6500,47.9506,35.0915
578.3259,107.1610,46.8196,36.6121
577.6393,107.6541,47.2713,36.1249
576.6554,107.4632,48.4137,37.2810
577.2261,107.3683,47.8774,37.8232
577.1250,107.8940,47.6891,35.3731
578.1086,107.8024,46.0174,34.4963
578.7163,108.3054,45.2516,34.2258
577.3698,107.9131,47.5594,35.4614
577.5861,108.8675,47.7833,33.4397
579.4921,107.4791,45.1643,34.8874
572.4850,106.2302,50.7174,36.4617
564.2586,116.1893,52.8699,39.3583
579.0383,107.6207,47.8504,47.9676
586.6597,103.8601,46.2885,50.8759
586.2738,103.1230,51.8427,52.4991
586.3415,103.3807,51.9953,53.6482
586.2642,102.5135,52.8873,54.8913
586.1169,103.9522,53.2767,51.1973
586.0876,103.0258,54.1804,55.5002
586.7594,104.0815,53.0046,49.3308
585.6876,103.2500,55.9596,53.5796
586.8428,102.8326,53.6524,60.5070
587.4252,102.4676,53.6644,57.5840
586.8286,102.9365,55.4832,57.3619
587.9063,103.1866,55.3906,51.5846
588.2250,103.6194,55.9864,48.9377
589.7804,103.2165,55.1005,54.8478
590.9319,103.2966,55.5718,46.8944
589.9230,103.2136,58.7484,50.8292
592.0547,102.9849,57.9678,51.5880
592.2344,102.7153,59.1613,51.0956
592.5520,101.9680,60.9262,53.3857
593.9855,103.0847,62.7697,46.4785
594.0170,102.7228,63.6249,45.7048
594.4313,102.3316,64.3006,50.6557
595.3091,102.1699,64.8892,51.1474
595.5597,102.6961,66.6612,52.4062
595.9933,102.6417,67.7776,51.1845
596.6713,101.8250,67.6228,52.9059
599.0089,102.0008,65.7340,50.0041
599.0006,102.4536,66.5045,46.4613
599.3329,102.3590,66.0201,47.7701
599.8379,103.1839,64.9567,46.6365
600.1306,102.3595,64.5531,46.5334
600.1432,102.5373,64.9190,47.5805
600.5185,102.6823,65.4864,46.7357
600.7109,102.4112,65.3191,46.7471
601.6442,102.6398,64.0360,45.1138
602.3688,102.0894,63.3850,47.0049
606.3408,100.5079,54.0324,48.6752
610.6476,101.2326,50.9334,47.9580
604.8739,100.2378,36.6498,52.3282
600.2487,100.2328,44.1319,49.1606
602.7108,101.6357,43.5583,45.5987
603.4266,103.2102,46.1117,46.9275
602.2033,104.6204,47.0363,41.7605
605.6302,103.8552,45.8782,41.6814
607.7476,103.1620,41.9102,39.6330
607.0606,103.0783,44.4935,39.9410
606.7328,102.8241,45.1260,40.3055
606.6149,102.5179,46.0975,43.1838
607.3802,102.3610,45.0251,45.6290
606.1228,102.6569,46.3695,43.9266
605.0040,103.5388,48.4154,42.1775
608.2885,103.4520,42.4237,39.7349
605.8826,103.0009,46.1533,39.7655
607.5718,102.7709,43.4841,41.6625
607.6980,102.9333,43.4066,39.3882
606.6264,103.6456,44.9747,35.5552
607.1510,103.1820,43.1781,34.4319
607.9462,102.7583,39.8362,34.1460
608.4711,103.1421,40.5784,33.8590
607.4163,103.2952,42.2170,33.3385
606.5981,103.3560,43.4069,33.2690
606.4902,102.7816,44.0706,36.6433
604.8881,102.5788,44.7557,36.0680
606.3008,102.3024,43.5424,35.4318
605.1294,101.4819,43.7754,37.0084
608.1476,99.3606,35.0502,35.9846
613.0562,99.2779,26.5290,35.7761
620.5049,97.1781,30.1320,37.5429
616.7419,97.6988,35.6422,34.7150
614.7759,98.5963,37.3922,32.1930
620.2291,97.3766,45.9718,32.0996
616.6486,97.1058,49.4912,40.4968
611.4630,96.8774,54.1519,47.5622
606.2919,96.9684,59.2575,48.8294
605.0871,96.5145,61.5298,49.9965
605.4173,96.8459,61.1628,47.2172
605.1233,96.3673,61.2157,48.0814
605.8773,96.5620,58.7689,46.1129
606.2122,96.2856,56.5862,47.2657
609.0903,96.6789,42.4895,48.3673
613.2413,93.1887,33.0667,57.0010
606.8971,96.9397,38.2757,55.0090
604.0095,97.3629,44.4090,54.1823
603.7453,99.2308,46.5906,44.2239
604.9026,98.6492,45.2302,40.9768
604.9630,98.9620,45.3899,37.7538
606.1488,98.9102,43.2414,35.5631
605.7968,98.8207,43.0625,36.2092
606.8757,98.7738,42.4552,35.5699
604.9710,98.8309,45.2329,36.4063
606.5709,98.6640,42.3597,33.9302
604.9860,98.9381,45.5123,36.2749
606.1089,99.0152,44.1130,33.8026
606.4867,98.7063,44.1863,36.4473
605.5776,98.9745,45.5158,34.7389
606.8363,98.2389,43.7852,38.0151
606.8235,98.6933,45.4850,36.4464
607.1307,98.5948,45.7733,37.3096
608.2764,98.4655,44.7490,38.3708
610.3134,98.0106,42.9074,36.7751
602.6333,96.9086,49.0879,38.8084
603.9725,95.4704,42.3997,39.7457
622.1710,95.0125,32.8413,39.2514
631.0765,94.0296,39.2596,44.3661
628.6306,94.9340,47.3433,49.6917
625.7249,95.9507,52.3982,46.6301
621.1427,95.9997,57.0736,45.0312
615.7899,95.8251,63.4799,46.1952
615.8796,95.0324,63.8803,51.8020
616.5232,95.4706,64.1273,47.4368
617.2476,95.3510,64.4937,47.5986
619.1010,95.4414,62.2261,45.8001
618.9700,95.5652,62.6461,46.7763
618.4174,94.8139,64.5294,49.2631
620.2431,95.6096,63.5778,45.4892
620.2513,95.1554,63.7167,48.7321
621.6584,95.1374,62.5756,47.0635
622.8115,95.8570,61.6554,44.1709
623.3150,95.9123,61.7311,42.8810
624.3096,95.5514,60.6230,44.0208
624.7286,94.8889,60.8663,49.5511
627.1197,94.6521,55.0418,49.2559
630.4188,93.0286,39.1645,50.1785
635.5109,92.8732,26.6977,47.0080
632.4952,95.4255,35.3353,48.8699
629.7838,96.5723,33.1281,43.1170
626.9892,96.6204,33.7816,40.8858
627.0056,97.9452,34.6952,38.3487
629.3794,97.8622,42.3326,44.9072
627.7850,99.6655,48.3482,40.5544
629.7760,99.6012,44.4044,38.3544
630.0272,100.5829,45.9418,35.6224
629.9971,100.3179,46.2754,33.3942
631.3794,99.6275,44.5721,32.9729
631.5074,99.8470,45.5510,33.6164
633.2893,99.8436,43.8936,33.7857
633.6387,100.1309,43.6342,33.9812
634.7318,99.7804,42.6640,33.5090
635.1902,100.2449,41.0765,31.7961
635.4012,99.7205,38.9253,29.4658
635.0212,99.0110,41.4485,29.4165
633.8939,98.6930,47.7333,36.3929
635.2241,98.9816,45.2372,38.1735
635.5333,99.9014,43.2497,36.2730
633.1279,100.6383,48.3446,35.2176
626.8661,100.3628,54.8247,36.7344
620.0042,99.9122,61.5972,39.9023
619.7443,100.3639,63.6895,39.6365
619.1799,100.4195,63.6410,38.9212
619.3478,100.4707,64.7629,39.2241
617.8217,100.2343,68.3930,39.7292
620.4070,100.5027,63.8673,38.7631
623.0587,97.7494,61.8275,41.7710
634.4658,96.4843,48.5609,46.9651
633.0560,96.5338,38.2108,48.4886
645.5333,94.6063,44.9036,43.9268
643.6010,95.7084,41.9740,37.7322
651.1053,94.2675,50.9463,41.6899
646.9948,94.5865,56.8277,42.8677
644.9569,94.7290,58.5498,42.1789
644.7485,94.3504,58.7829,45.3841
643.9631,94.4757,60.8702,45.8880
643.7131,94.1662,61.9145,49.6021
643.7233,94.4437,63.5232,49.9011
645.6775,94.9664,61.9348,47.0589
645.1979,94.7579,63.2762,50.0889
644.5366,94.2644,65.0877,51.3715
646.4736,93.9987,63.6364,53.8204
648.4435,94.5385,60.1148,49.4727
647.4556,94.8129,62.8639,50.3407
647.3973,94.7764,64.1431,51.0920
650.5900,95.0387,59.0686,47.7020
649.1564,95.0245,62.7220,48.5463
649.9604,95.3039,63.7239,48.8914
652.1420,96.0802,62.0451,44.5514
652.5140,95.5513,61.9451,45.9123
653.3205,94.7430,61.6189,47.7449
655.2672,94.4518,59.5894,46.2895
658.6293,93.3508,43.6673,44.6232
661.5981,93.3331,38.7719,42.4620
667.6177,91.7158,35.1951,44.7192
655.2681,98.2280,44.3494,42.3955
655.5181,99.9305,45.4333,39.1014
656.0258,100.1061,45.8146,36.8902
657.5233,100.3336,45.3043,35.0275
658.1833,99.6109,46.0564,36.1398
659.2338,99.6303,43.1274,37.2352
658.8467,100.2448,45.3583,34.1212
660.3482,99.6928,43.7505,34.7807
660.7909,99.6054,43.6101,34.2427
659.5754,99.8450,45.8060,32.5780
657.0051,99.2880,49.2152,34.5563
647.1454,99.6631,58.1231,33.7205
650.1451,99.8176,57.9662,37.1390
645.2667,99.0208,63.2938,42.9024
644.9713,99.6652,65.9822,42.1702
645.0150,99.6840,66.9312,40.8782
647.0322,99.2319,63.3144,44.3783
647.7540,98.5620,63.3840,45.1367
654.9732,97.1315,54.4260,47.4465
664.8582,97.1481,41.1010,40.4386
666.0768,93.8480,39.1389,44.5974
672.9518,94.3690,48.7900,45.4895
669.5662,94.2927,59.9799,49.1869
668.6450,94.8692,63.1833,49.7953
667.8360,95.1483,64.6920,52.1028
666.8628,95.7226,65.3041,48.7265
667.7520,95.7547,61.8063,51.4281
671.4957,95.4723,57.8533,45.1138
670.4478,95.2897,60.3756,46.1010
670.5775,95.7693,61.4091,45.9653
670.4056,95.3585,61.6925,48.0175
669.3673,95.6616,62.8116,50.2332
669.5262,95.0383,64.6216,51.7936
671.9647,94.9233,62.5989,51.4846
672.2311,95.9811,63.5068,47.8561
672.3001,96.3698,63.5550,50.3100
672.4509,96.1010,64.0827,50.1338
672.0259,96.5091,64.8470,52.2956
674.9718,96.6099,61.2460,45.8176
675.4109,96.5053,61.6912,45.0117
675.8336,96.4713,60.7373,46.1921
675.4965,96.0364,61.5061,48.2752
679.9478,95.9249,49.4192,47.0212
687.6032,95.2571,42.7653,47.9193
675.7898,96.2519,39.8897,40.8609
675.0249,99.4721,44.1525,38.1798
673.9607,101.3975,46.8683,37.8833
667.5320,101.2568,52.0222,40.1214
663.9756,101.2629,56.0605,43.8862
662.7950,101.3015,62.1536,43.6169
663.2764,101.7216,63.9506,45.2241
663.1078,101.1855,65.2846,50.5140
662.9375,102.0090,65.8627,43.6946
663.6767,101.8132,65.4842,42.7369
664.5775,102.2566,62.1794,44.5177
664.3755,101.7297,63.5407,44.8622
664.2557,101.5774,63.2275,44.8241
664.4733,101.6048,62.9671,44.3037
665.3136,101.3099,61.5953,45.2962
666.3560,101.0775,58.7867,41.4093
670.3914,99.3149,55.6668,42.0135
668.8897,99.2759,45.7749,34.9062
684.6970,99.2552,35.7482,39.3654
695.7783,98.0482,39.2274,39.5770
696.9647,98.9258,43.9570,38.2233
695.3223,99.4721,48.1500,42.0273
690.8967,99.9169,52.8731,44.0409
689.8494,99.5447,53.7339,46.3117
682.0348,100.4307,58.7986,40.5553
680.4604,100.2177,60.6772,41.7668
681.2130,99.1357,60.3312,43.6931
680.9263,98.1389,60.2837,45.0208
681.4061,97.8695,60.3315,43.4184
682.9172,97.3568,59.1131,44.4071
682.7471,97.5029,58.7192,43.7530
683.3205,97.2240,56.3927,45.0582
686.5076,96.0997,43.5131,49.9154
691.2855,94.9858,31.3274,51.3855
688.3281,97.5464,34.6285,45.7650
683.8637,100.8330,42.0644,45.2737
679.9571,104.6455,47.9335,37.9513
678.6982,104.4818,47.2311,34.9449
675.7443,103.7191,50.5621,34.3163
671.1590,104.0523,51.9878,31.5139
665.5674,103.1643,58.8659,34.5455
664.4996,103.2177,61.8698,36.4524
665.4166,102.8464,60.4613,37.7032
665.4996,102.4654,60.4087,39.6159
665.2614,102.8317,61.2928,38.8115
664.3558,102.7875,61.3935,38.7296
664.0914,102.0282,63.3862,42.8524
664.2701,102.7700,63.0408,41.1053
664.0586,102.7433,63.5005,39.8552
664.7397,102.4315,63.1698,40.4037
664.8680,101.8860,61.7931,43.3318
665.0969,100.9081,61.5426,44.5302
673.4283,99.3113,51.1689,44.9168
673.7736,98.6182,37.2015,47.1683
688.5011,98.0010,38.8559,42.2778
684.0294,98.4571,46.7359,43.7613
681.7987,99.0016,57.9550,42.9007
680.3051,98.8511,60.1096,45.9883
679.4808,97.7737,61.1462,52.1331
681.5057,99.0014,57.5843,41.2113
680.5438,99.1662,58.1238,44.2269
680.2053,98.4906,59.4456,47.7799
678.6018,98.9756,61.9684,45.9220
679.5263,98.2185,60.6638,50.3011
680.0811,98.2063,59.1749,55.3153
680.0773,98.3770,59.1702,51.1717
681.1942,98.2595,60.2492,47.6780
680.3022,98.4393,61.3811,48.9396
680.5251,98.6021,61.8875,48.2525
681.2308,98.2864,61.1821,48.2504
682.4449,98.5157,59.3852,45.1400
681.6600,98.2490,60.7195,47.6771
682.0676,97.7292,62.0544,50.8460
684.8867,97.7876,57.3725,48.5313
684.1511,98.6809,60.0379,46.6820
684.6129,97.9831,59.7481,49.8457
685.9017,98.1407,59.4333,50.6271
686.3119,98.2715,61.6450,49.7950
687.8988,98.3869,61.1327,52.8028
688.0187,98.6965,62.5069,55.0898
689.5480,99.2274,61.2762,50.1653
690.9540,101.1267,61.2496,47.5740
690.2779,103.2424,65.0825,46.0251
690.0610,106.3827,69.5767,44.4822
692.8829,108.0486,68.6140,44.4917
694.7659,109.7543,68.5360,40.4318
695.9582,110.8312,70.5615,40.9774
697.3641,112.1230,69.3976,40.5736
699.3753,112.1926,70.2342,43.0204
699.9011,113.3996,71.7090,44.5550
702.5995,113.3210,69.0570,47.6635
704.3370,115.5615,69.1774,38.6362
706.5759,116.8483,70.0342,37.4427
708.3137,118.3060,70.3757,37.0678
712.0504,119.1507,68.6761,38.8535
713.9069,121.2305,69.8047,39.9317
717.4814,122.3787,70.1875,43.4695
720.6525,124.3951,68.6379,41.6226
722.5318,127.4283,69.7167,37.4800
726.6333,129.2039,64.2065,38.4862
729.1131,131.4077,59.7653,34.0220
731.7457,133.1984,59.8156,33.1961
733.3430,134.8269,60.5242,35.9641
735.9155,135.6692,61.7318,38.0508
737.6572,137.1575,60.0574,41.3873
739.2465,138.4215,59.2169,42.5929
740.8847,140.7759,59.1777,42.7012
742.4865,142.7875,59.1226,39.1939
745.4713,143.7268,56.4946,41.0620
745.8975,144.4931,58.7167,40.8106
748.8568,145.7923,55.8957,38.0196
750.6974,146.7521,56.7115,36.8534
752.5609,147.9858,55.3947,36.0485
755.2620,150.1474,52.7607,35.1491
756.8074,151.1744,50.5318,34.8901
757.4640,152.2346,49.9692,35.0676
757.2033,154.0226,50.9819,31.9476
758.0741,153.7804,50.4849,33.2458
757.8997,153.0336,48.2367,36.6233
753.5569,153.7550,50.4844,38.8972
748.7399,156.3790,50.5203,40.2405
742.5057,157.4729,53.3090,40.0874
736.4752,160.2346,54.0764,40.6520
731.6718,162.2112,52.9652,38.3464
749.2231,160.9081,50.8933,28.6657
732.8539,166.1252,49.9841,32.0802
708.9875,173.6153,55.6047,34.5299
696.0493,178.9958,60.6999,39.5245
688.8405,185.3538,64.2500,47.2520
687.9745,192.1310,59.2968,54.9680
681.0279,195.9299,67.5871,62.9474
682.5591,196.8220,68.9220,73.4050
686.5074,193.8965,67.3628,76.6374
688.7213,192.5205,68.7714,71.8862
686.5353,191.5951,72.8934,70.6557
685.7985,190.1570,76.3202,69.8431
689.6335,188.7299,73.7049,72.9242
692.4435,184.5210,68.3822,77.8407
704.1129,178.9303,80.3058,76.0836
728.7313,172.2650,88.2274,93.8740
720.6658,166.8012,95.0576,103.3628
731.0675,166.0846,70.2698,87.2590
739.0768,163.6907,61.2131,91.1456
730.2947,163.7784,64.4503,96.6938
725.5959,163.9131,63.2081,88.4150
721.3403,160.5240,62.5250,87.3085
716.6322,156.1319,62.5286,67.2441
716.0234,154.6504,54.5724,64.4507
714.2668,152.9144,53.0571,64.8681
712.6914,151.4816,52.9306,65.9332
711.9167,149.7533,54.2942,67.7807
709.0936,148.5306,59.2307,66.7458
704.2979,146.2364,62.2108,70.7564
704.2004,145.2256,61.7579,71.4596
703.7381,147.3925,62.9651,70.6718
704.6420,148.0172,66.1961,72.3241
707.9457,148.9775,63.8943,68.6615
716.8578,145.4834,55.5958,68.2186
725.5847,143.3018,47.6132,60.9488
731.4052,140.4399,45.2440,65.0910
734.0784,138.6148,42.7702,64.3392
2
0
0
0
0
1
742.7390,203.2778,19.3000,46.7185
739.7842,206.2517,21.9202,41.3962
737.7410,207.0162,25.8994,41.2070
736.1340,207.7497,26.6063,35.5997
745.0728,201.0368,22.6643,37.0329
746.7656,225.9724,23.6151,38.7349
2
0
0
0
0
1
737.2233,169.7404,18.5189,49.7416
732.8831,168.3920,19.4362,49.1678
725.7791,165.1209,25.9898,49.6184
718.6830,164.6964,32.7305,47.4692
715.1838,162.6083,34.4089,50.3028
713.4205,162.2933,34.4722,47.7239
712.3920,161.3918,30.9261,47.9526
709.7556,161.1424,30.9044,48.0061
707.9663,159.4056,29.6109,48.6574
706.0567,158.3091,29.2620,48.2059
703.8652,156.8057,28.8101,49.5921
701.6951,155.7731,28.0289,50.5014
701.1530,154.9731,26.5275,50.3109
697.4594,154.9263,28.0258,49.2409
694.7150,155.2448,28.5249,50.1734
693.3693,155.6826,27.3169,52.2300
691.6698,158.2291,26.0165,51.7444
689.6073,162.1492,24.0525,52.0101
687.8077,170.6142,22.0415,50.3645
685.0275,181.0226,20.2351,50.6950
681.3743,195.4069,20.1842,49.8454
677.7765,212.1387,18.1929,50.4331
670.9521,233.8770,20.3965,52.1511
665.2759,259.5425,24.9298,45.7520
664.5742,271.8409,27.7672,39.4398
670.6624,273.9930,21.3855,35.2743
666.0303,273.1953,21.4176,35.0413
665.8348,276.4123,20.6233,31.2626
