1
167.36959838867188,20.144100189208984,43.13130187988281,55.668800354003906
164.5841064453125,24.336299896240234,52.57279968261719,49.21480178833008
160.97390747070312,30.59819984436035,50.3838005065918,38.93040084838867
169.10549926757812,33.599700927734375,49.73379898071289,31.9596004486084
164.314697265625,41.2588996887207,45.334999084472656,23.11590003967285
172.856201171875,45.24300003051758,43.49909973144531,21.15679931640625
181.03599548339844,44.95289993286133,41.89459991455078,30.328800201416016
181.95440673828125,44.286598205566406,41.96649932861328,38.045101165771484
182.3607940673828,43.68579864501953,40.812400817871094,46.190799713134766
187.22300720214844,43.18880081176758,31.76580047607422,46.52280044555664
189.9550018310547,41.68069839477539,25.694599151611328,51.75450134277344
193.58389282226562,48.59400177001953,23.00670051574707,62.22919845581055
192.14230346679688,46.54399871826172,26.18869972229004,69.54290008544922
191.99000549316406,47.61989974975586,27.99139976501465,71.247802734375
189.29049682617188,50.35419845581055,33.499000549316406,66.40679931640625
189.4965057373047,59.354801177978516,35.815799713134766,57.8047981262207
186.96209716796875,63.7593994140625,40.170799255371094,49.30440139770508
184.10830688476562,70.54789733886719,42.94879913330078,39.15800094604492
180.73179626464844,63.81209945678711,44.8297004699707,41.474300384521484
182.40960693359375,54.42509841918945,37.83290100097656,44.0276985168457
184.4947052001953,48.0625,33.152400970458984,50.21419906616211
190.87510681152344,57.80329895019531,31.206300735473633,62.388099670410156
188.83250427246094,52.22930145263672,39.525299072265625,69.54940032958984
186.71200561523438,51.63410186767578,35.09429931640625,71.92469787597656
186.6822967529297,51.59870147705078,37.87220001220703,74.0386962890625
188.26780700683594,53.313201904296875,42.22019958496094,69.07769775390625
190.7801971435547,63.412899017333984,42.46480178833008,60.39780044555664
187.42849731445312,76.11720275878906,44.568199157714844,52.028900146484375
184.74530029296875,82.96900177001953,37.4364013671875,46.18050003051758
182.31280517578125,86.68720245361328,37.17219924926758,41.13959884643555
181.0229949951172,83.29550170898438,41.61119842529297,43.93429946899414
180.99600219726562,82.88469696044922,40.880401611328125,46.192100524902344
178.80169677734375,80.85260009765625,35.780601501464844,46.93629837036133
175.8986053466797,77.23079681396484,31.97570037841797,50.368099212646484
175.75320434570312,73.654296875,30.207199096679688,49.34859848022461
174.1053009033203,69.92179870605469,30.250900268554688,52.15610122680664
173.5789031982422,65.3468017578125,29.29450035095215,55.81520080566406
168.16799926757812,62.05609893798828,34.463199615478516,58.50419998168945
157.8865966796875,57.10710144042969,42.85710144042969,62.32780075073242
155.90550231933594,53.09400177001953,44.42639923095703,65.25060272216797
156.00250244140625,49.679901123046875,42.9556999206543,69.78820037841797
156.97079467773438,44.376399993896484,39.206199645996094,75.07579803466797
156.29640197753906,42.63410186767578,38.80339813232422,76.60820007324219
154.40499877929688,42.40660095214844,40.273399353027344,78.40070343017578
153.960205078125,41.295799255371094,39.26259994506836,82.15149688720703
158.7017059326172,45.08489990234375,33.45209884643555,79.306396484375
160.0272979736328,48.404300689697266,32.54100036621094,75.2782974243164
157.20750427246094,52.25630187988281,32.57400131225586,72.30879974365234
153.1009979248047,52.84080123901367,32.03950119018555,74.09159851074219
148.8376007080078,51.60749816894531,33.07270050048828,75.16190338134766
148.85780334472656,57.23350143432617,40.04010009765625,73.98320007324219
143.97799682617188,59.218299865722656,44.594398498535156,71.98770141601562
149.13279724121094,58.625701904296875,38.53889846801758,72.31829833984375
150.2292938232422,63.53739929199219,34.297698974609375,67.96540069580078
145.38519287109375,66.49629974365234,34.60340118408203,64.94499969482422
147.15780639648438,67.14669799804688,30.94339942932129,62.42829895019531
149.83670043945312,67.27410125732422,26.727800369262695,64.0896987915039
148.41819763183594,67.97000122070312,25.62619972229004,61.48509979248047
149.56260681152344,66.26229858398438,26.319799423217773,63.682498931884766
149.05520629882812,65.13130187988281,33.778499603271484,63.097999572753906
149.3000946044922,65.85459899902344,42.108699798583984,62.40679931640625
150.3148956298828,65.80919647216797,42.54180145263672,63.4203987121582
148.0550994873047,66.53340148925781,50.1693000793457,63.72819900512695
152.44369506835938,68.19380187988281,47.58980178833008,64.2156982421875
155.27279663085938,68.77259826660156,42.738800048828125,64.07230377197266
156.7440948486328,71.74169921875,39.82059860229492,62.58369827270508
159.726806640625,71.8904037475586,34.72909927368164,63.50960159301758
160.7761993408203,71.8373031616211,32.694801330566406,65.61940002441406
163.2801971435547,71.3750991821289,32.42300033569336,63.55160140991211
164.1717987060547,71.82250213623047,34.6974983215332,63.69060134887695
165.38499450683594,73.69100189208984,39.77170181274414,60.27830123901367
165.63600158691406,74.15779876708984,46.20790100097656,62.303199768066406
166.83180236816406,75.94259643554688,50.04840087890625,61.67890167236328
168.0417938232422,77.25170135498047,51.461299896240234,60.66389846801758
169.86289978027344,75.89600372314453,51.651798248291016,62.7775993347168
171.30760192871094,72.98519897460938,50.92900085449219,65.0790023803711
173.87330627441406,73.80159759521484,47.277801513671875,64.14420318603516
176.1820068359375,70.93910217285156,45.42409896850586,66.92160034179688
180.13189697265625,70.6227035522461,37.495201110839844,66.65630340576172
181.04519653320312,70.16649627685547,37.991798400878906,69.24400329589844
182.32899475097656,64.66699981689453,34.95719909667969,72.85269927978516
184.05039978027344,61.51499938964844,32.447601318359375,75.94020080566406
184.56570434570312,60.23929977416992,32.176700592041016,78.01129913330078
188.17909240722656,60.214900970458984,29.995800018310547,79.52249908447266
187.7095947265625,60.455299377441406,30.3966007232666,79.36959838867188
191.51559448242188,58.25859832763672,25.803600311279297,80.89929962158203
193.08779907226562,58.415401458740234,23.55190086364746,81.1863021850586
193.02349853515625,57.33599853515625,24.539600372314453,82.5510025024414
194.5751953125,58.41910171508789,22.10700035095215,80.69499969482422
194.71380615234375,60.18880081176758,20.79829978942871,78.28099822998047
194.5388946533203,56.20009994506836,20.433000564575195,82.44989776611328
194.40130615234375,57.59109878540039,20.8700008392334,81.29409790039062
193.08859252929688,58.54669952392578,23.15850067138672,81.11270141601562
194.12750244140625,56.9005012512207,21.669700622558594,81.91919708251953
194.93789672851562,60.35300064086914,20.934900283813477,78.5730972290039
194.93150329589844,60.65739822387695,21.828399658203125,78.7301025390625
195.13909912109375,61.132999420166016,21.328100204467773,78.86199951171875
194.9647979736328,61.690399169921875,22.216899871826172,77.0635986328125
195.40069580078125,61.444000244140625,21.784000396728516,78.96530151367188
195.8365020751953,61.6083984375,21.676300048828125,80.21839904785156
195.45030212402344,60.1431999206543,22.056299209594727,80.31759643554688
196.73570251464844,63.7218017578125,20.464500427246094,78.52999877929688
195.9091033935547,64.26840209960938,21.297199249267578,77.2782974243164
195.57040405273438,64.21199798583984,21.235599517822266,77.2802963256836
195.67799377441406,62.25709915161133,20.957500457763672,79.19450378417969
195.6800994873047,67.0103988647461,19.972400665283203,74.63629913330078
195.5529022216797,65.6802978515625,19.535400390625,76.24220275878906
193.47940063476562,66.11949920654297,21.536500930786133,76.90160369873047
193.3677978515625,64.33660125732422,21.812599182128906,77.60880279541016
192.8218994140625,65.95010375976562,21.106599807739258,77.47820281982422
193.31300354003906,64.3467025756836,20.200300216674805,78.60440063476562
193.29710388183594,65.76329803466797,19.766000747680664,77.60700225830078
193.2113037109375,66.9395980834961,19.936199188232422,76.67140197753906
192.32940673828125,67.00689697265625,20.774900436401367,76.17359924316406
191.17160034179688,65.1364974975586,21.60759925842285,78.79750061035156
192.0803985595703,67.02429962158203,20.934499740600586,75.17849731445312
191.7353973388672,65.8406982421875,20.737600326538086,77.39959716796875
191.11810302734375,65.04810333251953,21.813100814819336,78.00199890136719
191.77659606933594,67.11180114746094,19.848499298095703,75.88249969482422
191.14700317382812,66.12920379638672,20.561800003051758,77.70320129394531
191.54139709472656,65.63079833984375,20.802400588989258,77.39749908447266
191.65809631347656,64.26920318603516,20.220399856567383,78.85810089111328
191.80360412597656,65.46549987792969,19.417600631713867,76.5154037475586
192.0070037841797,63.775901794433594,19.465700149536133,77.84239959716797
191.1363983154297,62.84629821777344,20.398500442504883,78.94740295410156
190.19349670410156,60.96860122680664,21.490299224853516,79.99189758300781
189.64419555664062,62.36899948120117,21.905399322509766,76.88279724121094
190.3632049560547,62.083499908447266,21.291500091552734,76.82599639892578
189.94329833984375,60.89179992675781,21.46139907836914,79.06009674072266
188.55850219726562,57.40739822387695,23.448699951171875,81.15709686279297
187.24949645996094,59.50429916381836,25.568099975585938,79.08499908447266
187.30960083007812,61.43230056762695,26.53969955444336,77.9458999633789
185.41810607910156,59.416900634765625,29.246000289916992,79.4937973022461
185.00709533691406,57.63719940185547,30.721099853515625,81.168701171875
185.27769470214844,57.346500396728516,31.368600845336914,81.18250274658203
184.1575927734375,58.03329849243164,34.37229919433594,80.42050170898438
183.51100158691406,56.75910186767578,34.66379928588867,81.15969848632812
185.58250427246094,56.62049865722656,33.42620086669922,82.21289825439453
188.29379272460938,55.4193000793457,31.420799255371094,83.48609924316406
194.6658935546875,61.26860046386719,25.05459976196289,76.76640319824219
195.4998016357422,58.70199966430664,25.394399642944336,79.99420166015625
197.9239044189453,58.74729919433594,23.580699920654297,80.72489929199219
199.05740356445312,58.50790023803711,22.51580047607422,80.2416000366211
197.14340209960938,57.12670135498047,25.5531005859375,82.57219696044922
193.62179565429688,54.822601318359375,30.853200912475586,84.23400115966797
193.65679931640625,54.72209930419922,31.433799743652344,86.07039642333984
192.98390197753906,52.14289855957031,32.472599029541016,86.37359619140625
192.84829711914062,53.469200134277344,33.16749954223633,86.6854019165039
195.44509887695312,53.020999908447266,29.065399169921875,84.79949951171875
196.38729858398438,54.029300689697266,27.265899658203125,87.0364990234375
196.24200439453125,52.25,27.458900451660156,86.63999938964844
194.597900390625,53.46419906616211,29.01490020751953,87.86759948730469
193.33270263671875,52.173500061035156,31.027799606323242,86.61019897460938
193.98219299316406,54.77119827270508,30.411699295043945,86.12449645996094
191.90269470214844,51.438201904296875,32.88309860229492,87.45999908447266
192.28140258789062,52.2495002746582,32.87929916381836,86.40959930419922
193.11480712890625,52.565799713134766,29.543100357055664,86.77189636230469
192.15960693359375,51.63100051879883,32.83430099487305,88.45790100097656
195.55909729003906,51.76789855957031,26.96310043334961,86.5510025024414
193.8739013671875,53.32109832763672,28.51059913635254,86.27999877929688
192.601806640625,51.30699920654297,31.14299964904785,87.3281021118164
191.07049560546875,51.79439926147461,32.310001373291016,86.07009887695312
190.4998016357422,50.840301513671875,33.38209915161133,88.46040344238281
191.3690948486328,48.901100158691406,32.482601165771484,89.67559814453125
192.1479949951172,49.381500244140625,30.444900512695312,89.55979919433594
192.047607421875,49.07899856567383,28.724300384521484,88.6272964477539
190.22000122070312,49.62220001220703,31.176700592041016,89.04209899902344
188.73980712890625,51.34370040893555,32.08140182495117,87.35310363769531
190.05209350585938,53.117401123046875,30.618900299072266,86.4312973022461
190.5334014892578,51.125701904296875,28.82069969177246,86.78890228271484
189.68789672851562,52.97529983520508,29.32110023498535,86.2406997680664
188.581298828125,52.44200134277344,29.898000717163086,85.84400177001953
187.66470336914062,50.60660171508789,31.691099166870117,87.16919708251953
189.84280395507812,50.77840042114258,27.077199935913086,87.17579650878906
190.69349670410156,47.84830093383789,24.602800369262695,85.72979736328125
187.7303924560547,49.966400146484375,26.289400100708008,84.22019958496094
184.49459838867188,47.55860137939453,28.321300506591797,83.83309936523438
186.2274932861328,46.86650085449219,24.005199432373047,83.57620239257812
185.54989624023438,47.385799407958984,23.620399475097656,81.56639862060547
183.2248992919922,48.06880187988281,25.32670021057129,80.13410186767578
179.1112060546875,49.12260055541992,30.537200927734375,76.68229675292969
175.7274932861328,46.97760009765625,33.68709945678711,81.80010223388672
168.8966064453125,52.63589859008789,41.24259948730469,74.09380340576172
165.13949584960938,52.557899475097656,43.89619827270508,75.41470336914062
167.0605010986328,54.00519943237305,40.58890151977539,73.39510345458984
160.69960021972656,50.99789810180664,46.66469955444336,77.35549926757812
158.7469940185547,49.93220138549805,47.26340103149414,78.34140014648438
157.18930053710938,52.31330108642578,49.169498443603516,76.99749755859375
154.92080688476562,52.13679885864258,52.52989959716797,77.17279815673828
154.07949829101562,53.14649963378906,52.62350082397461,76.83039855957031
153.30599975585938,55.276798248291016,53.85340118408203,75.2748031616211
155.57240295410156,58.99089813232422,50.5723991394043,70.939697265625
155.78590393066406,60.423301696777344,50.917598724365234,69.9717025756836
155.87550354003906,64.31719970703125,51.424198150634766,65.51210021972656
157.38070678710938,62.60879898071289,50.13140106201172,66.9802017211914
163.3092041015625,64.7428970336914,44.2244987487793,65.9791030883789
163.5897979736328,63.95119857788086,44.99599838256836,64.68099975585938
170.01429748535156,64.66059875488281,43.188899993896484,62.54800033569336
168.13670349121094,64.71510314941406,43.575801849365234,64.02649688720703
168.07699584960938,63.69729995727539,42.42879867553711,65.82579803466797
165.19400024414062,63.707401275634766,45.387901306152344,63.65620040893555
166.9635009765625,62.8474006652832,42.155799865722656,67.39659881591797
166.97000122070312,63.8400993347168,41.0161018371582,66.7040023803711
167.89480590820312,63.32820129394531,38.77510070800781,66.43219757080078
167.79299926757812,64.46620178222656,37.00170135498047,64.64360046386719
167.2884063720703,63.8671989440918,36.93949890136719,67.01409912109375
167.83740234375,67.41600036621094,34.59040069580078,65.23680114746094
169.3321075439453,67.15570068359375,30.215099334716797,69.07369995117188
168.98219299316406,68.43080139160156,30.337799072265625,66.27220153808594
169.44540405273438,68.26860046386719,30.190399169921875,68.1436996459961
170.29139709472656,69.8302001953125,30.051799774169922,69.05660247802734
170.60740661621094,71.0198974609375,28.522499084472656,68.88729858398438
170.8813018798828,71.83719635009766,26.528099060058594,69.82879638671875
172.9573974609375,73.06639862060547,25.73509979248047,70.85579681396484
170.68670654296875,72.18160247802734,28.484699249267578,72.82720184326172
169.5782012939453,70.2396011352539,30.568099975585938,78.84410095214844
170.67100524902344,66.33799743652344,32.64390182495117,79.58470153808594
169.17019653320312,61.270999908447266,34.71590042114258,82.19029998779297
166.75540161132812,56.84980010986328,40.62820053100586,78.53260040283203
168.1248016357422,62.282501220703125,47.30110168457031,63.885101318359375
163.1826934814453,53.4546012878418,51.38019943237305,61.52629852294922
161.5950927734375,62.49959945678711,60.80939865112305,51.37739944458008
160.35459899902344,54.895198822021484,61.267799377441406,40.386199951171875
161.902099609375,46.95399856567383,55.379798889160156,48.44660186767578
153.72610473632812,41.299598693847656,53.16889953613281,57.256099700927734
153.33689880371094,39.59749984741211,43.71329879760742,63.061100006103516
155.75340270996094,35.74489974975586,34.70920181274414,69.2822036743164
157.58279418945312,34.43989944458008,27.111900329589844,72.97940063476562
146.0225067138672,28.361000061035156,39.35820007324219,76.64189910888672
145.37269592285156,30.09510040283203,40.634700775146484,78.5093994140625
129.55560302734375,31.039100646972656,58.03409957885742,73.45459747314453
106.19059753417969,27.09709930419922,75.33979797363281,70.49169921875
100.97460174560547,28.926300048828125,91.62149810791016,70.73470306396484
96.29879760742188,37.70920181274414,94.93620300292969,62.6599006652832
87.83319854736328,45.71739959716797,96.59439849853516,55.180999755859375
91.06079864501953,50.22629928588867,95.42310333251953,52.07419967651367
105.7677001953125,62.524600982666016,91.56490325927734,51.53200149536133
115.85569763183594,71.48870086669922,84.81829833984375,63.02280044555664
129.9051055908203,61.8031005859375,74.56210327148438,65.62090301513672
137.49049377441406,62.75019836425781,65.34349822998047,80.01899719238281
148.68150329589844,74.21530151367188,56.4119987487793,83.07990264892578
158.76109313964844,76.4207992553711,47.43080139160156,88.27989959716797
158.44740295410156,83.7760009765625,48.8202018737793,94.9884033203125
154.63119506835938,89.377197265625,54.464599609375,93.90249633789062
149.0207061767578,90.8469009399414,65.02010345458984,88.56189727783203
147.4185028076172,91.42369842529297,75.78610229492188,82.44210052490234
144.26629638671875,92.8042984008789,87.09429931640625,71.2249984741211
141.89300537109375,88.81300354003906,94.91069793701172,56.69419860839844
142.17520141601562,78.69889831542969,107.22730255126953,56.8297004699707
146.51890563964844,71.2197036743164,89.59839630126953,65.51090240478516
147.8311004638672,62.982398986816406,71.46859741210938,68.92350006103516
150.55580139160156,37.96969985961914,65.36599731445312,82.94200134277344
151.3343963623047,28.36009979248047,65.18070220947266,92.67510223388672
149.18020629882812,19.176700592041016,64.09220123291016,112.31379699707031
146.62399291992188,15.71030044555664,70.84359741210938,108.01360321044922
115.71260070800781,9.911499977111816,92.74620056152344,102.86009979248047
110.6572036743164,19.1072998046875,92.29229736328125,91.23500061035156
103.14119720458984,31.636499404907227,104.64849853515625,78.10240173339844
103.21420288085938,58.82500076293945,113.06169891357422,58.375701904296875
101.27890014648438,65.2699966430664,111.8311996459961,47.009300231933594
105.63999938964844,75.12439727783203,112.09519958496094,60.14780044555664
123.50469970703125,70.09149932861328,102.6063003540039,78.06500244140625
123.9729995727539,70.53939819335938,98.86229705810547,97.3958969116211
135.4517059326172,71.42839813232422,79.63990020751953,106.31559753417969
137.2353057861328,68.37069702148438,77.8927993774414,110.47720336914062
139.60240173339844,66.93389892578125,75.81950378417969,110.2072982788086
137.26759338378906,63.578399658203125,80.37239837646484,105.28589630126953
138.30459594726562,56.89630126953125,78.9365005493164,102.68779754638672
139.28199768066406,54.175899505615234,77.11190032958984,105.03399658203125
138.9989013671875,48.699501037597656,73.18409729003906,103.61740112304688
137.22300720214844,45.520999908447266,79.32759857177734,103.70480346679688
135.0944061279297,40.17279815673828,79.76509857177734,107.92520141601562
136.3773956298828,34.148399353027344,68.42440032958984,113.34120178222656
119.17610168457031,32.298099517822266,74.92780303955078,116.69819641113281
118.04620361328125,32.66680145263672,76.66899871826172,120.11799621582031
121.96499633789062,31.974300384521484,79.15010070800781,131.0030975341797
128.1363067626953,36.907501220703125,58.292198181152344,128.17250061035156
131.50650024414062,39.83620071411133,52.534000396728516,127.16069793701172
132.69850158691406,36.03020095825195,45.841800689697266,128.35499572753906
127.14140319824219,33.923500061035156,47.045101165771484,126.845703125
121.74150085449219,36.384498596191406,52.65060043334961,117.58609771728516
118.56690216064453,35.672401428222656,54.77429962158203,115.38349914550781
122.08219909667969,37.37540054321289,52.859901428222656,116.456298828125
124.21489715576172,37.665000915527344,52.63159942626953,118.15409851074219
130.13270568847656,35.41170120239258,47.35329818725586,118.96640014648438
134.9268035888672,32.05799865722656,44.797000885009766,118.61750030517578
129.87820434570312,31.466899871826172,53.53200149536133,123.7969970703125
117.69300079345703,31.79759979248047,63.72489929199219,117.2291030883789
105.47470092773438,37.672298431396484,71.08560180664062,111.25029754638672
102.5470962524414,38.18000030517578,73.4135971069336,109.83480072021484
109.6552963256836,44.55870056152344,60.80849838256836,101.19529724121094
113.65370178222656,43.43360137939453,56.59239959716797,109.16210174560547
116.37100219726562,39.33340072631836,53.29209899902344,115.14959716796875
120.83039855957031,39.97159957885742,50.13779830932617,111.61530303955078
116.34380340576172,37.30379867553711,53.81959915161133,111.27619934082031
120.2886962890625,36.82440185546875,51.65829849243164,111.95480346679688
117.52729797363281,35.80120086669922,53.29290008544922,102.3010025024414
112.13849639892578,39.248199462890625,59.98830032348633,95.29620361328125
114.78389739990234,38.657901763916016,58.95100021362305,98.02020263671875
117.689697265625,36.764198303222656,59.684600830078125,103.0458984375
120.08769989013672,29.432600021362305,58.314701080322266,110.90229797363281
120.431396484375,32.98780059814453,57.51369857788086,106.96399688720703
127.0553970336914,34.06010055541992,52.880001068115234,107.15609741210938
125.00599670410156,37.79880142211914,59.74140167236328,103.10449981689453
116.97679901123047,39.21289825439453,71.472900390625,104.38880157470703
94.33380126953125,37.15409851074219,79.63610076904297,105.48359680175781
86.27279663085938,38.66749954223633,79.22570037841797,105.10790252685547
86.04519653320312,47.01890182495117,77.12200164794922,95.18379974365234
85.79840087890625,50.404998779296875,75.61070251464844,92.58760070800781
85.3646011352539,50.0546989440918,71.79769897460938,94.3927993774414
84.86650085449219,48.43299865722656,68.37850189208984,95.14309692382812
88.45079803466797,48.27190017700195,56.67060089111328,93.45459747314453
89.07869720458984,45.66080093383789,53.073001861572266,96.98210144042969
90.7947006225586,44.00699996948242,49.68560028076172,100.87979888916016
92.9447021484375,44.52190017700195,48.53120040893555,101.58460235595703
95.85639953613281,39.9911994934082,46.53710174560547,104.30609893798828
97.64600372314453,36.19300079345703,45.887699127197266,113.14990234375
100.625,37.32080078125,45.933998107910156,115.15280151367188
105.68810272216797,40.52130126953125,45.907100677490234,111.1073989868164
107.96620178222656,40.153499603271484,47.695701599121094,112.35749816894531
115.43710327148438,42.90810012817383,45.20199966430664,111.3634033203125
122.4094009399414,41.28860092163086,44.6963005065918,115.0115966796875
124.8198013305664,38.5713996887207,44.41120147705078,119.681396484375
130.98739624023438,42.354400634765625,42.16210174560547,116.35579681396484
134.58200073242188,41.77989959716797,42.797401428222656,119.1073989868164
135.3612060546875,43.361900329589844,42.72480010986328,116.81649780273438
137.12120056152344,43.3302001953125,44.20050048828125,118.21759796142578
138.16949462890625,42.9744987487793,43.227901458740234,112.94960021972656
138.3845977783203,44.14360046386719,43.40190124511719,111.5541000366211
139.27059936523438,43.798099517822266,42.55400085449219,111.14009857177734
139.7584991455078,44.01530075073242,40.41120147705078,112.40709686279297
139.16839599609375,42.5609016418457,46.1078987121582,115.59549713134766
138.85870361328125,45.221099853515625,44.544898986816406,111.3115005493164
139.1833038330078,43.374698638916016,42.539100646972656,114.94950103759766
138.42539978027344,40.69160079956055,44.27009963989258,121.25029754638672
136.49380493164062,43.502201080322266,49.11650085449219,115.01239776611328
135.9571075439453,44.91740036010742,49.53179931640625,111.533203125
136.1790008544922,42.43330001831055,48.898101806640625,114.92220306396484
135.6446075439453,36.180999755859375,47.86669921875,122.46520233154297
134.81109619140625,41.105098724365234,47.76150131225586,120.16349792480469
133.23609924316406,35.791900634765625,50.658199310302734,124.03910064697266
132.7993927001953,42.237098693847656,51.03229904174805,115.70269775390625
133.29249572753906,46.98699951171875,49.9375,107.46389770507812
134.1925048828125,44.877201080322266,49.458099365234375,113.90190124511719
133.4550018310547,43.782100677490234,51.195701599121094,112.70279693603516
133.2122039794922,42.30950164794922,51.545101165771484,116.54650115966797
133.1555938720703,40.18280029296875,52.37879943847656,119.64540100097656
133.8668975830078,42.04719924926758,50.012699127197266,115.35199737548828
134.5894012451172,42.89569854736328,52.174198150634766,118.06300354003906
134.78990173339844,39.89339828491211,49.88600158691406,119.08419799804688
133.985595703125,42.73809814453125,53.895599365234375,118.72029876708984
134.92959594726562,44.80830001831055,51.61840057373047,112.981201171875
134.14759826660156,43.01350021362305,51.70819854736328,113.33399963378906
134.3157958984375,46.42259979248047,51.78770065307617,106.83370208740234
134.44200134277344,46.410701751708984,52.08679962158203,107.27030181884766
134.71080017089844,46.169898986816406,50.68980026245117,108.47859954833984
134.7834014892578,45.808101654052734,51.21689987182617,107.65679931640625
134.98680114746094,45.3672981262207,52.463401794433594,108.71839904785156
134.1436004638672,42.736900329589844,52.84709930419922,113.49700164794922
135.4243927001953,42.14699935913086,48.93170166015625,114.44049835205078
136.0944061279297,44.450401306152344,51.43389892578125,110.87329864501953
136.8824005126953,42.19260025024414,49.47060012817383,114.45860290527344
138.00379943847656,46.24129867553711,48.49359893798828,108.49250030517578
138.40870666503906,43.94449996948242,50.833900451660156,112.75559997558594
137.44619750976562,44.43220138549805,54.01810073852539,109.60780334472656
138.5675048828125,42.3838005065918,49.059898376464844,111.0542984008789
138.8424072265625,41.78929901123047,54.8651008605957,113.0385971069336
139.08070373535156,44.42380142211914,52.680599212646484,108.47660064697266
138.58230590820312,41.73970031738281,52.66550064086914,109.06330108642578
137.86419677734375,41.987998962402344,51.44380187988281,108.55390167236328
138.0518035888672,40.61370086669922,50.95069885253906,111.09429931640625
136.82369995117188,43.224998474121094,53.57310104370117,108.4031982421875
135.57620239257812,42.32830047607422,55.89759826660156,108.4446029663086
136.49440002441406,44.71760177612305,53.324100494384766,105.47859954833984
135.572998046875,40.34880065917969,54.18330001831055,110.72760009765625
136.66529846191406,41.976898193359375,50.55139923095703,108.16419982910156
136.75669860839844,39.291099548339844,50.18410110473633,113.08110046386719
136.3762969970703,42.26530075073242,50.03929901123047,109.35260009765625
134.1190948486328,41.048500061035156,54.709800720214844,110.13349914550781
134.90780639648438,44.35049819946289,52.93149948120117,103.185302734375
132.68690490722656,46.36899948120117,56.03799819946289,104.84339904785156
132.53289794921875,41.902400970458984,53.805301666259766,112.08200073242188
133.03570556640625,43.43040084838867,52.78229904174805,108.87129974365234
133.3419952392578,42.88010025024414,53.25529861450195,110.48909759521484
135.09190368652344,43.476898193359375,50.75529861450195,108.58789825439453
134.93910217285156,44.90510177612305,54.12049865722656,107.89849853515625
136.56739807128906,41.79990005493164,51.11389923095703,110.96389770507812
136.11109924316406,40.29240036010742,52.231998443603516,111.16729736328125
136.64199829101562,40.874698638916016,51.07780075073242,109.86170196533203
137.40069580078125,43.65909957885742,55.447601318359375,103.77960205078125
137.8220977783203,43.29930114746094,55.22209930419922,104.4478988647461
137.69009399414062,40.62260055541992,55.02989959716797,107.21019744873047
138.15440368652344,44.020198822021484,55.85169982910156,101.62989807128906
139.02239990234375,41.499900817871094,54.77560043334961,103.54730224609375
138.7698974609375,38.586700439453125,53.34450149536133,108.8115005493164
139.48379516601562,39.1973991394043,57.021400451660156,107.53690338134766
140.72659301757812,37.967498779296875,54.0005989074707,110.23580169677734
142.47300720214844,38.377899169921875,50.88679885864258,110.08070373535156
140.99290466308594,41.349700927734375,53.80690002441406,107.07240295410156
141.30360412597656,39.972900390625,54.04330062866211,109.9811019897461
