1
211.20010375976562,25.2455997467041,71.168701171875,180.58200073242188
216.1905975341797,27.048900604248047,66.61710357666016,171.05709838867188
213.50439453125,20.71489906311035,68.29660034179688,178.31289672851562
215.78469848632812,19.521799087524414,66.58149719238281,177.5596923828125
213.32290649414062,22.588499069213867,68.1281967163086,178.86790466308594
215.7677001953125,22.022300720214844,67.05010223388672,172.97579956054688
214.83489990234375,24.90220069885254,65.92939758300781,172.4521942138672
216.22459411621094,28.5231990814209,64.96309661865234,163.3607940673828
214.04640197753906,28.423999786376953,66.30290222167969,173.8717041015625
219.33810424804688,30.367000579833984,60.37009811401367,174.26390075683594
220.0010986328125,31.234699249267578,58.58829879760742,179.9333038330078
219.9781951904297,35.55059814453125,61.79130172729492,179.9346923828125
221.91439819335938,43.42679977416992,62.0458984375,174.7751007080078
223.1320037841797,40.81829833984375,60.63370132446289,178.1772003173828
222.95889282226562,49.37379837036133,64.79560089111328,177.17469787597656
224.90170288085938,45.96329879760742,64.31890106201172,177.99020385742188
226.03939819335938,54.35689926147461,63.93119812011719,177.33859252929688
226.06590270996094,46.470298767089844,69.71530151367188,180.99639892578125
229.9595947265625,53.34659957885742,66.7750015258789,176.0904998779297
230.94659423828125,52.92559814453125,65.62470245361328,175.63870239257812
234.88409423828125,51.57149887084961,61.60070037841797,173.13560485839844
238.0767059326172,51.008201599121094,56.4911994934082,165.15939331054688
240.5998992919922,50.862998962402344,56.96730041503906,161.84649658203125
239.52110290527344,50.95399856567383,61.974998474121094,159.0478973388672
240.74949645996094,55.944400787353516,63.54309844970703,161.0959014892578
241.2606964111328,50.10770034790039,63.90250015258789,164.07029724121094
242.22000122070312,53.40230178833008,66.82219696044922,159.37869262695312
246.0583953857422,48.90119934082031,60.254398345947266,168.32150268554688
250.98519897460938,52.26599884033203,61.64899826049805,163.4407958984375
249.30380249023438,52.05929946899414,65.20939636230469,165.42660522460938
250.72889709472656,52.96390151977539,71.35749816894531,172.1959991455078
252.87210083007812,48.87480163574219,71.58550262451172,165.56179809570312
250.81619262695312,60.71139907836914,71.4124984741211,166.4344940185547
247.3863067626953,57.6172981262207,75.59369659423828,160.63389587402344
248.70899963378906,59.36360168457031,72.30039978027344,168.5157012939453
242.6595001220703,56.322200775146484,87.99449920654297,167.9696044921875
244.22109985351562,43.753501892089844,87.13899993896484,179.60240173339844
241.34939575195312,28.185699462890625,91.79049682617188,196.90220642089844
245.37229919433594,15.638099670410156,95.86830139160156,204.30909729003906
243.50320434570312,35.13970184326172,99.01629638671875,185.34979248046875
243.30630493164062,14.209400177001953,116.72630310058594,198.13389587402344
247.1416015625,47.726898193359375,107.18280029296875,163.04330444335938
248.34609985351562,31.62470054626465,120.77780151367188,177.39979553222656
256.143798828125,18.720500946044922,102.2052001953125,186.40020751953125
256.0380859375,13.405400276184082,106.82969665527344,190.21609497070312
252.60879516601562,30.118000030517578,113.69439697265625,176.5540008544922
258.5710144042969,22.352500915527344,110.02200317382812,180.4862060546875
263.2054138183594,21.55470085144043,106.58740234375,179.35740661621094
267.39788818359375,16.506799697875977,102.22049713134766,186.13650512695312
271.9906921386719,15.185199737548828,103.08979797363281,185.61349487304688
281.2493896484375,16.293899536132812,92.4917984008789,187.81170654296875
288.6376037597656,16.384899139404297,89.3644027709961,185.4116973876953
288.5533142089844,13.928299903869629,93.6707992553711,187.9058074951172
292.26690673828125,12.584699630737305,92.97589874267578,187.7554931640625
293.1029052734375,11.068099975585938,99.52400207519531,185.99879455566406
287.56988525390625,14.062399864196777,105.67680358886719,186.8513946533203
292.6897888183594,12.88599967956543,102.0979995727539,188.1811981201172
300.48779296875,6.794899940490723,91.54119873046875,192.5175018310547
293.9352111816406,22.458099365234375,101.43049621582031,176.04299926757812
304.6629943847656,10.094900131225586,90.98590087890625,187.5435028076172
304.997314453125,4.8709001541137695,91.90070343017578,192.69189453125
315.59649658203125,6.761300086975098,76.32479858398438,193.70370483398438
310.0126953125,7.252299785614014,89.58869934082031,190.55760192871094
312.7206115722656,7.254499912261963,88.94409942626953,194.8896026611328
308.4309997558594,9.817099571228027,94.48590087890625,192.6282958984375
315.2113952636719,5.584000110626221,86.4717025756836,194.34849548339844
311.44171142578125,9.364299774169922,92.82939910888672,190.66830444335938
319.9595947265625,6.88040018081665,82.91470336914062,197.08009338378906
329.08740234375,7.106200218200684,74.48190307617188,191.68490600585938
325.12451171875,3.6979000568389893,82.09110260009766,197.3343963623047
314.9627990722656,6.447500228881836,95.45690155029297,191.7884063720703
332.960205078125,4.048299789428711,72.40650177001953,193.71820068359375
333.2965087890625,3.8396999835968018,70.89109802246094,192.33560180664062
323.864501953125,10.901800155639648,86.1676025390625,186.410400390625
307.90478515625,11.91819953918457,106.11160278320312,181.97579956054688
317.9623107910156,10.054100036621094,95.15350341796875,193.26669311523438
307.0481872558594,20.56529998779297,99.98989868164062,180.53089904785156
312.284912109375,19.054899215698242,100.7073974609375,176.87989807128906
310.3504943847656,11.648599624633789,103.6697006225586,190.3878936767578
312.65478515625,7.894100189208984,98.72350311279297,191.60400390625
311.8114929199219,12.02400016784668,99.00340270996094,189.22950744628906
313.48699951171875,21.661399841308594,91.74440002441406,177.97799682617188
316.664306640625,22.016300201416016,88.96019744873047,181.8321990966797
316.38238525390625,19.740299224853516,89.60890197753906,186.0478057861328
312.3380126953125,26.940799713134766,94.9457015991211,177.2097930908203
312.5060119628906,30.67889976501465,83.05979919433594,174.29159545898438
314.01080322265625,20.880199432373047,83.8053970336914,185.3647003173828
315.2112121582031,24.61720085144043,78.94580078125,179.41949462890625
315.335205078125,24.24020004272461,78.92240142822266,178.76370239257812
316.68109130859375,20.950899124145508,77.74520111083984,182.89430236816406
314.3301086425781,26.606300354003906,81.9301986694336,177.07369995117188
322.1899108886719,17.833099365234375,71.37999725341797,187.0240936279297
324.0586853027344,15.28279972076416,70.93470001220703,190.95230102539062
322.97930908203125,14.187700271606445,76.21620178222656,192.16839599609375
324.7077941894531,19.50119972229004,76.28350067138672,185.38780212402344
325.1122131347656,20.8262996673584,77.97920227050781,185.8865966796875
325.1864013671875,21.14109992980957,78.48999786376953,186.06509399414062
330.784912109375,28.140100479125977,71.956298828125,178.576904296875
330.3876037597656,20.331100463867188,72.47730255126953,182.6295928955078
328.9299011230469,20.931400299072266,75.30349731445312,179.8251953125
329.8356018066406,27.84309959411621,73.9010009765625,175.64869689941406
331.98089599609375,24.926300048828125,69.35569763183594,177.3802032470703
331.7250061035156,27.446699142456055,70.87650299072266,176.27749633789062
336.431396484375,30.152099609375,63.27239990234375,171.5876007080078
334.4679870605469,25.630599975585938,66.28119659423828,180.82260131835938
334.92449951171875,22.44890022277832,66.6240005493164,181.22369384765625
334.5010070800781,20.326900482177734,67.51090240478516,183.36520385742188
334.3680114746094,17.142000198364258,66.79389953613281,183.5384063720703
331.9501037597656,12.090200424194336,67.62580108642578,191.06069946289062
331.7632141113281,10.559200286865234,69.85350036621094,189.71029663085938
332.7095947265625,8.057700157165527,68.95149993896484,191.15699768066406
330.4778137207031,7.256499767303467,73.10009765625,191.77699279785156
331.9942932128906,9.227499961853027,73.70159912109375,185.806396484375
332.0732116699219,5.012599945068359,73.68379974365234,191.34060668945312
331.55621337890625,5.60830020904541,75.58719635009766,188.75860595703125
330.95709228515625,7.307600021362305,77.5198974609375,183.44110107421875
332.6564025878906,11.267200469970703,74.59960174560547,177.99940490722656
332.4067077636719,8.248700141906738,76.00250244140625,182.08389282226562
334.2655944824219,9.930000305175781,73.73809814453125,177.65350341796875
333.7630920410156,11.745200157165527,75.70449829101562,175.2425994873047
339.4619140625,11.860199928283691,68.81999969482422,173.33450317382812
340.8233947753906,13.037599563598633,66.42659759521484,167.2082977294922
337.61700439453125,15.070699691772461,70.84500122070312,164.33169555664062
344.3658142089844,15.171199798583984,63.83580017089844,163.51010131835938
340.52191162109375,9.575300216674805,67.36499786376953,166.53880310058594
338.3395080566406,13.08549976348877,70.78510284423828,162.539306640625
338.8127136230469,11.901000022888184,69.87680053710938,164.2967071533203
339.3236999511719,12.758099555969238,70.0458984375,160.1136016845703
340.2637023925781,15.503800392150879,69.22599792480469,158.0738067626953
340.9988098144531,10.195699691772461,67.60179901123047,163.15240478515625
344.2850036621094,14.232600212097168,64.74710083007812,160.2303009033203
345.5368957519531,14.732000350952148,63.93899917602539,159.33450317382812
348.5981140136719,17.662700653076172,60.885501861572266,157.23199462890625
344.58551025390625,10.812299728393555,63.556400299072266,162.71910095214844
347.3851013183594,16.573400497436523,61.12310028076172,159.08689880371094
347.906005859375,20.508899688720703,61.178199768066406,152.38720703125
348.2528076171875,20.9424991607666,62.09640121459961,155.1533966064453
346.67010498046875,16.291500091552734,63.307098388671875,158.27369689941406
348.5775146484375,17.375999450683594,60.48310089111328,159.62710571289062
347.8568115234375,19.225799560546875,62.27050018310547,157.23219299316406
348.91729736328125,9.71660041809082,60.34519958496094,169.48410034179688
351.60101318359375,11.993900299072266,58.18790054321289,169.41380310058594
350.4992980957031,10.396300315856934,59.16239929199219,171.89019775390625
351.39349365234375,15.611599922180176,59.102500915527344,167.639892578125
351.1709899902344,12.378700256347656,61.15610122680664,169.8363037109375
351.05218505859375,19.760900497436523,62.22549819946289,165.79840087890625
350.4537048339844,21.557300567626953,63.28689956665039,160.927001953125
354.12298583984375,22.775800704956055,59.7338981628418,158.90989685058594
355.8009948730469,22.835399627685547,56.795501708984375,157.98049926757812
354.9043884277344,14.8326997756958,59.104400634765625,168.49729919433594
354.8367919921875,20.441600799560547,60.11840057373047,163.47470092773438
355.2771911621094,21.439699172973633,62.342098236083984,160.55740356445312
356.7597961425781,17.349899291992188,62.68239974975586,165.90420532226562
357.4020080566406,19.15570068359375,61.688201904296875,163.57350158691406
358.5845947265625,19.151399612426758,60.76890182495117,163.7082977294922
356.27081298828125,23.55780029296875,66.31310272216797,158.1385955810547
354.8533935546875,21.36240005493164,70.09449768066406,160.4990997314453
359.3414001464844,21.222299575805664,62.70130157470703,160.12620544433594
357.2998046875,13.157299995422363,68.943603515625,168.80819702148438
358.2149963378906,22.43549919128418,69.743896484375,160.50390625
357.5226135253906,15.754899978637695,73.16929626464844,165.61700439453125
356.0982971191406,18.49570083618164,73.4220962524414,164.64300537109375
359.1878967285156,18.818599700927734,71.13189697265625,164.4886932373047
357.93060302734375,19.374500274658203,75.11849975585938,164.0001983642578
360.3315124511719,24.762399673461914,72.32319641113281,160.19740295410156
361.872314453125,20.626800537109375,71.46549987792969,164.09010314941406
362.1452941894531,14.272700309753418,72.13670349121094,171.1024932861328
361.34539794921875,15.211299896240234,74.22319793701172,169.2772979736328
360.4576110839844,15.622599601745605,76.96479797363281,169.32969665527344
362.6431884765625,16.28510093688965,75.53469848632812,168.85440063476562
364.76019287109375,12.468700408935547,72.94319915771484,172.33290100097656
363.7349853515625,17.975200653076172,76.55660247802734,165.6450958251953
366.7041015625,17.670299530029297,75.16560363769531,166.0458984375
366.4482116699219,19.320100784301758,77.20079803466797,164.84959411621094
372.30859375,14.553899765014648,71.71690368652344,167.5749969482422
379.58551025390625,9.796199798583984,62.03990173339844,172.4998016357422
380.21258544921875,10.694199562072754,63.477298736572266,171.4438018798828
380.4469909667969,8.001199722290039,65.69989776611328,171.3112030029297
383.9773864746094,11.428099632263184,63.43619918823242,167.51190185546875
383.1799011230469,9.951199531555176,67.85700225830078,168.88929748535156
384.1083984375,8.393400192260742,69.09770202636719,167.09210205078125
387.16180419921875,9.229999542236328,65.05819702148438,167.01260375976562
385.340087890625,6.377500057220459,71.63510131835938,166.72959899902344
384.4338073730469,4.294899940490723,73.76270294189453,170.44810485839844
389.9173889160156,6.1315999031066895,67.220703125,168.04690551757812
393.30120849609375,5.261199951171875,61.20830154418945,165.38720703125
394.1693115234375,2.3745999336242676,62.58089828491211,170.1450958251953
395.3669128417969,1.100100040435791,64.71489715576172,169.6470947265625
395.43450927734375,1.295199990272522,66.88700103759766,167.4105987548828
394.4248046875,1.4531999826431274,70.46240234375,166.5406951904297
396.3045959472656,4.021599769592285,69.49849700927734,162.2230987548828
397.2652893066406,5.481500148773193,69.40440368652344,159.17140197753906
400.3039855957031,5.745299816131592,63.465599060058594,159.00619506835938
402.3403015136719,1.7108999490737915,65.03510284423828,160.63839721679688
402.1180114746094,0.7717999815940857,63.99620056152344,162.8856964111328
403.95220947265625,0.22360000014305115,66.68240356445312,161.6448974609375
406.5235900878906,1.5681999921798706,62.85179901123047,163.1273956298828
407.4726867675781,1.954300045967102,62.99020004272461,161.67019653320312
409.58538818359375,1.5293999910354614,63.03260040283203,162.65260314941406
409.5133972167969,3.634700059890747,64.81330108642578,158.55340576171875
409.0555114746094,2.553800106048584,70.17430114746094,160.96490478515625
409.9341125488281,1.7969000339508057,70.44300079345703,162.31979370117188
410.4007873535156,3.736999988555908,71.6312026977539,159.1916961669922
411.4775085449219,3.6758999824523926,71.99700164794922,159.0709991455078
410.4176940917969,3.3334999084472656,74.95860290527344,160.2122039794922
411.1839904785156,6.486000061035156,79.8947982788086,158.5847930908203
410.5563049316406,4.973100185394287,84.55570220947266,162.10400390625
414.2767028808594,4.152699947357178,72.17389678955078,159.89869689941406
416.3046875,0.45089998841285706,74.24420166015625,163.40350341796875
417.7655029296875,3.838900089263916,71.58190155029297,159.9145050048828
418.86968994140625,4.130000114440918,70.29109954833984,161.21240234375
420.5611877441406,5.1092000007629395,70.85379791259766,160.2938995361328
421.40618896484375,7.961400032043457,71.93180084228516,157.5052032470703
424.1087951660156,7.973199844360352,69.74009704589844,157.59219360351562
424.468994140625,6.548099994659424,72.02940368652344,162.15089416503906
429.0046081542969,9.578200340270996,67.09809875488281,159.67190551757812
430.1465148925781,8.605899810791016,66.38529968261719,159.59339904785156
429.3955993652344,8.594300270080566,68.6050033569336,158.78720092773438
432.3125915527344,10.652000427246094,65.9625015258789,159.13699340820312
432.7746887207031,9.78279972076416,66.84390258789062,160.21229553222656
434.59490966796875,11.211199760437012,64.41719818115234,157.8166046142578
435.53289794921875,10.678400039672852,65.11990356445312,160.8477020263672
437.4097900390625,11.768400192260742,65.48979949951172,160.08299255371094
437.73638916015625,14.387499809265137,67.90470123291016,157.5402069091797
439.0072937011719,21.190399169921875,67.24459838867188,151.23150634765625
441.39520263671875,18.365800857543945,65.30570220947266,156.1269989013672
442.90240478515625,17.80900001525879,65.8938980102539,157.35589599609375
446.1127014160156,17.404699325561523,62.40119934082031,158.23019409179688
446.6498107910156,20.436500549316406,63.778099060058594,153.51800537109375
446.474609375,22.11050033569336,67.41609954833984,151.97450256347656
449.8396911621094,23.411699295043945,63.94660186767578,151.74339294433594
448.4461975097656,21.318700790405273,71.04409790039062,154.11180114746094
454.0997009277344,23.244600296020508,61.55139923095703,154.05490112304688
453.9796142578125,20.298999786376953,66.71479797363281,155.0998992919922
456.0819091796875,21.90839958190918,66.0083999633789,153.74630737304688
458.0289001464844,25.16510009765625,64.37899780273438,150.72250366210938
460.1177978515625,18.900400161743164,64.72640228271484,155.46510314941406
459.75579833984375,20.12339973449707,66.70449829101562,156.47390747070312
462.0093994140625,23.994800567626953,67.1874008178711,151.1605987548828
463.8494873046875,24.5221004486084,65.89830017089844,151.2111053466797
464.0830078125,22.912399291992188,66.81929779052734,151.7292022705078
466.53070068359375,25.507200241088867,66.0114974975586,146.6779022216797
466.8475036621094,21.026399612426758,65.16639709472656,151.94850158691406
470.6498107910156,19.87310028076172,60.49980163574219,154.1376953125
467.8876037597656,19.018800735473633,67.40260314941406,152.97279357910156
470.4316101074219,23.056299209594727,64.76570129394531,149.43429565429688
470.76611328125,23.752099990844727,67.80169677734375,147.82009887695312
473.53021240234375,25.06730079650879,65.1261978149414,145.77310180664062
475.677490234375,21.988800048828125,63.67169952392578,148.80599975585938
476.465087890625,21.285499572753906,64.818603515625,148.67449951171875
475.6925964355469,21.41830062866211,67.61219787597656,149.26539611816406
480.2423095703125,18.811899185180664,64.23139953613281,152.9425048828125
479.9534912109375,18.127199172973633,66.01820373535156,152.3209991455078
483.4736022949219,19.068500518798828,65.71089935302734,151.50669860839844
484.03118896484375,19.99090003967285,67.76519775390625,151.1448974609375
487.3005065917969,17.299299240112305,63.0724983215332,154.76510620117188
486.95269775390625,17.65839958190918,70.75579833984375,152.597900390625
489.5646057128906,14.792699813842773,68.3759994506836,158.02239990234375
487.7497863769531,19.393400192260742,71.50489807128906,151.19540405273438
489.76031494140625,20.910900115966797,72.01740264892578,151.48680114746094
490.6723937988281,21.68429946899414,70.60800170898438,148.3621063232422
491.0278015136719,26.11590003967285,72.63929748535156,145.29750061035156
492.88720703125,23.985300064086914,72.84459686279297,146.9250946044922
492.8569030761719,29.239099502563477,70.70069885253906,142.61630249023438
490.61041259765625,25.53350067138672,75.25270080566406,148.5605926513672
491.83740234375,27.30419921875,72.50789642333984,142.16380310058594
492.5221862792969,26.094200134277344,74.56510162353516,147.1923065185547
494.9023132324219,28.48710060119629,65.74340057373047,141.73910522460938
492.114990234375,27.564800262451172,73.90840148925781,144.1197052001953
494.3490905761719,30.31800079345703,69.90390014648438,138.5402069091797
490.7694091796875,30.366600036621094,79.52629852294922,140.29849243164062
495.8138122558594,27.066699981689453,64.93160247802734,146.3007049560547
495.974609375,26.016199111938477,65.61669921875,147.10000610351562
494.5289001464844,25.084999084472656,65.19760131835938,148.4340057373047
495.8262023925781,25.0049991607666,61.32109832763672,148.610595703125
493.1951904296875,24.709400177001953,64.95179748535156,148.53030395507812
492.8677062988281,23.70199966430664,65.47229766845703,150.33160400390625
492.60101318359375,24.399599075317383,62.42369842529297,150.07179260253906
491.5747985839844,25.54439926147461,60.37179946899414,147.59429931640625
489.22198486328125,27.511999130249023,62.94810104370117,143.406494140625
488.70880126953125,26.287200927734375,62.7588005065918,145.40960693359375
488.7496032714844,27.61910057067871,58.80670166015625,144.16799926757812
487.9905090332031,27.31220054626465,57.245399475097656,144.59230041503906
485.2073974609375,24.864099502563477,61.19860076904297,148.06430053710938
482.5954895019531,28.13599967956543,62.204200744628906,142.86810302734375
483.62310791015625,29.040000915527344,58.565799713134766,141.12750244140625
482.7986145019531,27.326900482177734,58.452598571777344,144.14320373535156
482.68170166015625,27.00029945373535,55.40340042114258,143.9508056640625
483.41351318359375,28.01569938659668,55.50590133666992,142.72669982910156
478.6335144042969,28.720300674438477,61.30289840698242,143.41419982910156
477.8164978027344,28.180999755859375,62.77259826660156,144.50929260253906
481.71929931640625,26.95549964904785,55.69779968261719,146.01890563964844
479.930908203125,27.76059913635254,56.72140121459961,144.7333984375
480.1148986816406,29.0625,55.418800354003906,142.65570068359375
479.1807861328125,28.965700149536133,55.54930114746094,140.47979736328125
476.95001220703125,29.294099807739258,57.84109878540039,140.1833953857422
476.5992126464844,29.026199340820312,59.024898529052734,140.66810607910156
478.4714050292969,28.675600051879883,55.77370071411133,140.96670532226562
479.726806640625,27.030000686645508,54.21070098876953,144.38279724121094
479.34759521484375,26.365100860595703,54.73680114746094,146.62950134277344
477.7690124511719,29.4689998626709,55.155799865722656,141.8867950439453
478.5356140136719,26.46500015258789,54.85300064086914,145.5749969482422
476.47979736328125,24.326499938964844,56.85850143432617,149.83270263671875
476.8504943847656,26.80069923400879,55.27519989013672,145.09950256347656
475.6603088378906,24.480100631713867,57.10200119018555,147.23629760742188
476.10260009765625,23.418399810791016,53.418399810791016,150.4243927001953
474.01568603515625,25.713699340820312,54.86069869995117,147.2017059326172
474.7702941894531,27.082199096679688,51.499900817871094,145.61489868164062
472.4237060546875,27.245800018310547,55.01959991455078,145.86900329589844
469.3929138183594,30.207500457763672,57.21070098876953,142.57260131835938
468.7857971191406,31.368499755859375,54.14659881591797,140.59629821777344
467.4064025878906,29.83300018310547,54.237998962402344,141.59890747070312
463.8699035644531,27.471099853515625,56.97269821166992,144.32339477539062
461.1239013671875,28.863500595092773,57.612300872802734,142.70480346679688
461.5155944824219,29.924800872802734,54.16939926147461,140.3426055908203
458.3258972167969,28.103099822998047,53.5723991394043,141.8594970703125
455.2320861816406,26.812700271606445,56.50410079956055,146.60960388183594
454.2760009765625,30.01289939880371,52.3838996887207,141.595703125
450.2705993652344,27.853300094604492,53.32279968261719,144.89419555664062
447.9383850097656,28.706899642944336,51.9203987121582,145.0800018310547
444.77020263671875,29.809799194335938,49.76250076293945,144.0034942626953
440.49609375,30.447099685668945,52.608299255371094,142.97689819335938
439.5809020996094,29.86370086669922,49.331298828125,145.76589965820312
436.9526062011719,33.16630172729492,45.6859016418457,142.40139770507812
429.9576110839844,33.83420181274414,53.06999969482422,140.768798828125
426.8456115722656,36.40909957885742,54.976600646972656,139.77569580078125
425.0631103515625,36.397499084472656,52.78160095214844,141.47569274902344
421.45111083984375,37.498600006103516,54.35530090332031,142.58990478515625
418.377685546875,38.4208984375,54.79010009765625,142.8376007080078
417.5354919433594,40.940399169921875,51.81060028076172,139.96449279785156
416.9031982421875,43.759498596191406,49.789398193359375,143.58140563964844
412.83648681640625,46.55139923095703,53.25389862060547,138.1999969482422
412.88018798828125,48.864200592041016,50.919700622558594,141.86419677734375
408.5718078613281,50.15729904174805,51.752899169921875,144.527099609375
407.23779296875,50.903900146484375,52.691898345947266,142.9022979736328
406.652099609375,52.96849822998047,48.984901428222656,142.5803985595703
394.8833923339844,50.09230041503906,59.26430130004883,148.26930236816406
390.9765930175781,56.53580093383789,60.5890007019043,145.1436004638672
391.2835998535156,56.157901763916016,55.22629928588867,144.0045928955078
389.47021484375,54.927101135253906,55.00199890136719,148.1300048828125
385.9179992675781,57.424598693847656,55.85749816894531,147.8874969482422
386.2341003417969,58.92319869995117,53.66419982910156,147.5709991455078
382.627197265625,61.68659973144531,57.112300872802734,145.72410583496094
380.0549011230469,64.14179992675781,55.06660079956055,144.64410400390625
379.30059814453125,68.44979858398438,53.1598014831543,140.98519897460938
378.1182861328125,73.62529754638672,51.25130081176758,137.32730102539062
374.07281494140625,67.28350067138672,53.85020065307617,143.61880493164062
377.28851318359375,72.52680206298828,47.600799560546875,140.13189697265625
375.04119873046875,70.21309661865234,48.54840087890625,142.33909606933594
376.0747985839844,73.9999008178711,45.94710159301758,138.17820739746094
374.0903015136719,69.73570251464844,47.90840148925781,144.05059814453125
375.3721923828125,67.62860107421875,47.71120071411133,145.33090209960938
373.62298583984375,68.01360321044922,50.292301177978516,145.1811981201172
373.81439208984375,69.70429992675781,49.41230010986328,143.94090270996094
373.99029541015625,72.50800323486328,50.87689971923828,141.63909912109375
372.7026062011719,73.964599609375,53.190101623535156,139.8061981201172
371.87298583984375,72.85479736328125,54.39469909667969,140.06649780273438
373.6700134277344,70.72550201416016,53.47200012207031,141.99310302734375
369.293212890625,72.28250122070312,56.763099670410156,141.2230987548828
369.9610900878906,72.10279846191406,55.9838981628418,142.89559936523438
370.3380126953125,70.2876968383789,56.0088005065918,143.5543975830078
370.66778564453125,72.79010009765625,53.2495002746582,144.00970458984375
368.95159912109375,73.0885009765625,55.84980010986328,144.2263946533203
366.7731018066406,75.19969940185547,57.40660095214844,144.34559631347656
366.18701171875,77.23690032958984,56.90190124511719,143.13699340820312
365.1665954589844,79.19869995117188,57.26570129394531,142.39100646972656
361.6600036621094,77.86530303955078,60.51210021972656,149.94239807128906
360.414306640625,83.6083984375,60.88719940185547,143.0946044921875
362.2235107421875,82.87979888916016,55.956298828125,146.43499755859375
360.5216064453125,87.43679809570312,55.57360076904297,147.20730590820312
356.2958068847656,89.38710021972656,61.37820053100586,143.1876983642578
356.6585998535156,91.81839752197266,61.56669998168945,145.55050659179688
354.66949462890625,93.20580291748047,61.04330062866211,145.03219604492188
352.5618896484375,97.66799926757812,63.329200744628906,141.15640258789062
349.7424011230469,96.91200256347656,65.46330261230469,143.51730346679688
349.9646911621094,98.54979705810547,61.37910079956055,143.35450744628906
349.0981140136719,98.34709930419922,57.167301177978516,142.97779846191406
346.0285949707031,98.22109985351562,60.27859878540039,142.59359741210938
346.9136047363281,98.99459838867188,52.824100494384766,141.72999572753906
345.2544860839844,98.8739013671875,50.22090148925781,144.80230712890625
342.277099609375,98.84770202636719,57.068199157714844,145.27870178222656
343.71649169921875,97.60590362548828,49.02000045776367,144.70289611816406
342.0762023925781,98.41619873046875,48.63209915161133,144.30490112304688
340.293701171875,100.56939697265625,52.25299835205078,143.5126953125
338.4269104003906,99.404296875,58.08330154418945,145.66380310058594
336.9490966796875,98.78700256347656,59.834800720214844,146.21670532226562
335.47869873046875,98.41329956054688,66.3270034790039,148.86500549316406
336.4320068359375,99.17070007324219,63.75790023803711,145.19920349121094
336.2273864746094,97.27670288085938,61.06330108642578,149.318603515625
335.0268859863281,96.2781982421875,62.19879913330078,148.09359741210938
335.6527099609375,98.15670013427734,60.90800094604492,147.21719360351562
334.02239990234375,98.0436019897461,62.68870162963867,146.41830444335938
335.7923889160156,95.48259735107422,64.7522964477539,149.31809997558594
333.13250732421875,89.89759826660156,69.88960266113281,155.77960205078125
335.6477966308594,90.80419921875,66.24620056152344,152.75070190429688
341.9147033691406,90.69509887695312,60.54079818725586,151.6226043701172
342.025390625,90.44709777832031,57.394901275634766,152.58200073242188
347.6807861328125,87.58529663085938,54.939300537109375,157.09649658203125
346.1174011230469,91.66909790039062,54.23749923706055,152.4575958251953
346.78240966796875,87.0636978149414,52.65340042114258,158.4857940673828
346.5221862792969,89.36270141601562,57.2234992980957,157.6074981689453
346.7243957519531,91.73529815673828,59.2947998046875,156.30029296875
348.54290771484375,90.97039794921875,58.24319839477539,159.11529541015625
348.1191101074219,89.76529693603516,58.35179901123047,161.5388946533203
347.6559143066406,88.3324966430664,59.60459899902344,165.70809936523438
348.5885009765625,90.59349822998047,63.34120178222656,163.6887969970703
350.580810546875,91.5824966430664,61.2765007019043,165.24180603027344
349.3279113769531,93.89859771728516,65.51300048828125,165.87510681152344
354.4762878417969,96.66799926757812,59.88909912109375,163.42539978027344
355.3572082519531,93.9729995727539,59.26020050048828,168.3748016357422
352.9254150390625,92.70259857177734,61.22639846801758,171.54750061035156
354.1694030761719,92.89510345458984,61.82709884643555,174.05349731445312
354.4902038574219,92.49710083007812,62.36280059814453,176.3990936279297
356.78509521484375,96.13169860839844,63.40890121459961,172.1304931640625
355.45489501953125,89.56050109863281,63.62139892578125,180.23809814453125
354.17779541015625,86.84420013427734,64.86740112304688,183.81100463867188
356.22100830078125,89.15989685058594,63.63629913330078,181.35189819335938
355.05389404296875,86.5593032836914,64.85820007324219,184.40530395507812
353.5237121582031,85.36319732666016,67.58209991455078,186.45809936523438
350.23858642578125,81.80239868164062,72.0625991821289,187.85220336914062
350.1518859863281,77.97139739990234,72.63919830322266,189.53750610351562
347.0202941894531,80.27079772949219,76.89510345458984,185.91200256347656
348.3800048828125,75.69419860839844,74.60679626464844,191.75360107421875
346.6238098144531,76.77269744873047,80.91649627685547,193.94619750976562
346.0097961425781,72.90499877929688,80.2197036743164,197.32040405273438
346.4656982421875,69.77790069580078,78.11219787597656,202.07369995117188
348.8642883300781,71.01640319824219,72.09089660644531,205.5570068359375
349.9684143066406,66.318603515625,78.5779037475586,209.71180725097656
353.0397033691406,72.33049774169922,71.65059661865234,204.7790069580078
352.91009521484375,69.46849822998047,69.3573989868164,209.71969604492188
352.2685852050781,63.368099212646484,76.22679901123047,215.218505859375
353.8089904785156,65.91819763183594,73.2748031616211,212.05679321289062
351.4856872558594,63.15829849243164,77.61239624023438,216.75999450683594
353.59820556640625,63.174198150634766,76.37210083007812,219.8007049560547
352.40740966796875,65.45349884033203,79.26519775390625,220.3800048828125
347.92120361328125,62.68510055541992,88.45960235595703,222.36390686035156
346.6173095703125,63.340999603271484,91.58080291748047,219.31089782714844
348.44891357421875,63.18259811401367,85.69129943847656,220.59390258789062
349.0242004394531,57.80889892578125,87.10990142822266,224.36990356445312
351.4637145996094,53.168701171875,85.45020294189453,229.91400146484375
349.8476867675781,55.101600646972656,88.56529998779297,228.9311981201172
352.5504150390625,47.69779968261719,84.55220031738281,235.24620056152344
351.8940124511719,48.55759811401367,90.21890258789062,239.10299682617188
350.0080871582031,44.72169876098633,93.67620086669922,241.4832000732422
351.23858642578125,48.28960037231445,94.31310272216797,238.1977996826172
350.0096130371094,51.038700103759766,95.75569915771484,233.86549377441406
348.43280029296875,46.41170120239258,97.2677001953125,240.36270141601562
352.0050964355469,43.94179916381836,95.2645034790039,243.26339721679688
346.12451171875,38.90919876098633,102.17559814453125,247.8513946533203
350.85760498046875,40.36880111694336,97.20670318603516,245.24659729003906
352.2919921875,36.394100189208984,98.98049926757812,249.5189971923828
353.1112976074219,40.0984001159668,97.6718978881836,247.8498992919922
352.38690185546875,36.57339859008789,99.0145034790039,255.09300231933594
353.1311950683594,37.69279861450195,101.07489776611328,252.09730529785156
357.69940185546875,38.01689910888672,96.35649871826172,254.49119567871094
357.7792053222656,39.1254997253418,97.68329620361328,254.7180938720703
355.3017883300781,33.98970031738281,102.80490112304688,257.4721984863281
355.569091796875,31.28569984436035,103.70899963378906,260.7919006347656
353.5888977050781,33.14120101928711,108.54609680175781,256.3016052246094
356.18310546875,30.082199096679688,104.46219635009766,263.7969970703125
358.7308044433594,30.86319923400879,99.6510009765625,260.8644104003906
361.01361083984375,34.06290054321289,99.33319854736328,263.4696044921875
361.03961181640625,36.66419982910156,101.16179656982422,257.9859924316406
357.6339111328125,38.11589813232422,104.07859802246094,261.7341003417969
361.14471435546875,42.0182991027832,100.59459686279297,256.98480224609375
363.8439025878906,43.07310104370117,99.86139678955078,255.64430236816406
367.29400634765625,40.36330032348633,100.11389923095703,259.81878662109375
369.3667907714844,35.108299255371094,99.31060028076172,262.80120849609375
370.65301513671875,38.87289810180664,100.2844009399414,265.67840576171875
374.63470458984375,37.60689926147461,100.80470275878906,261.589111328125
373.87298583984375,40.02389907836914,101.56590270996094,263.7643127441406
379.45941162109375,40.40480041503906,98.57679748535156,258.9668884277344
379.12799072265625,41.68410110473633,102.70790100097656,260.88958740234375
384.1288146972656,39.70069885253906,95.94969940185547,260.9930114746094
383.3074951171875,42.95069885253906,98.18080139160156,261.1520080566406
387.46270751953125,34.24660110473633,95.02210235595703,263.48309326171875
388.5360107421875,33.364601135253906,97.8572998046875,263.6285095214844
393.4093933105469,24.207700729370117,94.4760971069336,266.4543151855469
393.40728759765625,25.52359962463379,95.74230194091797,268.2477111816406
395.48779296875,17.984899520874023,96.2572021484375,267.7933044433594
397.83990478515625,18.678199768066406,90.5009994506836,266.7558898925781
396.3380126953125,21.6072998046875,95.05120086669922,269.5466003417969
400.0169982910156,24.414100646972656,94.39340209960938,266.8688049316406
401.73980712890625,30.79450035095215,93.99189758300781,263.3013000488281
402.9224853515625,33.759700775146484,97.35150146484375,261.3471984863281
404.3935852050781,35.91379928588867,91.22429656982422,259.02191162109375
400.9938049316406,38.44770050048828,97.34490203857422,260.1590881347656
403.14111328125,42.63800048828125,98.31420135498047,259.7755126953125
405.3479919433594,45.331199645996094,94.57669830322266,258.3381042480469
405.5472106933594,42.62459945678711,97.12220001220703,267.151611328125
403.239013671875,42.353599548339844,102.05349731445312,263.42730712890625
400.22430419921875,43.44060134887695,103.40180206298828,265.4468078613281
406.80010986328125,44.42509841918945,96.39710235595703,263.37969970703125
407.90838623046875,41.12080001831055,96.5553970336914,273.6661071777344
408.8232116699219,44.224700927734375,100.00019836425781,268.1162109375
409.34259033203125,47.427101135253906,98.1852035522461,265.95098876953125
407.9556884765625,51.3494987487793,101.77359771728516,257.8216857910156
411.5213928222656,43.74760055541992,102.51309967041016,265.439208984375
412.60980224609375,48.8656005859375,104.09420013427734,264.9457092285156
415.8883972167969,49.11840057373047,99.1500015258789,265.2538146972656
415.8163146972656,45.36180114746094,105.4718017578125,263.81500244140625
420.56500244140625,48.95880126953125,99.7488021850586,264.4407043457031
421.5867004394531,43.44089889526367,102.99539947509766,268.943603515625
425.1716003417969,43.1869010925293,102.29530334472656,269.66668701171875
425.9590148925781,43.777400970458984,102.14859771728516,267.89581298828125
425.84368896484375,44.47850036621094,108.82990264892578,265.1983947753906
427.4584045410156,45.84709930419922,106.72959899902344,266.5474853515625
429.5223083496094,46.9833984375,105.87920379638672,270.96759033203125
427.4518127441406,44.21419906616211,107.51129913330078,273.04010009765625
431.355712890625,45.55509948730469,108.14140319824219,270.0697021484375
429.35430908203125,44.63309860229492,112.82379913330078,275.8743896484375
431.7179870605469,44.319000244140625,109.44529724121094,272.9695129394531
428.1380920410156,45.52790069580078,113.96939849853516,273.4130859375
434.7930908203125,46.530799865722656,110.28279876708984,269.95458984375
432.7651062011719,47.96369934082031,108.13870239257812,268.7362060546875
435.2318115234375,50.922401428222656,109.84320068359375,266.1724853515625
435.9223937988281,49.16320037841797,108.43900299072266,268.3976135253906
438.68121337890625,50.27519989013672,106.16390228271484,267.356201171875
441.6597900390625,51.68410110473633,102.8373031616211,264.97149658203125
441.1278991699219,52.69889831542969,105.54810333251953,262.2430114746094
435.7710876464844,53.77429962158203,114.36139678955078,262.8841857910156
449.0177001953125,54.914798736572266,99.97370147705078,265.2503967285156
446.9607849121094,50.74129867553711,100.30580139160156,262.22491455078125
453.1592102050781,52.979000091552734,95.48249816894531,262.4779052734375
454.1907958984375,48.36280059814453,90.87169647216797,265.9779052734375
447.02911376953125,52.36579895019531,99.9031982421875,262.34759521484375
447.1247863769531,50.644901275634766,102.85569763183594,258.6422119140625
449.9096984863281,49.166500091552734,94.02279663085938,261.3774108886719
446.5946044921875,44.544700622558594,95.13269805908203,263.3503112792969
444.2580871582031,41.120399475097656,93.60099792480469,263.20941162109375
446.48858642578125,39.974300384521484,91.61430358886719,262.5472106933594
445.3529968261719,37.89680099487305,89.95240020751953,265.14068603515625
438.98980712890625,33.89289855957031,94.80740356445312,264.3399963378906
444.8822937011719,35.499298095703125,85.1272964477539,259.83758544921875
438.08160400390625,28.759899139404297,95.31839752197266,263.644287109375
442.2261962890625,24.640100479125977,84.33399963378906,266.28948974609375
440.6964111328125,19.746400833129883,88.779296875,268.1034851074219
440.8110046386719,19.965599060058594,89.79720306396484,264.119384765625
442.54998779296875,16.368999481201172,86.47160339355469,263.5289001464844
442.14739990234375,15.64229965209961,89.50389862060547,262.5575866699219
447.14129638671875,16.853300094604492,87.05660247802734,260.7344055175781
446.6365051269531,12.884099960327148,87.18109893798828,261.29949951171875
441.82879638671875,6.722700119018555,93.14240264892578,268.6659851074219
447.12811279296875,8.687700271606445,89.40650177001953,265.71649169921875
445.93951416015625,6.356100082397461,90.71219635009766,263.7658996582031
445.2809143066406,3.4333999156951904,95.3864974975586,270.0714111328125
445.9913024902344,4.904300212860107,95.90740203857422,268.54119873046875
446.2452087402344,3.5613999366760254,90.256103515625,266.7449035644531
441.8315124511719,6.118000030517578,99.57420349121094,267.66351318359375
447.03900146484375,2.7464001178741455,87.78720092773438,266.4844055175781
444.4288024902344,2.1837000846862793,92.80249786376953,266.8848876953125
438.5928039550781,-0.3422999978065491,101.96019744873047,267.37359619140625
442.1885986328125,1.6741000413894653,96.29879760742188,265.818603515625
442.2417907714844,-0.22429999709129333,96.73269653320312,267.12811279296875
441.7922058105469,0.5331000089645386,96.97109985351562,268.7903137207031
443.45269775390625,-0.8190000057220459,98.4718017578125,264.55511474609375
437.71661376953125,4.475399971008301,102.72049713134766,260.1391906738281
445.2101135253906,2.866300106048584,97.49130249023438,261.03271484375
447.1789855957031,0.5680000185966492,94.86409759521484,261.05670166015625
443.3489990234375,-2.2987000942230225,100.904296875,266.59588623046875
445.30938720703125,1.68149995803833,102.03060150146484,260.4198913574219
449.00738525390625,4.4096999168396,98.1843032836914,255.5402069091797
448.8103942871094,3.577199935913086,99.8760986328125,258.43359375
448.2952880859375,1.0154000520706177,102.41670227050781,262.42279052734375
446.6888122558594,2.3289999961853027,101.38629913330078,259.71380615234375
449.4129943847656,5.880799770355225,105.53350067138672,252.9550018310547
452.0945129394531,5.840000152587891,96.966796875,255.81619262695312
455.5480041503906,2.078900098800659,94.5531997680664,261.2430114746094
454.0252990722656,-0.14560000598430634,96.65119934082031,268.52880859375
449.47479248046875,1.7619999647140503,102.91889953613281,265.49798583984375
456.44659423828125,4.885499954223633,96.28350067138672,263.43438720703125
454.3450012207031,5.031199932098389,97.47039794921875,263.84979248046875
452.289794921875,3.514400005340576,99.70500183105469,270.072509765625
457.8882141113281,7.7154998779296875,91.90730285644531,262.7861022949219
453.6258850097656,5.625800132751465,98.4478988647461,269.2538146972656
457.3048095703125,4.788099765777588,96.24440002441406,271.0032043457031
460.0203857421875,10.382399559020996,92.53199768066406,263.855712890625
455.56201171875,8.516799926757812,96.75170135498047,269.3138122558594
454.94268798828125,11.638999938964844,98.26899719238281,269.6465148925781
459.9385070800781,13.063699722290039,94.6155014038086,270.53619384765625
458.8085021972656,13.86299991607666,93.38980102539062,273.6023864746094
453.5127868652344,18.673999786376953,98.9822006225586,268.6451110839844
458.0060119628906,19.662200927734375,98.71829986572266,271.8839111328125
453.1582946777344,21.524200439453125,101.2302017211914,271.2301940917969
455.1933898925781,21.871999740600586,97.29350280761719,276.9186096191406
458.1177978515625,28.272899627685547,89.87480163574219,270.43328857421875
451.6482849121094,37.46260070800781,98.8458023071289,259.5390930175781
448.1278076171875,40.2223014831543,103.67179870605469,261.760986328125
451.0874938964844,40.461700439453125,95.64600372314453,263.25048828125
448.3877868652344,43.09270095825195,101.85009765625,262.6265869140625
446.43670654296875,42.91510009765625,101.11289978027344,265.53759765625
446.9754943847656,47.292198181152344,101.05599975585938,265.4414978027344
445.94970703125,52.49039840698242,98.92939758300781,259.8280029296875
446.2607116699219,49.064701080322266,100.09660339355469,267.75689697265625
446.1637878417969,49.71540069580078,99.57360076904297,267.07379150390625
443.8887939453125,46.77619934082031,101.71600341796875,271.7417907714844
450.0794982910156,54.53010177612305,94.85250091552734,262.64520263671875
449.30609130859375,48.27519989013672,95.04419708251953,270.0504150390625
441.9002990722656,49.41120147705078,107.02279663085938,274.4541015625
447.0494079589844,49.882598876953125,102.98819732666016,268.64788818359375
450.29290771484375,51.76959991455078,93.01139831542969,265.5826110839844
446.2231140136719,49.453399658203125,102.04869842529297,269.5480041503906
449.24810791015625,44.914398193359375,99.49210357666016,274.69830322265625
451.3843078613281,48.362300872802734,95.13999938964844,269.2840881347656
449.0671081542969,48.66279983520508,100.47810363769531,270.5950927734375
449.0292053222656,54.242401123046875,97.2699966430664,258.3360900878906
448.97119140625,50.46269989013672,98.0707015991211,266.5071105957031
450.2620849609375,48.582698822021484,98.95970153808594,266.7991027832031
445.164794921875,51.911800384521484,104.31659698486328,263.587890625
454.2008056640625,48.739498138427734,94.17310333251953,271.2428894042969
446.88079833984375,49.19200134277344,103.3563003540039,266.1026916503906
444.79278564453125,52.118900299072266,108.12570190429688,265.0179138183594
451.62811279296875,49.78150177001953,100.99980163574219,265.9834899902344
454.5400085449219,50.28229904174805,94.8927993774414,266.3940124511719
450.45831298828125,49.01210021972656,98.56590270996094,268.50201416015625
452.7748107910156,44.526798248291016,97.60639953613281,270.72479248046875
456.3208923339844,50.43259811401367,90.21530151367188,264.6783142089844
451.6625061035156,48.03229904174805,100.88249969482422,266.8171081542969
448.5664978027344,48.34199905395508,104.26920318603516,265.40240478515625
449.5483093261719,48.21590042114258,103.45189666748047,267.80218505859375
453.54058837890625,45.75189971923828,102.24949645996094,269.1072082519531
453.097412109375,50.48270034790039,104.33290100097656,266.8089904785156
448.8861083984375,51.12459945678711,115.25800323486328,265.16619873046875
456.94781494140625,52.00429916381836,94.74849700927734,259.70819091796875
460.1448974609375,54.734100341796875,87.6343002319336,255.64129638671875
452.6336975097656,52.84980010986328,99.24549865722656,260.7690124511719
458.4797058105469,55.619998931884766,86.34369659423828,257.0602111816406
449.8616027832031,51.444000244140625,97.30799865722656,263.44830322265625
448.8320007324219,54.598899841308594,95.12560272216797,257.3848876953125
452.2662048339844,55.11470031738281,89.78050231933594,256.59228515625
453.3302917480469,53.87590026855469,82.6947021484375,258.0299987792969
449.48980712890625,54.58359909057617,88.25559997558594,255.88250732421875
450.5910949707031,58.1875,80.73269653320312,252.9658966064453
441.9533996582031,56.49769973754883,92.38749694824219,253.422607421875
441.92010498046875,60.89149856567383,91.34369659423828,248.40440368652344
428.66400146484375,68.37460327148438,105.63379669189453,240.10670471191406
431.9114990234375,66.30899810791016,100.20819854736328,239.71969604492188
428.1264953613281,66.9926986694336,103.8113021850586,237.66580200195312
429.8695983886719,66.8604965209961,97.6270980834961,238.2342987060547
426.8955993652344,70.7593002319336,101.36589813232422,234.99560546875
424.7731018066406,70.62300109863281,100.00420379638672,235.38150024414062
423.2604064941406,74.09629821777344,101.25900268554688,230.68589782714844
416.664794921875,73.76319885253906,100.6615982055664,232.7830047607422
410.5097961425781,77.86479949951172,110.95909881591797,227.00160217285156
412.50860595703125,77.70320129394531,103.87999725341797,230.66470336914062
409.7940979003906,78.50769805908203,108.22730255126953,230.35719299316406
408.14630126953125,78.85469818115234,103.38169860839844,229.5933074951172
405.3197937011719,77.4092025756836,107.1968994140625,232.3852996826172
406.3099060058594,75.96549987792969,99.80180358886719,235.24729919433594
405.0775146484375,79.64430236816406,98.40190124511719,230.10890197753906
404.1863098144531,79.60530090332031,99.46019744873047,231.0303955078125
403.5892028808594,80.44409942626953,96.18620300292969,229.06739807128906
403.4276123046875,82.21790313720703,94.31430053710938,225.54249572753906
400.4248962402344,84.48179626464844,97.61009979248047,223.53309631347656
399.9014892578125,79.67389678955078,96.55940246582031,230.54190063476562
400.1075134277344,82.79969787597656,91.14029693603516,229.78289794921875
400.1210021972656,79.86540222167969,90.42520141601562,230.04469299316406
399.9287109375,84.82240295410156,89.85919952392578,227.81640625
398.7703857421875,77.81500244140625,88.97329711914062,232.3408966064453
400.4302978515625,82.57060241699219,84.5457992553711,228.5458984375
401.0880126953125,74.43370056152344,82.07219696044922,239.51800537109375
398.57391357421875,80.439697265625,85.6863021850586,231.06419372558594
398.8765869140625,80.0989990234375,83.56919860839844,231.2758026123047
398.2090148925781,82.43450164794922,83.88410186767578,229.8990936279297
395.8382873535156,87.42870330810547,83.50789642333984,227.97760009765625
397.3572998046875,81.67410278320312,80.4218978881836,235.55279541015625
394.74609375,83.84559631347656,83.68830108642578,232.6248016357422
389.4580078125,92.34020233154297,90.7511978149414,222.35279846191406
390.69171142578125,86.37220001220703,86.86990356445312,224.46519470214844
387.6404113769531,94.25859832763672,88.3405990600586,220.35960388183594
382.289794921875,87.26750183105469,92.32270050048828,227.42640686035156
377.002197265625,89.26860046386719,97.822998046875,228.1367950439453
379.4378967285156,90.72530364990234,93.80500030517578,220.44520568847656
384.7992858886719,96.50550079345703,85.26629638671875,215.681396484375
369.87548828125,84.30960083007812,94.5302963256836,230.64089965820312
364.7427978515625,85.18779754638672,100.07559967041016,227.4561004638672
365.2764892578125,90.36589813232422,98.66110229492188,224.58030700683594
361.9296875,86.72100067138672,101.40809631347656,226.07620239257812
356.1068115234375,90.1886978149414,105.72709655761719,228.1204071044922
354.6512145996094,91.67340087890625,107.38739776611328,220.66270446777344
349.6512145996094,89.61710357666016,108.9365005493164,222.4178924560547
347.74951171875,87.62989807128906,112.29060363769531,225.68710327148438
338.9053039550781,96.54199981689453,118.75140380859375,214.5050048828125
333.9566955566406,88.35800170898438,119.23619842529297,220.6060028076172
334.035888671875,99.82240295410156,113.38520050048828,216.92230224609375
326.5732116699219,92.25160217285156,134.16160583496094,217.07400512695312
322.59259033203125,100.60530090332031,129.26080322265625,213.6363067626953
322.0708923339844,92.2936019897461,123.30760192871094,219.73699951171875
325.119384765625,83.21499633789062,101.04720306396484,220.7386016845703
318.1708068847656,84.51480102539062,92.49919891357422,218.50320434570312
306.6315002441406,84.25589752197266,108.77310180664062,217.5207977294922
307.776611328125,83.76000213623047,98.4926986694336,216.18890380859375
303.5079040527344,84.7562026977539,95.90170288085938,215.82870483398438
289.86859130859375,81.9020004272461,114.31620025634766,218.22320556640625
293.5306091308594,88.56159973144531,102.68840026855469,211.1450958251953
294.2838134765625,84.46080017089844,94.65280151367188,214.75250244140625
290.0111999511719,78.50090026855469,95.13610076904297,217.67269897460938
282.2886962890625,80.80110168457031,104.24700164794922,217.02540588378906
283.8067932128906,85.05229949951172,99.87100219726562,216.2187957763672
278.0187072753906,84.27300262451172,102.93659973144531,214.34689331054688
273.64471435546875,82.90160369873047,108.11250305175781,216.93809509277344
267.63848876953125,87.0625991821289,107.66780090332031,210.38580322265625
260.34161376953125,82.49009704589844,112.47969818115234,215.06700134277344
250.92559814453125,84.08550262451172,121.6093978881836,215.33619689941406
252.9199981689453,83.96179962158203,114.46420288085938,213.85870361328125
243.17840576171875,84.97660064697266,123.06420135498047,213.23309326171875
255.14309692382812,81.53060150146484,106.90149688720703,215.96490478515625
254.14830017089844,79.47380065917969,101.82540130615234,218.13209533691406
258.7171936035156,84.63639831542969,91.02010345458984,210.81430053710938
257.29229736328125,79.85340118408203,88.49539947509766,212.18130493164062
249.75970458984375,81.00050354003906,96.89099884033203,217.4351043701172
243.88189697265625,72.35780334472656,102.63980102539062,217.6811065673828
231.01849365234375,76.95929718017578,119.09010314941406,226.70460510253906
239.7657928466797,74.44319915771484,105.70659637451172,223.99349975585938
239.99749755859375,73.29840087890625,98.50589752197266,231.3634033203125
237.510498046875,80.28150177001953,101.52580261230469,225.0095977783203
234.05599975585938,93.85199737548828,105.5790023803711,207.28160095214844
240.91700744628906,90.38600158691406,96.98149871826172,214.168701171875
235.69760131835938,91.73829650878906,102.77580261230469,215.220703125
233.1656951904297,95.64189910888672,106.13379669189453,207.2978973388672
227.87530517578125,98.13860321044922,110.40570068359375,211.7523956298828
224.26480102539062,100.37100219726562,116.4927978515625,207.0511016845703
224.03050231933594,99.00810241699219,114.69300079345703,215.6063995361328
220.39649963378906,107.48380279541016,117.81800079345703,206.74400329589844
221.910400390625,100.30000305175781,117.95829772949219,209.1674041748047
230.5821990966797,107.49310302734375,96.30290222167969,211.42689514160156
224.81390380859375,107.47270202636719,105.10579681396484,211.01370239257812
224.9248046875,105.34420013427734,103.78369903564453,212.6082000732422
222.18699645996094,105.81449890136719,107.54100036621094,212.3914031982422
222.4447021484375,113.5916976928711,103.73590087890625,209.4906005859375
221.15260314941406,109.53179931640625,104.78179931640625,211.8809051513672
214.1024932861328,118.25740051269531,118.65480041503906,206.44619750976562
222.52310180664062,117.76940155029297,112.40399932861328,210.48159790039062
219.7843017578125,119.96330261230469,126.54039764404297,212.33529663085938
222.0092010498047,122.95970153808594,119.25980377197266,205.65240478515625
219.69810485839844,123.42400360107422,124.39929962158203,203.34860229492188
217.16360473632812,128.54739379882812,128.3914031982422,200.6898956298828
226.64370727539062,131.44520568847656,113.51399993896484,199.50509643554688
231.77049255371094,123.5636978149414,102.3865966796875,206.84030151367188
231.52049255371094,124.49250030517578,102.7217025756836,207.77110290527344
238.481201171875,122.93419647216797,91.1906967163086,206.0467071533203
239.60879516601562,126.15809631347656,87.38240051269531,203.2375946044922
235.4553985595703,124.88140106201172,92.27279663085938,197.47459411621094
230.6645965576172,121.4927978515625,93.01080322265625,209.0767059326172
230.5426025390625,122.75289916992188,92.99849700927734,212.66319274902344
222.88040161132812,123.49810028076172,100.26409912109375,211.67909240722656
219.868896484375,123.8333969116211,101.76920318603516,210.0836944580078
219.1685028076172,127.94650268554688,100.52069854736328,214.0930938720703
212.52980041503906,125.1781005859375,105.93769836425781,210.39129638671875
208.8000946044922,131.59519958496094,106.48259735107422,203.42120361328125
211.97169494628906,127.72429656982422,97.90699768066406,209.45880126953125
208.44419860839844,128.4219970703125,102.40519714355469,209.43629455566406
209.8155975341797,128.39280700683594,97.2948989868164,212.8876953125
208.88980102539062,130.16729736328125,96.1613998413086,209.96189880371094
212.52520751953125,131.65969848632812,87.0979995727539,211.64849853515625
205.3074951171875,129.65310668945312,97.54080200195312,210.0095977783203
207.76829528808594,128.4102020263672,87.37010192871094,209.81329345703125
208.62100219726562,125.5719985961914,85.91909790039062,210.047607421875
208.44970703125,123.60320281982422,83.7865982055664,213.96060180664062
212.31419372558594,125.20590209960938,75.5248031616211,208.97219848632812
211.66050720214844,121.53730010986328,72.3917007446289,206.31619262695312
212.38299560546875,125.30069732666016,75.20230102539062,205.32330322265625
192.96180725097656,115.70469665527344,95.88469696044922,218.156494140625
183.4355010986328,108.6355972290039,109.02519989013672,223.75169372558594
175.50489807128906,100.2959976196289,118.5519027709961,231.04249572753906
183.12930297851562,67.27749633789062,104.79419708251953,261.2969055175781
183.33050537109375,53.65959930419922,106.2134017944336,275.4580993652344
190.5009002685547,46.67359924316406,102.60279846191406,280.0592956542969
199.568603515625,43.45050048828125,94.19200134277344,279.2398986816406
201.46099853515625,40.64619827270508,94.39559936523438,283.8450927734375
204.17379760742188,33.59749984741211,97.53849792480469,286.63140869140625
220.2769012451172,26.023000717163086,89.22840118408203,286.94940185546875
213.47039794921875,45.68259811401367,106.74130249023438,272.6225891113281
219.43350219726562,27.305200576782227,111.75540161132812,275.9054870605469
194.364501953125,85.62069702148438,78.40540313720703,225.33030700683594
191.69760131835938,98.0873031616211,79.46369934082031,207.86050415039062
190.0653076171875,92.54319763183594,83.67549896240234,208.01559448242188
187.91110229492188,94.66490173339844,84.5459976196289,206.2239990234375
188.31350708007812,90.66889953613281,79.9397964477539,201.3892059326172
185.3450927734375,88.03970336914062,85.91459655761719,204.7465057373047
187.08799743652344,81.11869812011719,82.35179901123047,210.1446990966797
185.0218963623047,86.53009796142578,81.31230163574219,205.4261932373047
183.60369873046875,79.8594970703125,81.3042984008789,208.83900451660156
181.79200744628906,82.2677993774414,81.49400329589844,213.29949951171875
181.53089904785156,82.71640014648438,80.8655014038086,207.43829345703125
178.34010314941406,80.55619812011719,81.2323989868164,207.74989318847656
178.13099670410156,80.51519775390625,79.19740295410156,205.4586944580078
173.82330322265625,82.20659637451172,83.38670349121094,201.88540649414062
172.1844940185547,76.50170135498047,83.4822006225586,208.49839782714844
167.1656951904297,79.64540100097656,86.8281021118164,207.20150756835938
172.37620544433594,79.85980224609375,79.3219985961914,207.61770629882812
170.8114013671875,77.04630279541016,77.45709991455078,203.41090393066406
163.15350341796875,76.49109649658203,84.37329864501953,204.51300048828125
164.57150268554688,79.37200164794922,82.03019714355469,204.77560424804688
161.16209411621094,74.72530364990234,80.36470031738281,205.87120056152344
160.93150329589844,72.785400390625,80.0728988647461,205.19700622558594
160.98399353027344,74.84970092773438,78.48079681396484,200.65020751953125
157.02740478515625,73.3427963256836,80.97039794921875,199.94659423828125
157.01339721679688,72.56099700927734,75.3738021850586,201.91189575195312
156.4138946533203,71.67960357666016,75.76300048828125,197.33250427246094
155.05979919433594,71.64959716796875,74.06179809570312,197.56849670410156
154.25180053710938,69.98380279541016,71.96769714355469,198.4423065185547
154.25830078125,68.60250091552734,69.46769714355469,202.83090209960938
152.69290161132812,68.65049743652344,70.88059997558594,203.9949951171875
153.63079833984375,69.31590270996094,66.32990264892578,198.50059509277344
153.43069458007812,71.71659851074219,63.186500549316406,199.56849670410156
153.39019775390625,75.06829833984375,61.775901794433594,197.4604949951172
157.36849975585938,76.06780242919922,56.596900939941406,196.59860229492188
157.88479614257812,77.82499694824219,51.812599182128906,190.0814971923828
160.5836944580078,82.49739837646484,50.23970031738281,189.41729736328125
161.95489501953125,83.6436996459961,47.324501037597656,189.7841033935547
161.4490966796875,86.02359771728516,46.425201416015625,185.74839782714844
164.96029663085938,88.10820007324219,40.566898345947266,184.45339965820312
163.58160400390625,89.6229019165039,40.97919845581055,183.02969360351562
163.14059448242188,91.48370361328125,40.65060043334961,184.41819763183594
165.2382049560547,93.55460357666016,37.147098541259766,182.55340576171875
160.06109619140625,92.12480163574219,41.97959899902344,188.14230346679688
158.5989990234375,95.66999816894531,41.550201416015625,185.34219360351562
142.4029998779297,97.1854019165039,58.89780044555664,182.40570068359375
127.1510009765625,97.02339935302734,66.86730194091797,182.05130004882812
116.24349975585938,95.90640258789062,80.42310333251953,192.2021942138672
116.81520080566406,100.11270141601562,77.28510284423828,190.96929931640625
116.78109741210938,99.22380065917969,76.36949920654297,192.84970092773438
116.98739624023438,101.15190124511719,76.3010025024414,190.57150268554688
112.63700103759766,103.63480377197266,78.92340087890625,194.4680938720703
112.40260314941406,104.98880004882812,79.46649932861328,194.05810546875
112.51300048828125,107.84760284423828,77.34359741210938,192.2888946533203
112.8916015625,110.74259948730469,77.18560028076172,194.2283935546875
112.92539978027344,113.43579864501953,78.09359741210938,188.43069458007812
110.82820129394531,116.54319763183594,80.10769653320312,185.2989044189453
113.52159881591797,116.26129913330078,78.68689727783203,193.25010681152344
114.95649719238281,118.82170104980469,75.57980346679688,188.5625
112.22229766845703,116.67120361328125,80.72319793701172,187.1466064453125
115.47969818115234,119.07240295410156,78.1344985961914,191.16929626464844
113.14659881591797,117.81310272216797,80.65339660644531,192.00929260253906
114.35199737548828,120.19400024414062,83.55049896240234,188.10760498046875
116.4822006225586,121.67759704589844,80.35299682617188,184.92889404296875
118.6769027709961,125.97760009765625,78.39679718017578,182.0316925048828
116.97460174560547,126.08059692382812,80.59010314941406,183.4716033935547
121.9021987915039,132.4174041748047,75.19270324707031,177.66529846191406
114.64800262451172,127.6229019165039,85.40409851074219,183.22970581054688
123.18209838867188,135.8632049560547,76.59629821777344,180.2823028564453
122.87329864501953,132.8179931640625,76.85379791259766,177.89349365234375
122.9490966796875,137.62770080566406,77.03500366210938,172.62840270996094
123.90579986572266,138.17379760742188,78.6312026977539,174.66529846191406
124.52749633789062,139.50759887695312,81.63490295410156,174.38340759277344
121.22889709472656,144.65530395507812,92.07929992675781,168.1551971435547
115.25689697265625,140.18780517578125,103.17009735107422,171.1143035888672
117.67289733886719,144.3105010986328,99.63700103759766,166.52940368652344
119.28600311279297,144.58729553222656,97.08070373535156,165.38340759277344
124.42500305175781,142.18899536132812,86.49739837646484,175.85069274902344
123.25969696044922,142.4552001953125,86.60569763183594,172.85690307617188
126.76850128173828,139.94769287109375,81.37850189208984,178.18080139160156
128.46359252929688,146.66189575195312,78.11209869384766,170.74729919433594
129.79800415039062,144.78219604492188,78.60549926757812,176.53829956054688
132.1925048828125,148.24749755859375,75.64019775390625,171.210693359375
132.18429565429688,153.0612030029297,76.08180236816406,169.58900451660156
133.28469848632812,153.6826934814453,76.66809844970703,168.9091033935547
130.23719787597656,156.7783966064453,81.5927963256836,164.83740234375
133.46060180664062,151.71189880371094,77.8021011352539,170.50450134277344
132.1260986328125,153.2917022705078,82.31230163574219,168.5238037109375
132.89320373535156,153.8990020751953,81.29450225830078,166.42799377441406
132.43910217285156,154.2996063232422,84.99299621582031,167.25540161132812
135.54100036621094,152.47979736328125,80.90630340576172,171.7895965576172
131.743896484375,152.12789916992188,84.381103515625,172.69070434570312
134.07659912109375,152.88059997558594,79.34290313720703,169.5153045654297
135.85769653320312,157.1049041748047,77.447998046875,167.58099365234375
133.2010040283203,159.0225067138672,80.720703125,165.5366973876953
129.63540649414062,155.49380493164062,85.13600158691406,169.86810302734375
130.45150756835938,152.58529663085938,82.9636001586914,171.99159240722656
130.48590087890625,150.56370544433594,82.18489837646484,173.9976043701172
130.14669799804688,152.1656951904297,84.7155990600586,168.427001953125
131.50230407714844,149.5821990966797,81.61599731445312,172.9138946533203
129.06930541992188,152.80870056152344,85.36270141601562,169.1728057861328
127.46790313720703,150.8804931640625,87.33660125732422,170.085205078125
127.58920288085938,149.5074005126953,86.54199981689453,169.84469604492188
130.0980987548828,147.07179260253906,81.68789672851562,174.00790405273438
126.85469818115234,149.76600646972656,89.347900390625,171.78810119628906
129.86099243164062,149.49400329589844,83.1144027709961,163.49560546875
132.67990112304688,150.89340209960938,81.51629638671875,167.772705078125
132.7655029296875,150.58709716796875,79.6541976928711,170.96180725097656
135.468505859375,155.264892578125,76.0271987915039,162.7303009033203
132.16659545898438,157.3323974609375,84.64620208740234,164.5928955078125
132.2010040283203,154.4362030029297,81.06639862060547,169.04550170898438
137.95599365234375,157.3135986328125,75.53630065917969,164.52239990234375
135.79139709472656,158.50559997558594,75.39600372314453,163.5825958251953
139.8459930419922,160.04849243164062,72.4197998046875,162.74209594726562
140.50230407714844,158.10499572753906,71.64219665527344,163.4178924560547
141.03179931640625,159.3459014892578,70.8104019165039,160.85369873046875
143.4542999267578,160.0142059326172,69.00669860839844,157.6237030029297
138.72689819335938,156.3737030029297,71.49259948730469,162.39920043945312
139.98919677734375,156.4761962890625,72.0448989868164,161.78329467773438
141.30760192871094,157.39010620117188,70.34760284423828,159.4237060546875
141.02830505371094,159.56809997558594,69.95449829101562,157.01510620117188
142.5522003173828,157.69859313964844,69.9104995727539,159.31649780273438
144.05340576171875,160.12100219726562,67.16020202636719,156.1855926513672
143.03509521484375,160.5782928466797,68.3572006225586,154.95809936523438
143.60240173339844,160.42579650878906,67.82250213623047,151.82769775390625
144.6125946044922,160.923095703125,66.3936996459961,160.15269470214844
