1
422.9872131347656,126.75170135498047,57.68629837036133,170.02220153808594
423.58380126953125,123.47959899902344,53.099300384521484,175.4156951904297
420.6925964355469,125.77649688720703,55.41019821166992,171.64210510253906
419.5343933105469,122.70559692382812,57.368900299072266,175.0500946044922
417.2121887207031,120.997802734375,64.29869842529297,176.8365936279297
417.5456848144531,121.02449798583984,58.494300842285156,176.96580505371094
419.659912109375,116.94010162353516,58.02159881591797,178.44619750976562
418.71380615234375,116.94650268554688,56.64910125732422,178.7982940673828
419.72601318359375,116.27130126953125,57.94729995727539,177.62869262695312
418.8290100097656,113.89459991455078,58.92409896850586,180.13040161132812
421.3431091308594,113.99030303955078,57.25130081176758,179.3740997314453
420.78021240234375,111.4552993774414,57.87779998779297,178.69590759277344
418.5934143066406,105.6780014038086,58.30860137939453,182.41329956054688
416.68951416015625,105.96929931640625,62.86199951171875,178.91409301757812
419.1061096191406,103.04239654541016,58.90359878540039,177.981201171875
418.28070068359375,103.31220245361328,59.312599182128906,179.4055938720703
418.051513671875,100.62979888916016,58.926998138427734,174.027099609375
415.1344909667969,99.57640075683594,63.9213981628418,176.64869689941406
414.173095703125,99.81719970703125,66.3865966796875,173.8780975341797
415.0445861816406,97.8386001586914,67.58910369873047,175.4857940673828
414.68060302734375,102.92939758300781,65.06559753417969,175.95339965820312
414.1344909667969,106.73719787597656,65.04209899902344,175.28819274902344
413.2619934082031,113.47630310058594,69.12860107421875,173.5605010986328
416.5165100097656,116.49810028076172,63.74769973754883,170.7008056640625
417.5585021972656,119.85540008544922,62.90330123901367,171.2165069580078
417.5828857421875,119.49720001220703,62.50910186767578,172.7783966064453
409.5201110839844,116.09310150146484,71.904296875,175.87469482421875
402.49169921875,119.57839965820312,78.85330200195312,171.14649963378906
413.16790771484375,115.50769805908203,65.3407974243164,174.87570190429688
413.1924133300781,120.46849822998047,62.48249816894531,166.3699951171875
411.09429931640625,118.29679870605469,59.68109893798828,169.78370666503906
406.485107421875,116.55660247802734,62.97460174560547,175.16180419921875
413.8132019042969,118.4906997680664,52.54180145263672,169.1873016357422
410.6260986328125,112.70950317382812,53.042301177978516,172.4647979736328
407.7370910644531,110.48580169677734,54.603599548339844,176.27769470214844
408.2273864746094,110.4030990600586,52.13399887084961,176.03990173339844
403.826904296875,111.31210327148438,59.52470016479492,170.158203125
399.59051513671875,106.70670318603516,63.349700927734375,178.25140380859375
407.248291015625,109.39869689941406,54.09920120239258,168.94850158691406
407.09490966796875,106.4343032836914,54.789798736572266,168.6990966796875
407.2320861816406,107.64199829101562,53.34339904785156,171.3209991455078
407.26458740234375,110.89409637451172,52.11650085449219,168.79620361328125
407.5779113769531,112.64009857177734,54.04100036621094,165.27029418945312
406.0176086425781,111.35160064697266,55.63999938964844,169.20950317382812
408.3630065917969,115.71299743652344,50.966400146484375,165.16799926757812
407.5210876464844,115.0615005493164,49.098899841308594,160.9219970703125
406.44000244140625,110.19049835205078,48.53110122680664,165.42340087890625
404.4039001464844,105.32350158691406,52.01570129394531,169.22799682617188
404.1781005859375,107.43340301513672,48.087100982666016,163.39219665527344
400.1387023925781,109.52120208740234,50.08250045776367,166.86720275878906
398.0246887207031,111.033203125,48.95109939575195,164.60890197753906
398.0538024902344,113.39250183105469,50.08570098876953,164.24549865722656
395.9118957519531,118.05079650878906,50.08620071411133,160.45590209960938
397.9328918457031,113.57749938964844,48.253501892089844,158.44410705566406
397.64630126953125,117.91799926757812,48.58620071411133,160.65260314941406
396.23028564453125,118.56700134277344,51.608299255371094,155.7097930908203
399.34051513671875,111.76270294189453,46.897499084472656,160.38150024414062
399.5354919433594,116.26699829101562,44.769901275634766,161.506103515625
400.7650146484375,116.37889862060547,43.32979965209961,157.81419372558594
400.2069091796875,122.70659637451172,44.87950134277344,155.08279418945312
402.1888122558594,124.31909942626953,41.83440017700195,147.92759704589844
402.7109069824219,128.572998046875,42.80329895019531,145.00169372558594
403.529296875,123.1760025024414,44.36280059814453,150.2332000732422
404.4375,128.11849975585938,43.57149887084961,148.3282012939453
405.1167907714844,129.12449645996094,44.676300048828125,146.43150329589844
404.868896484375,132.0117950439453,44.822898864746094,139.46420288085938
404.63470458984375,127.19319915771484,42.01919937133789,143.93539428710938
405.94610595703125,129.7888946533203,40.33810043334961,139.4976043701172
401.3857116699219,129.14849853515625,44.28799819946289,138.13360595703125
401.12078857421875,135.3502960205078,42.073299407958984,133.78550720214844
399.0285949707031,128.5843963623047,42.81959915161133,134.2738037109375
398.45709228515625,134.25979614257812,41.68439865112305,132.3780975341797
396.364501953125,133.54559326171875,40.88010025024414,134.65089416503906
395.1206970214844,133.77520751953125,38.6422004699707,128.0550994873047
390.77398681640625,134.82200622558594,40.057899475097656,128.02630615234375
388.3030090332031,138.62139892578125,40.48820114135742,125.5604019165039
385.2955017089844,134.0438995361328,42.565799713134766,125.5541000366211
384.8257141113281,136.46470642089844,39.38240051269531,123.19390106201172
382.1968994140625,136.24659729003906,41.838199615478516,124.9822998046875
381.0638122558594,137.62730407714844,40.42570114135742,124.74819946289062
377.62640380859375,140.8730010986328,45.34989929199219,122.52539825439453
377.8695983886719,140.5117950439453,43.57270050048828,123.0833969116211
374.68438720703125,138.00979614257812,48.00120162963867,125.25810241699219
372.3655090332031,140.66380310058594,47.70909881591797,121.8864974975586
372.1473083496094,135.5279998779297,47.28379821777344,123.11470031738281
372.0462951660156,139.96539306640625,47.287899017333984,122.59960174560547
368.22540283203125,141.4696044921875,52.2755012512207,118.16300201416016
367.9507141113281,137.6748046875,49.900699615478516,117.39689636230469
366.639404296875,136.8489990234375,48.098899841308594,119.46540069580078
366.20660400390625,135.34710693359375,47.36399841308594,118.04080200195312
363.056884765625,135.27490234375,50.878700256347656,116.56999969482422
359.6278076171875,134.247802734375,53.86259841918945,114.90070343017578
358.9154968261719,128.97279357910156,53.76190185546875,116.81549835205078
366.6827087402344,132.63169860839844,41.87260055541992,113.69380187988281
361.9743957519531,130.66229248046875,47.054298400878906,113.9552001953125
358.364501953125,131.1584014892578,50.907901763916016,113.70369720458984
360.3254089355469,127.99639892578125,47.86149978637695,113.7791976928711
358.8140869140625,130.1121063232422,49.02939987182617,110.78109741210938
351.12548828125,127.2073974609375,57.64339828491211,112.53939819335938
349.8204040527344,127.57759857177734,56.29840087890625,113.23249816894531
356.1039123535156,127.07630157470703,46.55179977416992,109.62200164794922
356.8778991699219,127.12660217285156,44.53030014038086,110.58080291748047
355.0126037597656,128.6916046142578,45.585201263427734,111.11219787597656
358.6129150390625,127.29840087890625,42.59489822387695,109.7240982055664
351.775390625,128.73309326171875,50.39310073852539,105.45320129394531
338.6680908203125,128.39529418945312,63.32809829711914,109.33039855957031
349.3406982421875,133.15870666503906,51.77130126953125,101.6759033203125
344.8616943359375,138.48739624023438,54.522499084472656,101.02459716796875
336.4844055175781,130.1345977783203,64.118896484375,108.09190368652344
337.0563049316406,131.78909301757812,68.40149688720703,104.25959777832031
339.64959716796875,142.1116943359375,68.19889831542969,94.39839935302734
344.5404052734375,145.2324981689453,66.22440338134766,92.49849700927734
347.20599365234375,144.6782989501953,60.78379821777344,94.97810363769531
359.2204895019531,149.04319763183594,49.977699279785156,89.11959838867188
369.6534118652344,150.0532989501953,39.065101623535156,86.4822998046875
370.4825134277344,147.68719482421875,34.150001525878906,89.83830261230469
373.7273864746094,146.6732940673828,32.21310043334961,90.82340240478516
374.5043029785156,149.00900268554688,33.157901763916016,87.12580108642578
376.62188720703125,147.83270263671875,31.880300521850586,89.98860168457031
378.49609375,146.31100463867188,29.217899322509766,91.27079772949219
381.84149169921875,146.3625030517578,28.22800064086914,90.53919982910156
383.9914855957031,149.84840393066406,26.677600860595703,85.25659942626953
384.22900390625,144.84629821777344,27.486499786376953,90.29060363769531
385.5000915527344,144.51829528808594,27.973800659179688,90.36900329589844
384.2510070800781,142.37489318847656,34.763301849365234,91.11170196533203
384.4006042480469,140.351806640625,38.5620002746582,93.31890106201172
384.03961181640625,135.779296875,36.619300842285156,94.39559936523438
383.19989013671875,135.4384002685547,33.87459945678711,94.52559661865234
383.2669982910156,130.9949951171875,32.189998626708984,94.55889892578125
384.9642028808594,128.8325958251953,29.602399826049805,95.71199798583984
385.6247863769531,125.1530990600586,29.545900344848633,97.22630310058594
387.0505065917969,124.10289764404297,31.787599563598633,96.14089965820312
387.4247131347656,120.0177993774414,32.506500244140625,96.57559967041016
386.5758056640625,118.15170288085938,36.3827018737793,98.48680114746094
390.0223083496094,118.32890319824219,31.56049919128418,96.53759765625
390.62298583984375,115.05349731445312,31.592300415039062,97.71279907226562
392.6951904296875,113.44779968261719,26.949899673461914,96.9657974243164
390.8568115234375,111.15080261230469,30.845600128173828,99.70429992675781
393.3916931152344,112.49929809570312,28.374500274658203,96.31629943847656
392.61199951171875,112.28600311279297,30.450899124145508,96.73100280761719
392.4534912109375,111.50090026855469,31.52739906311035,97.50540161132812
393.88330078125,110.69339752197266,29.04490089416504,98.59010314941406
392.6003112792969,109.4020004272461,30.35849952697754,97.372802734375
391.739013671875,108.80449676513672,30.930200576782227,99.35459899902344
389.64190673828125,106.67320251464844,32.422298431396484,100.57029724121094
389.4530029296875,106.79609680175781,30.96339988708496,100.87770080566406
387.89691162109375,104.46600341796875,32.57590103149414,102.4717025756836
386.3711853027344,104.70339965820312,33.49169921875,101.18720245361328
384.8830871582031,103.12319946289062,33.34519958496094,102.60980224609375
383.2080993652344,101.59860229492188,35.09109878540039,104.50309753417969
384.1911926269531,100.4530029296875,32.503501892089844,105.35140228271484
385.5129089355469,100.65190124511719,32.66590118408203,103.77200317382812
384.89581298828125,99.84230041503906,33.92720031738281,104.36060333251953
386.60888671875,99.43910217285156,32.5630989074707,101.88390350341797
386.6611022949219,97.5376968383789,33.45309829711914,104.25199890136719
388.52398681640625,96.15149688720703,31.74220085144043,105.27059936523438
388.598388671875,97.56510162353516,32.8297004699707,101.002197265625
388.73260498046875,95.43190002441406,30.753599166870117,103.02010345458984
389.0805969238281,93.76499938964844,33.77479934692383,102.21800231933594
389.78399658203125,91.67539978027344,31.159799575805664,103.90760040283203
390.2900085449219,89.94599914550781,29.437299728393555,103.01280212402344
392.2897033691406,90.61219787597656,27.81369972229004,101.33499908447266
392.4206848144531,87.87120056152344,28.19260025024414,102.48200225830078
393.0199890136719,85.20480346679688,27.382400512695312,103.39399719238281
393.6805114746094,84.6615982055664,28.63949966430664,101.45349884033203
393.40948486328125,83.86000061035156,31.202999114990234,101.685302734375
392.22039794921875,81.45610046386719,35.57360076904297,103.46630096435547
392.4872131347656,77.87629699707031,36.4718017578125,106.61090087890625
390.4020080566406,77.1344985961914,37.342899322509766,105.95770263671875
391.4656066894531,75.793701171875,32.2943000793457,104.69039916992188
392.4930114746094,74.75540161132812,33.41109848022461,103.43810272216797
391.60791015625,72.31919860839844,31.440799713134766,103.5281982421875
394.7257995605469,69.58540344238281,28.005599975585938,104.91840362548828
395.66839599609375,70.97630310058594,25.992900848388672,102.94249725341797
395.7550964355469,69.75340270996094,26.194799423217773,104.57669830322266
396.6694030761719,68.94419860839844,26.82200050354004,104.44539642333984
397.2379150390625,67.07489776611328,27.845300674438477,105.9999008178711
398.955810546875,65.61750030517578,29.77199935913086,106.62470245361328
398.07830810546875,68.9614028930664,31.024099349975586,102.56749725341797
399.4501037597656,65.37920379638672,31.500499725341797,106.28589630126953
396.90130615234375,67.15540313720703,33.3474006652832,104.79389953613281
399.03460693359375,66.8739013671875,31.72089958190918,104.07740020751953
398.1470947265625,63.4911003112793,33.2958984375,106.49919891357422
399.6871032714844,63.5276985168457,32.42530059814453,105.78279876708984
399.98089599609375,64.67960357666016,32.742401123046875,104.05680084228516
399.70941162109375,64.67230224609375,32.84040069580078,106.6906967163086
399.3893127441406,61.79059982299805,31.893999099731445,108.0656967163086
398.9566955566406,64.50659942626953,30.654600143432617,104.36949920654297
396.3157043457031,67.79679870605469,35.4098014831543,102.68299865722656
395.64599609375,65.47019958496094,27.02739906311035,105.15950012207031
392.94171142578125,64.13619995117188,26.337099075317383,105.52259826660156
392.0119934082031,64.28910064697266,25.193300247192383,104.21910095214844
389.3467102050781,64.54299926757812,26.40839958190918,103.20570373535156
387.2831115722656,63.717899322509766,25.433799743652344,105.62129974365234
384.15570068359375,65.58809661865234,28.026599884033203,102.31189727783203
381.12420654296875,64.07679748535156,28.381099700927734,105.41120147705078
377.95379638671875,65.40139770507812,28.740400314331055,105.34729766845703
375.3768005371094,61.711700439453125,29.277799606323242,108.29669952392578
373.3622131347656,65.47650146484375,26.91200065612793,104.57949829101562
370.4805908203125,64.21959686279297,26.570999145507812,105.37129974365234
369.92889404296875,64.44409942626953,24.00749969482422,104.61399841308594
365.8418884277344,63.650901794433594,24.288700103759766,105.31620025634766
363.10888671875,63.543800354003906,24.705299377441406,101.806396484375
359.2560119628906,68.66999816894531,26.27899932861328,98.92939758300781
357.8742980957031,69.23619842529297,25.96660041809082,95.1906967163086
355.09210205078125,69.95790100097656,28.52790069580078,97.74250030517578
352.9601135253906,65.94999694824219,28.131099700927734,103.7969970703125
353.6156005859375,71.82209777832031,29.303300857543945,98.14179992675781
351.218505859375,65.92440032958984,33.210201263427734,102.70960235595703
348.531005859375,66.83110046386719,38.36370086669922,103.3114013671875
347.4989929199219,67.28410339355469,42.35300064086914,102.07520294189453
319.1755065917969,65.06749725341797,56.09090042114258,106.62039947509766
319.2773132324219,53.479000091552734,60.912899017333984,116.23829650878906
322.6017150878906,48.88750076293945,55.683998107910156,122.34619903564453
327.5433044433594,51.483699798583984,48.983299255371094,120.63800048828125
330.4562072753906,55.61840057373047,46.91910171508789,115.85009765625
329.6737976074219,59.1254997253418,48.13930130004883,114.58460235595703
330.4541015625,57.55120086669922,48.78969955444336,114.24569702148438
330.9435119628906,51.89569854736328,46.035701751708984,118.07379913330078
331.2709045410156,51.77470016479492,47.09410095214844,120.51699829101562
330.53021240234375,45.89229965209961,50.68360137939453,124.79019927978516
332.0671081542969,48.310298919677734,41.645198822021484,119.80729675292969
330.1590881347656,44.25199890136719,47.249298095703125,124.22509765625
328.6487121582031,44.548500061035156,47.367698669433594,125.42140197753906
329.2778015136719,40.69889831542969,47.49209976196289,129.75889587402344
328.9627990722656,41.85260009765625,47.37070083618164,130.68600463867188
327.48199462890625,40.857601165771484,52.791500091552734,129.97659301757812
324.5968933105469,40.89759826660156,56.64139938354492,129.71310424804688
323.9859924316406,41.10169982910156,55.842098236083984,127.26499938964844
322.2427978515625,43.895599365234375,57.401798248291016,125.61129760742188
321.1011962890625,45.6067008972168,58.58470153808594,124.17389678955078
320.6756896972656,42.79330062866211,57.94459915161133,128.023193359375
318.4649963378906,44.27040100097656,60.010398864746094,126.3667984008789
317.8252868652344,42.33359909057617,59.73899841308594,127.77529907226562
316.8092041015625,43.90439987182617,59.025699615478516,128.54660034179688
317.52398681640625,40.353599548339844,57.58219909667969,129.17300415039062
312.5262145996094,43.604400634765625,64.62750244140625,124.25340270996094
311.40130615234375,47.450801849365234,63.836299896240234,122.74369812011719
310.6265869140625,42.41910171508789,66.66840362548828,126.99829864501953
305.3417053222656,45.18619918823242,71.06210327148438,125.4114990234375
304.802001953125,39.527400970458984,71.70819854736328,127.60310363769531
300.9541931152344,47.071800231933594,70.82440185546875,121.90149688720703
305.5834045410156,39.79779815673828,68.25019836425781,128.31680297851562
297.1969909667969,41.062400817871094,71.2146987915039,129.4197998046875
295.7373046875,38.19419860839844,73.27400207519531,130.0496063232422
291.0415954589844,42.39469909667969,75.38240051269531,128.55250549316406
290.2395935058594,40.64799880981445,76.38960266113281,128.7393035888672
286.5163879394531,37.9114990234375,80.30220031738281,131.51890563964844
285.4790954589844,40.301300048828125,79.31790161132812,129.93910217285156
290.9408874511719,39.43230056762695,72.21800231933594,128.8079071044922
283.43951416015625,44.005699157714844,74.90190124511719,128.48260498046875
288.9743957519531,41.327598571777344,71.52960205078125,128.0648956298828
282.339111328125,45.09519958496094,77.67539978027344,128.19129943847656
287.8656005859375,44.38560104370117,72.15519714355469,126.73500061035156
282.7275085449219,43.6702995300293,76.28790283203125,127.29879760742188
286.3222961425781,44.4556999206543,71.50129699707031,126.3853988647461
285.20330810546875,44.03099822998047,70.05509948730469,127.87550354003906
282.0224914550781,45.348899841308594,75.68340301513672,128.01620483398438
283.3403015136719,43.367801666259766,71.47989654541016,127.17379760742188
280.9789123535156,46.096500396728516,73.90570068359375,130.38580322265625
283.7362060546875,40.690799713134766,69.60990142822266,132.4853057861328
279.69879150390625,51.398101806640625,71.57080078125,126.69889831542969
283.3279113769531,42.63930130004883,64.88590240478516,126.68199920654297
283.0351867675781,43.060001373291016,64.41590118408203,132.60830688476562
282.2786865234375,41.07099914550781,65.4448013305664,133.83900451660156
282.86279296875,40.68659973144531,62.04909896850586,133.5886993408203
283.0306091308594,42.29359817504883,59.805301666259766,132.531005859375
282.98638916015625,44.40140151977539,57.25389862060547,130.89599609375
281.2200012207031,46.0702018737793,57.89250183105469,127.3926010131836
281.2210998535156,44.53390121459961,53.71419906616211,130.03579711914062
280.2052917480469,45.570098876953125,53.58729934692383,126.70500183105469
281.1968994140625,43.164100646972656,48.09370040893555,130.40199279785156
278.8131103515625,44.442501068115234,50.0171012878418,128.24839782714844
279.2777099609375,43.34479904174805,48.33940124511719,122.85399627685547
277.1256103515625,43.38759994506836,49.80979919433594,129.57049560546875
277.4013977050781,41.26340103149414,48.750301361083984,126.06099700927734
279.2565002441406,37.375301361083984,45.21369934082031,131.5789031982422
277.3229064941406,38.81779861450195,47.357398986816406,129.48269653320312
277.4892883300781,34.93119812011719,48.33290100097656,129.4656982421875
272.81878662109375,35.143699645996094,54.8734016418457,130.58299255371094
272.34698486328125,38.842201232910156,55.488399505615234,126.76499938964844
268.88720703125,32.546199798583984,60.338600158691406,127.63909912109375
268.2781066894531,35.539100646972656,61.14540100097656,128.23959350585938
264.5342102050781,33.185699462890625,65.09359741210938,129.95489501953125
263.6986083984375,31.059900283813477,65.61640167236328,132.05209350585938
272.7589111328125,37.079200744628906,68.17410278320312,124.9271011352539
259.7961120605469,34.290401458740234,77.84700012207031,126.17970275878906
254.89630126953125,31.739099502563477,82.54540252685547,127.19750213623047
270.19830322265625,33.7661018371582,76.05180358886719,129.76150512695312
261.97650146484375,29.100900650024414,79.0177001953125,124.23429870605469
275.79998779296875,37.14289855957031,75.50360107421875,122.44960021972656
256.83538818359375,34.46739959716797,88.75289916992188,125.57779693603516
284.3454895019531,36.01129913330078,71.97219848632812,129.75979614257812
275.20928955078125,38.19660186767578,74.50450134277344,122.23919677734375
270.81060791015625,32.44070053100586,79.95690155029297,127.15290069580078
260.48431396484375,37.982601165771484,91.40769958496094,122.16719818115234
303.302001953125,42.5802001953125,60.942100524902344,121.66069793701172
312.39788818359375,37.050899505615234,41.111000061035156,118.09529876708984
316.6585998535156,38.12200164794922,36.939998626708984,121.15859985351562
319.8263854980469,39.19160079956055,33.95840072631836,121.9448013305664
321.5093994140625,37.60260009765625,34.45069885253906,123.31639862060547
323.4530944824219,36.329200744628906,32.94990158081055,124.06109619140625
324.5421142578125,35.93009948730469,33.15060043334961,126.58280181884766
326.09619140625,34.14550018310547,34.06330108642578,126.78040313720703
326.67919921875,38.46329879760742,34.55149841308594,123.34629821777344
328.4796142578125,33.85169982910156,34.51890182495117,125.5906982421875
330.59368896484375,35.265899658203125,34.009300231933594,125.77259826660156
331.79620361328125,34.394798278808594,33.8849983215332,129.1436004638672
333.5044860839844,37.157501220703125,34.99259948730469,127.62590026855469
335.1026916503906,36.97959899902344,32.81990051269531,125.74199676513672
336.9450988769531,39.38140106201172,33.2869987487793,125.05039978027344
338.7257080078125,38.939701080322266,32.879398345947266,126.62689971923828
340.05340576171875,39.68109893798828,32.50809860229492,125.51809692382812
341.4556884765625,40.232601165771484,33.04290008544922,126.0510025024414
343.9717102050781,41.35530090332031,32.26689910888672,125.74240112304688
346.4284973144531,41.4734001159668,32.4640007019043,126.716796875
347.4783935546875,43.018001556396484,33.09469985961914,124.93730163574219
348.1070861816406,43.94710159301758,33.03260040283203,126.06520080566406
349.86749267578125,44.814300537109375,32.828800201416016,124.97450256347656
351.6686096191406,45.62770080566406,31.970800399780273,125.41719818115234
351.5509948730469,44.7234001159668,35.250099182128906,127.50250244140625
352.4151916503906,43.697200775146484,36.15840148925781,127.49369812011719
354.0840148925781,46.28670120239258,35.050498962402344,126.30599975585938
355.7439880371094,43.01679992675781,33.412899017333984,129.9375
356.4916076660156,44.09830093383789,32.805599212646484,129.2476043701172
357.1908874511719,45.037899017333984,33.928001403808594,128.8928985595703
358.527099609375,44.47129821777344,34.691200256347656,129.52960205078125
358.3835144042969,41.33729934692383,36.801700592041016,133.5998992919922
357.9735107421875,43.24660110473633,39.28730010986328,130.87669372558594
360.8203125,46.460899353027344,38.68840026855469,127.40889739990234
361.9570007324219,42.81520080566406,37.34260177612305,131.5615997314453
363.42999267578125,44.084800720214844,37.02790069580078,130.3719940185547
363.2289123535156,42.937400817871094,37.8672981262207,132.3571014404297
362.7650146484375,42.265201568603516,41.157100677490234,132.297607421875
362.3428039550781,41.03020095825195,40.0166015625,136.9373016357422
361.9150085449219,40.51190185546875,43.68560028076172,135.39950561523438
360.2668151855469,34.89350128173828,54.742000579833984,139.94540405273438
361.60809326171875,36.2666015625,45.83810043334961,137.24400329589844
361.51458740234375,38.45029830932617,41.63750076293945,137.1425018310547
362.1470031738281,32.917999267578125,46.36640167236328,138.92919921875
362.0668029785156,37.97919845581055,42.35169982910156,135.45399475097656
362.898193359375,39.00210189819336,41.86249923706055,134.4407958984375
361.1628112792969,34.72949981689453,46.360198974609375,137.37060546875
361.6588134765625,34.57099914550781,45.86819839477539,138.51870727539062
363.19268798828125,33.34590148925781,41.03969955444336,138.24949645996094
360.6697998046875,31.991199493408203,46.5171012878418,141.34950256347656
362.3832092285156,31.2268009185791,44.21849822998047,141.25360107421875
359.44970703125,29.625999450683594,49.57550048828125,142.41859436035156
359.37188720703125,32.86410140991211,46.78450012207031,140.5092010498047
360.9104919433594,32.765098571777344,45.55889892578125,138.60169982910156
360.9495849609375,33.559600830078125,44.57590103149414,139.1468048095703
360.4299011230469,36.34590148925781,45.53519821166992,135.65040588378906
359.8616943359375,32.31850051879883,44.72930145263672,140.87510681152344
357.973388671875,34.76789855957031,47.20180130004883,138.4219970703125
357.63970947265625,26.9960994720459,48.13420104980469,145.4241943359375
356.6000061035156,33.98979949951172,46.376800537109375,141.0500030517578
356.2914123535156,27.935400009155273,48.56850051879883,145.26980590820312
356.9059143066406,26.522300720214844,47.06740188598633,145.5028076171875
353.67730712890625,25.509000778198242,50.384498596191406,143.76719665527344
356.93719482421875,26.916000366210938,46.27080154418945,144.12620544433594
355.98291015625,24.80820083618164,48.772300720214844,143.82479858398438
357.05029296875,23.02720069885254,47.20949935913086,142.94529724121094
357.30450439453125,23.577899932861328,47.22489929199219,144.19679260253906
358.6249084472656,20.813199996948242,46.695499420166016,143.55560302734375
357.3758850097656,26.503700256347656,47.163700103759766,138.70640563964844
361.6676025390625,22.42259979248047,41.01129913330078,141.99180603027344
359.8157043457031,24.867000579833984,44.40840148925781,142.00230407714844
362.6731872558594,20.47719955444336,40.69449996948242,141.57119750976562
362.4007873535156,22.085800170898438,42.557498931884766,147.2834930419922
362.9534912109375,22.549400329589844,40.427101135253906,142.64830017089844
362.8287048339844,19.721399307250977,40.28179931640625,145.54849243164062
361.97979736328125,22.724700927734375,41.074798583984375,146.41110229492188
359.9543151855469,20.42639923095703,41.87260055541992,146.6616973876953
360.13531494140625,21.663000106811523,43.78459930419922,147.51620483398438
359.73370361328125,24.153499603271484,41.88639831542969,146.6042938232422
359.406005859375,23.711599349975586,42.944698333740234,148.2761993408203
358.2383117675781,26.169099807739258,45.42279815673828,145.67869567871094
353.28131103515625,26.442699432373047,50.790401458740234,149.2801971435547
359.2318115234375,34.881900787353516,44.982398986816406,143.1864013671875
353.2793884277344,33.83300018310547,49.985599517822266,143.70140075683594
355.13848876953125,33.499298095703125,49.480098724365234,152.03480529785156
350.11859130859375,38.96739959716797,53.16389846801758,142.6959991455078
351.2862854003906,44.60459899902344,55.033599853515625,142.3242950439453
348.6570129394531,45.217899322509766,53.75640106201172,139.34530639648438
347.8486022949219,50.831600189208984,54.66559982299805,137.5319061279297
350.30059814453125,54.042999267578125,46.4109001159668,133.5977020263672
351.8193054199219,55.551300048828125,44.092899322509766,134.1553955078125
347.75311279296875,60.081600189208984,46.206298828125,130.00210571289062
349.31561279296875,60.99480056762695,41.87310028076172,132.902099609375
346.8599853515625,56.913299560546875,46.62459945678711,133.66400146484375
343.8562927246094,50.272701263427734,52.44169998168945,141.51589965820312
346.284912109375,52.727699279785156,45.788299560546875,143.3551025390625
342.86810302734375,44.03889846801758,51.891998291015625,150.59140014648438
340.6265869140625,33.287200927734375,54.45280075073242,159.67770385742188
338.5378112792969,33.99129867553711,57.72330093383789,164.2725067138672
341.5133972167969,31.538700103759766,56.01369857788086,164.73219299316406
339.8808898925781,33.31890106201172,56.02939987182617,162.552001953125
337.5465087890625,37.014801025390625,58.42409896850586,164.29730224609375
338.8409118652344,43.142601013183594,58.548099517822266,152.5717010498047
337.30059814453125,44.051998138427734,59.51279830932617,151.50680541992188
336.3367004394531,42.98749923706055,57.057701110839844,153.3916015625
335.00738525390625,51.80459976196289,56.18330001831055,146.77960205078125
333.96868896484375,54.45399856567383,52.52050018310547,141.81210327148438
332.0649108886719,57.826900482177734,53.78049850463867,140.66140747070312
329.3431091308594,57.829200744628906,56.3119010925293,137.79440307617188
324.7073059082031,57.164100646972656,60.68000030517578,137.24960327148438
325.8283996582031,56.637699127197266,60.1693000793457,140.0157012939453
323.3196105957031,56.35319900512695,64.018798828125,139.62120056152344
321.3598937988281,51.187599182128906,71.36630249023438,142.2064971923828
319.2394104003906,42.499000549316406,70.45770263671875,152.7281951904297
317.7467041015625,41.45930099487305,68.97720336914062,157.72760009765625
317.1944885253906,29.006099700927734,79.81809997558594,165.21710205078125
317.36920166015625,25.390600204467773,81.6001968383789,173.21359252929688
317.07470703125,32.38970184326172,81.88860321044922,164.4803009033203
317.4862060546875,30.69230079650879,84.99980163574219,164.0417938232422
321.3446960449219,32.374900817871094,79.17720031738281,160.95700073242188
316.63330078125,28.55579948425293,88.24759674072266,165.91709899902344
320.322998046875,21.04949951171875,86.72329711914062,168.29910278320312
318.0797119140625,25.417699813842773,88.72360229492188,166.77420043945312
320.52490234375,18.93239974975586,82.03389739990234,171.13609313964844
319.3252868652344,14.301400184631348,85.75460052490234,176.14169311523438
317.32489013671875,17.281400680541992,89.36470031738281,172.79159545898438
315.23388671875,22.967100143432617,94.10820007324219,169.5384979248047
313.1640930175781,18.391700744628906,91.78569793701172,169.28179931640625
318.0271911621094,14.5871000289917,91.23149871826172,176.94110107421875
314.3149108886719,14.036800384521484,94.55619812011719,177.5966033935547
316.2786865234375,9.100099563598633,90.06890106201172,183.00430297851562
321.1358947753906,9.445199966430664,85.5530014038086,185.5679931640625
320.70880126953125,5.030900001525879,85.30740356445312,183.44140625
306.37109375,44.36650085449219,82.06210327148438,153.20860290527344
310.7721862792969,24.57110023498535,95.6989974975586,169.19500732421875
318.5071105957031,12.585100173950195,86.30259704589844,178.72259521484375
316.0036926269531,12.95259952545166,92.64929962158203,181.470703125
301.7106018066406,23.636699676513672,100.0199966430664,167.58900451660156
310.9039001464844,9.723299980163574,92.66220092773438,181.6540069580078
306.26019287109375,10.850500106811523,94.60399627685547,181.55560302734375
307.1807861328125,9.078300476074219,98.73560333251953,180.66070556640625
301.14190673828125,12.426300048828125,100.27140045166016,179.38380432128906
302.48431396484375,9.112099647521973,93.26820373535156,180.26870727539062
303.87750244140625,13.957200050354004,97.52989959716797,178.7342987060547
300.1507873535156,12.820899963378906,88.25959777832031,174.2572021484375
301.76190185546875,8.97070026397705,88.60759735107422,180.31539916992188
295.2882080078125,12.973199844360352,97.1720962524414,175.74949645996094
293.1106872558594,17.408100128173828,95.21189880371094,177.5157012939453
293.4989013671875,14.987799644470215,93.86209869384766,173.02499389648438
289.8952941894531,14.069299697875977,94.95539855957031,180.01019287109375
288.64300537109375,13.26710033416748,91.59130096435547,178.33230590820312
276.6505126953125,23.137300491333008,99.64019775390625,167.32339477539062
280.5624084472656,17.891300201416016,89.256103515625,168.91990661621094
283.38128662109375,14.417900085449219,84.12760162353516,177.8975067138672
271.3393859863281,17.222000122070312,94.34829711914062,182.7458953857422
273.2654113769531,18.068099975585938,89.23500061035156,174.5446014404297
273.90838623046875,10.657999992370605,84.19439697265625,186.12730407714844
266.6606140136719,13.61929988861084,88.72370147705078,179.5428924560547
263.2735900878906,11.977800369262695,93.60690307617188,180.34669494628906
260.097900390625,11.866700172424316,94.26679992675781,192.5847930908203
258.1908874511719,16.123600006103516,91.58670043945312,180.13189697265625
255.26260375976562,11.855400085449219,88.35800170898438,189.34339904785156
254.00750732421875,13.864800453186035,81.09369659423828,188.64129638671875
252.64109802246094,4.955599784851074,74.03900146484375,196.0915985107422
248.9792022705078,3.7074999809265137,78.50389862060547,198.1405029296875
247.4243927001953,7.119999885559082,73.0927963256836,199.45010375976562
247.6575927734375,4.256700038909912,70.63459777832031,208.11309814453125
246.00559997558594,4.613399982452393,70.47869873046875,207.02029418945312
245.2333984375,8.995800018310547,66.91069793701172,203.47329711914062
241.89089965820312,7.497099876403809,68.10790252685547,202.18350219726562
235.94859313964844,5.960000038146973,72.28890228271484,193.30140686035156
235.3990020751953,32.8129997253418,81.89230346679688,172.0948944091797
240.6446990966797,56.05099868774414,82.11299896240234,149.9835968017578
243.7512969970703,56.67639923095703,70.93360137939453,148.9781951904297
253.97650146484375,54.60150146484375,50.474098205566406,155.4716033935547
253.36549377441406,52.895301818847656,46.738399505615234,152.23500061035156
249.4154052734375,54.029300689697266,51.507301330566406,151.47140502929688
247.7689971923828,51.878299713134766,51.45840072631836,152.285400390625
245.12660217285156,51.70790100097656,52.656898498535156,153.21060180664062
243.6768035888672,51.601600646972656,51.0275993347168,153.36349487304688
244.04490661621094,50.54819869995117,51.034000396728516,152.95730590820312
243.38560485839844,53.775901794433594,47.2593994140625,155.12539672851562
239.99249267578125,54.52690124511719,48.33300018310547,152.85830688476562
235.89630126953125,57.345401763916016,49.14720153808594,140.11659240722656
232.5487060546875,55.51430130004883,51.10380172729492,144.0727996826172
231.39100646972656,54.42369842529297,46.4192008972168,158.55880737304688
229.35569763183594,52.647098541259766,49.692901611328125,165.77780151367188
227.00650024414062,54.680599212646484,49.737998962402344,157.7982940673828
227.2263946533203,47.45009994506836,49.217899322509766,166.29859924316406
227.3101043701172,44.69449996948242,47.301998138427734,167.10110473632812
225.22250366210938,42.41790008544922,52.26210021972656,164.3282928466797
222.40220642089844,39.698699951171875,54.00450134277344,167.19020080566406
222.9178009033203,34.540000915527344,54.249698638916016,169.64610290527344
219.93670654296875,29.95870018005371,55.46390151977539,169.76870727539062
220.7570037841797,26.452800750732422,52.81639862060547,157.4868927001953
219.97549438476562,28.25349998474121,49.19770050048828,146.1009979248047
218.68260192871094,27.23859977722168,55.97529983520508,154.37289428710938
218.07249450683594,23.32509994506836,53.52180099487305,152.0655059814453
220.71339416503906,23.168699264526367,49.98749923706055,159.4228973388672
217.73199462890625,24.93429946899414,60.89799880981445,156.8896942138672
215.6428985595703,25.22249984741211,63.79779815673828,155.61880493164062
215.92779541015625,27.825700759887695,65.7605972290039,155.70069885253906
215.77369689941406,27.095500946044922,64.03009796142578,165.818603515625
214.08509826660156,29.9606990814209,68.10160064697266,158.09390258789062
216.19569396972656,31.89080047607422,60.804298400878906,151.5399932861328
215.9508056640625,30.05769920349121,62.98830032348633,159.27659606933594
214.08380126953125,32.800899505615234,64.79779815673828,162.0894012451172
216.35679626464844,30.259000778198242,60.839698791503906,163.385498046875
220.79119873046875,25.28580093383789,55.11970138549805,170.12860107421875
217.72909545898438,28.676000595092773,60.05820083618164,167.50430297851562
216.03880310058594,23.729700088500977,61.974098205566406,171.00160217285156
217.9656982421875,22.535999298095703,58.1776008605957,176.93209838867188
213.93699645996094,19.423500061035156,62.679500579833984,174.92449951171875
216.75909423828125,18.652999877929688,57.925498962402344,177.18170166015625
213.46209716796875,19.513700485229492,60.292701721191406,173.1352996826172
213.0438995361328,17.32819938659668,62.34370040893555,173.5251007080078
213.10079956054688,18.740100860595703,64.51820373535156,174.4716033935547
215.06390380859375,15.128000259399414,58.920501708984375,175.57969665527344
212.14280700683594,16.05579948425293,65.15969848632812,173.23289489746094
213.46510314941406,14.585200309753418,60.106300354003906,173.29029846191406
215.7397003173828,18.48780059814453,59.778900146484375,172.0592041015625
217.4326934814453,19.934099197387695,55.75960159301758,169.11129760742188
219.46060180664062,18.375999450683594,52.476600646972656,168.851806640625
217.00270080566406,23.438899993896484,55.39699935913086,165.8050994873047
218.86239624023438,23.796600341796875,53.75130081176758,175.08489990234375
220.2230987548828,26.20800018310547,53.22010040283203,178.87049865722656
217.78419494628906,25.577899932861328,56.81330108642578,184.94740295410156
215.81849670410156,27.1825008392334,57.29199981689453,179.6779022216797
216.88360595703125,29.095600128173828,55.03139877319336,174.80470275878906
218.7725067138672,29.261499404907227,53.60139846801758,177.14320373535156
217.8957977294922,31.58289909362793,54.7953987121582,179.5272979736328
219.57640075683594,33.37379837036133,59.52539825439453,175.0124969482422
217.21209716796875,32.070098876953125,62.727500915527344,179.05470275878906
216.273193359375,33.935298919677734,63.493499755859375,180.4967041015625
218.47860717773438,35.12630081176758,60.873199462890625,178.32589721679688
219.14329528808594,34.273101806640625,60.01190185546875,179.84109497070312
223.20770263671875,37.31629943847656,55.971900939941406,174.69610595703125
222.4886932373047,37.540401458740234,52.72679901123047,175.18429565429688
223.49459838867188,39.0619010925293,58.15890121459961,170.7917022705078
224.46429443359375,38.51070022583008,60.904598236083984,172.4893035888672
224.4409942626953,38.537601470947266,62.719398498535156,176.1822052001953
226.7790985107422,38.007598876953125,62.2218017578125,177.02420043945312
224.82330322265625,42.54990005493164,64.70069885253906,171.91360473632812
230.9456024169922,46.296600341796875,53.61410140991211,171.9279022216797
230.71490478515625,45.90660095214844,55.110198974609375,170.05880737304688
232.69650268554688,46.96870040893555,50.43920135498047,174.54469299316406
233.29739379882812,50.37300109863281,51.78839874267578,177.88340759277344
230.1656036376953,52.07619857788086,57.224998474121094,184.1219940185547
229.57440185546875,54.286800384521484,55.94300079345703,184.6529998779297
230.18499755859375,56.01919937133789,53.86709976196289,188.30889892578125
224.38780212402344,58.234500885009766,63.6968994140625,185.6667938232422
230.1916961669922,60.2859992980957,53.93280029296875,190.02310180664062
230.4416046142578,61.65679931640625,56.90639877319336,184.87489318847656
229.80029296875,59.6161003112793,56.257598876953125,186.89349365234375
230.6114959716797,61.33769989013672,53.67720031738281,184.69790649414062
234.12469482421875,66.35220336914062,52.140899658203125,178.24349975585938
233.7617950439453,59.97679901123047,51.751399993896484,189.5126953125
232.07940673828125,59.32830047607422,56.50389862060547,183.40750122070312
234.35350036621094,62.695899963378906,56.8401985168457,175.8011016845703
236.20460510253906,59.69580078125,53.05120086669922,186.29969787597656
235.460205078125,62.097599029541016,59.91600036621094,184.3914031982422
239.22259521484375,64.76580047607422,55.80759811401367,179.02110290527344
239.30470275878906,65.62429809570312,56.502601623535156,179.9250030517578
242.0850067138672,66.08609771728516,56.14630126953125,181.85989379882812
242.08920288085938,67.00299835205078,58.07720184326172,185.18130493164062
242.60389709472656,69.59970092773438,61.60820007324219,188.48129272460938
244.85760498046875,68.79669952392578,55.387699127197266,192.7032928466797
241.97970581054688,73.91069793701172,59.235801696777344,193.7332000732422
243.24310302734375,76.32209777832031,56.06890106201172,190.81939697265625
240.71119689941406,77.09310150146484,67.3386001586914,192.3874969482422
244.65550231933594,71.76730346679688,54.39680099487305,202.27020263671875
246.98489379882812,78.6417007446289,52.62089920043945,200.1071014404297
246.96270751953125,82.41190338134766,51.567100524902344,196.77200317382812
247.33889770507812,82.53289794921875,58.12260055541992,194.7279052734375
248.3643035888672,81.07969665527344,57.98820114135742,191.75819396972656
249.63519287109375,80.17469787597656,52.89390182495117,192.04620361328125
250.60989379882812,82.56649780273438,61.59239959716797,196.98069763183594
250.90159606933594,84.42949676513672,61.2598991394043,191.05230712890625
252.88819885253906,82.60030364990234,60.52119827270508,189.30650329589844
253.9051055908203,82.339599609375,54.99729919433594,181.0019073486328
254.0153045654297,83.62439727783203,56.1234016418457,166.28829956054688
251.89109802246094,94.00450134277344,65.61000061035156,160.7886962890625
253.58770751953125,88.72799682617188,53.549198150634766,164.827392578125
258.1888122558594,98.3511962890625,53.38819885253906,179.77090454101562
254.8282928466797,89.46720123291016,57.38100051879883,181.9925994873047
259.6654052734375,87.69349670410156,50.101600646972656,194.50790405273438
254.28309631347656,79.66079711914062,56.36370086669922,202.41409301757812
253.8721923828125,71.82129669189453,56.5531005859375,212.4705047607422
257.25738525390625,63.33300018310547,49.44820022583008,226.5845947265625
253.9040985107422,74.94450378417969,60.08150100708008,222.5821990966797
253.43980407714844,68.87149810791016,54.36330032348633,232.28790283203125
251.87879943847656,66.68219757080078,56.736900329589844,233.95730590820312
251.0093994140625,72.36959838867188,57.37699890136719,229.8231964111328
250.17030334472656,68.12370300292969,59.47549819946289,236.2064971923828
249.66879272460938,68.06559753417969,60.315101623535156,238.6634063720703
248.8701934814453,68.84600067138672,57.96070098876953,240.0428924560547
249.5355987548828,68.04219818115234,56.45790100097656,237.73489379882812
247.30459594726562,81.00530242919922,62.022499084472656,223.38470458984375
240.3592987060547,70.09269714355469,73.28910064697266,235.79930114746094
239.86770629882812,67.86160278320312,76.99700164794922,233.1345977783203
234.99070739746094,61.627601623535156,82.59649658203125,238.26229858398438
238.3603057861328,95.2345962524414,72.99530029296875,205.06739807128906
242.7165985107422,71.68419647216797,61.82279968261719,228.9250030517578
241.4290008544922,90.38300323486328,53.965301513671875,213.38299560546875
242.04710388183594,70.85040283203125,54.22119903564453,231.11459350585938
242.29690551757812,77.55989837646484,54.28499984741211,229.7006072998047
243.52310180664062,76.89689636230469,52.29909896850586,228.43260192871094
244.61000061035156,71.71610260009766,50.5547981262207,239.65049743652344
244.9405975341797,71.91320037841797,52.35369873046875,238.71749877929688
244.91070556640625,81.59960174560547,53.37289810180664,228.55799865722656
246.9864959716797,75.96720123291016,50.24720001220703,237.82650756835938
246.31370544433594,91.6708984375,55.26860046386719,226.40179443359375
254.15859985351562,95.03759765625,49.810001373291016,226.91920471191406
252.82620239257812,97.7072982788086,54.423301696777344,234.55520629882812
252.7252960205078,101.56279754638672,57.55419921875,233.07659912109375
254.5413055419922,110.73860168457031,57.57529830932617,226.07870483398438
257.3749084472656,106.9386978149414,55.18130111694336,232.29490661621094
257.0188903808594,103.59590148925781,56.13119888305664,235.52870178222656
258.25860595703125,106.2437973022461,57.460601806640625,234.94459533691406
259.78118896484375,101.45670318603516,57.22600173950195,241.656494140625
261.448486328125,104.25150299072266,54.623600006103516,237.735595703125
263.7322998046875,108.23889923095703,54.80550003051758,234.71490478515625
262.3111877441406,104.7311019897461,53.59109878540039,236.6508026123047
261.3106994628906,101.84629821777344,55.266998291015625,239.32260131835938
261.71240234375,98.33999633789062,51.269100189208984,243.73219299316406
257.9975891113281,96.8407974243164,56.76089859008789,245.51919555664062
257.7655029296875,92.49469757080078,55.351600646972656,247.46409606933594
257.2550048828125,82.16300201416016,54.87229919433594,252.4416961669922
254.96839904785156,87.0531005859375,57.675201416015625,252.5153045654297
245.70730590820312,75.90840148925781,75.63960266113281,260.4981994628906
244.79469299316406,76.89179992675781,73.9280014038086,253.1824951171875
253.3668975830078,82.3823013305664,61.61840057373047,246.40750122070312
251.34719848632812,78.0177993774414,63.66749954223633,252.531005859375
252.77420043945312,76.99710083007812,67.07559967041016,251.8542022705078
249.87840270996094,75.06739807128906,68.16110229492188,247.36509704589844
251.04359436035156,70.20359802246094,64.32599639892578,259.28118896484375
256.91778564453125,75.86360168457031,66.31330108642578,256.29730224609375
252.20230102539062,70.58740234375,76.12519836425781,266.7515869140625
256.2618103027344,69.81060028076172,68.1948013305664,268.4258117675781
260.2395935058594,79.04190063476562,69.91010284423828,259.7450866699219
264.1777038574219,80.58619689941406,72.10320281982422,252.1887969970703
261.7970886230469,71.98660278320312,71.10810089111328,259.5382080078125
270.260986328125,84.3102035522461,64.18199920654297,247.02059936523438
270.52191162109375,83.82270050048828,67.97509765625,250.0261993408203
270.40411376953125,73.752197265625,67.62249755859375,252.2718048095703
272.6629943847656,81.62010192871094,65.26840209960938,247.09829711914062
276.1789855957031,80.48999786376953,59.242401123046875,231.22520446777344
267.8829040527344,64.4072036743164,71.4801025390625,241.91090393066406
273.70318603515625,79.14089965820312,68.181396484375,236.6968994140625
270.9036865234375,64.8855972290039,62.713600158691406,246.61019897460938
276.9689025878906,71.55680084228516,57.07210159301758,242.82730102539062
279.8111877441406,105.77989959716797,54.782501220703125,223.72579956054688
274.05120849609375,129.45089721679688,61.23210144042969,203.85299682617188
281.1346130371094,148.13470458984375,48.62620162963867,182.45550537109375
276.80950927734375,149.87930297851562,51.936500549316406,182.91229248046875
273.73870849609375,151.7978057861328,57.897499084472656,177.40440368652344
271.98199462890625,151.82310485839844,57.85540008544922,176.910400390625
269.5285949707031,152.4033966064453,59.63460159301758,173.25709533691406
267.7690124511719,152.12640380859375,59.56719970703125,172.3278045654297
266.5115966796875,150.4221954345703,58.38479995727539,177.90969848632812
264.10321044921875,150.16050720214844,61.529701232910156,176.9739990234375
263.96270751953125,149.7021942138672,60.932098388671875,179.3887939453125
262.4375,146.0522003173828,64.76920318603516,178.36500549316406
261.1171875,150.50379943847656,63.887901306152344,176.4759979248047
257.62109375,147.12730407714844,65.65010070800781,175.13510131835938
262.4248046875,147.11459350585938,62.29280090332031,172.49139404296875
259.3481140136719,145.89230346679688,66.16110229492188,176.68370056152344
262.3052978515625,147.84100341796875,64.04540252685547,171.78140258789062
261.64520263671875,144.039306640625,67.02950286865234,171.826904296875
261.07769775390625,141.51400756835938,70.99970245361328,174.1208038330078
264.22918701171875,143.87440490722656,67.62940216064453,166.8585968017578
264.3898010253906,143.91819763183594,70.37870025634766,167.8916015625
266.7037048339844,143.38059997558594,67.07749938964844,166.95199584960938
269.4656066894531,138.9394989013672,55.35060119628906,174.8654022216797
270.4512939453125,140.04539489746094,53.004398345947266,170.94090270996094
273.7318115234375,141.2938995361328,49.9203987121582,166.88079833984375
279.07611083984375,134.51519775390625,43.63589859008789,177.44219970703125
278.8934020996094,135.84559631347656,44.76359939575195,172.40040588378906
283.6543884277344,134.5677947998047,43.898399353027344,171.3260040283203
285.427001953125,133.41299438476562,40.46860122680664,170.1085968017578
282.2561950683594,135.0511016845703,54.77450180053711,170.21299743652344
283.6169128417969,135.96530151367188,56.675201416015625,167.53909301757812
281.9018859863281,134.00869750976562,54.51219940185547,174.5
280.5002136230469,135.16859436035156,52.039798736572266,172.543701171875
282.1867980957031,133.99339294433594,55.47060012817383,175.90829467773438
281.52508544921875,132.76100158691406,49.00630187988281,177.89230346679688
280.2943115234375,126.34760284423828,50.41569900512695,187.40370178222656
282.393310546875,129.32040405273438,56.70159912109375,180.28750610351562
282.79449462890625,126.75170135498047,61.04930114746094,183.75669860839844
284.2060852050781,126.90470123291016,62.23870086669922,182.7617950439453
291.0126037597656,125.73729705810547,52.23830032348633,184.65969848632812
292.44488525390625,126.81279754638672,47.95029830932617,182.4958038330078
291.1523132324219,125.39299774169922,49.205101013183594,182.36570739746094
292.37579345703125,123.9083023071289,47.88029861450195,186.02630615234375
293.3908996582031,121.77559661865234,51.68080139160156,188.8585968017578
297.1954040527344,124.58470153808594,51.180301666259766,182.9965057373047
300.1918029785156,122.29199981689453,50.247398376464844,188.44720458984375
302.877197265625,123.50969696044922,51.199798583984375,187.79690551757812
308.4241027832031,124.06300354003906,47.91429901123047,187.4053955078125
311.13751220703125,124.09700012207031,49.961299896240234,191.0823974609375
315.83880615234375,123.48729705810547,45.910701751708984,185.7729034423828
318.1068115234375,121.35310363769531,48.02220153808594,191.10360717773438
320.3121032714844,121.09940338134766,47.79069900512695,190.1970977783203
321.2005920410156,120.79609680175781,50.78609848022461,186.85499572753906
326.90838623046875,116.86699676513672,48.09149932861328,190.2198944091797
329.8026123046875,113.50019836425781,50.80659866333008,196.46170043945312
332.1448974609375,114.30619812011719,51.838600158691406,193.10629272460938
335.4324951171875,118.0155029296875,49.66270065307617,189.6381072998047
338.5857849121094,114.93399810791016,51.5968017578125,194.59359741210938
341.75439453125,113.32129669189453,50.54119873046875,195.5594024658203
344.2213134765625,122.7603988647461,51.82490158081055,189.32589721679688
344.49530029296875,123.41239929199219,51.519100189208984,186.1475067138672
348.0640869140625,120.3156967163086,52.83359909057617,187.7866973876953
348.23590087890625,120.01679992675781,50.93040084838867,188.3737030029297
349.2998046875,120.52189636230469,55.50630187988281,184.39199829101562
349.77630615234375,119.90299987792969,57.534698486328125,186.139404296875
348.7759094238281,117.47640228271484,60.00170135498047,188.57029724121094
347.98431396484375,114.3301010131836,64.92410278320312,190.2053985595703
348.8042907714844,115.73300170898438,63.35309982299805,189.59410095214844
348.7663879394531,115.78970336914062,63.21699905395508,186.0684051513672
350.0646057128906,114.72949981689453,64.70819854736328,187.6374053955078
349.7344055175781,115.71109771728516,67.47470092773438,186.7584991455078
352.51611328125,114.27320098876953,64.12770080566406,190.74639892578125
352.14691162109375,114.75399780273438,67.72419738769531,190.9293975830078
354.78729248046875,117.14530181884766,63.6968994140625,183.7200927734375
355.98760986328125,115.135498046875,63.20399856567383,184.4680938720703
357.5057067871094,116.38400268554688,62.74879837036133,184.63150024414062
357.1319885253906,116.84290313720703,65.94740295410156,183.9239044189453
358.79541015625,114.16549682617188,64.70359802246094,188.2635955810547
360.0317077636719,113.6095962524414,63.87799835205078,188.4591064453125
359.8758850097656,114.34770202636719,67.75180053710938,187.79269409179688
359.91650390625,112.61360168457031,70.11689758300781,189.2698974609375
363.6803894042969,112.4614028930664,62.30339813232422,190.78610229492188
363.1813049316406,116.47979736328125,65.67259979248047,189.34800720214844
366.1756896972656,115.60269927978516,60.4656982421875,189.50469970703125
365.82330322265625,117.67839813232422,59.69200134277344,188.7310028076172
366.8642883300781,117.20069885253906,59.34339904785156,190.17889404296875
366.55889892578125,119.28179931640625,62.39659881591797,192.26229858398438
367.6087951660156,119.54889678955078,64.87110137939453,188.30279541015625
367.3233947753906,124.83769989013672,66.36509704589844,189.5883026123047
367.7464904785156,122.43440246582031,68.8949966430664,187.131103515625
369.7838134765625,124.97879791259766,69.27010345458984,186.31280517578125
372.131103515625,125.70140075683594,68.22489929199219,189.8126983642578
375.150390625,124.52629852294922,65.32129669189453,186.19720458984375
379.40869140625,123.05000305175781,58.3484992980957,186.71080017089844
380.19781494140625,126.86170196533203,61.57529830932617,186.92669677734375
381.814697265625,124.71710205078125,67.36399841308594,189.70260620117188
386.0621032714844,125.44080352783203,60.52939987182617,189.8582000732422
389.8775939941406,127.62770080566406,60.673099517822266,184.82159423828125
389.8616027832031,128.13389587402344,64.70980072021484,186.61709594726562
394.7720031738281,126.49539947509766,60.509498596191406,189.44329833984375
399.2998046875,129.7799072265625,63.240299224853516,188.14739990234375
400.1236877441406,129.6376953125,66.6488037109375,190.98590087890625
403.5692138671875,131.3950958251953,68.47899627685547,193.564697265625
407.9619140625,131.93370056152344,64.40679931640625,196.29229736328125
408.1824951171875,131.04820251464844,67.67500305175781,192.2368927001953
409.9425048828125,136.27439880371094,69.32350158691406,195.69149780273438
411.75140380859375,133.1999053955078,69.43340301513672,189.3218994140625
412.1325988769531,132.7310028076172,69.61869812011719,198.1219940185547
413.81878662109375,131.68930053710938,66.00399780273438,192.55760192871094
411.7078857421875,132.99229431152344,69.50299835205078,196.85789489746094
408.4831848144531,135.6967010498047,71.27739715576172,189.82150268554688
406.55120849609375,135.7270050048828,71.3958969116211,190.43899536132812
406.0021057128906,136.51559448242188,67.98999786376953,190.5861053466797
405.4901123046875,135.76229858398438,66.25779724121094,191.97720336914062
403.023193359375,139.40859985351562,67.64510345458984,191.1748046875
401.80499267578125,137.80470275878906,67.49639892578125,190.0153045654297
405.1423034667969,140.50059509277344,63.395198822021484,190.7447052001953
404.8622131347656,145.11180114746094,60.4193000793457,186.97909545898438
405.28460693359375,144.20599365234375,60.64039993286133,186.1573028564453
402.1083984375,145.16229248046875,63.1859016418457,187.76300048828125
401.80010986328125,144.78500366210938,61.61470031738281,187.1365966796875
398.9195861816406,144.21969604492188,66.41790008544922,186.2279052734375
398.42230224609375,141.10040283203125,61.288700103759766,191.60789489746094
395.60479736328125,141.88519287109375,66.76789855957031,191.59910583496094
396.3619079589844,140.26629638671875,63.46260070800781,195.30039978027344
397.5340881347656,144.14010620117188,53.641700744628906,188.99769592285156
397.8988037109375,144.96710205078125,56.23899841308594,189.71730041503906
397.6203918457031,149.8612060546875,58.411399841308594,185.05589294433594
396.05108642578125,146.22250366210938,63.262298583984375,189.99310302734375
396.885009765625,145.768798828125,62.09000015258789,190.4344024658203
395.3080139160156,144.02130126953125,64.27320098876953,191.79519653320312
394.7864074707031,147.5803985595703,68.1760025024414,191.71139526367188
396.8573913574219,144.77630615234375,58.62229919433594,194.239501953125
394.3739013671875,146.3874969482422,63.605201721191406,190.12049865722656
398.0282897949219,156.24169921875,56.88710021972656,182.47019958496094
395.2752990722656,154.6074981689453,61.55350112915039,183.48440551757812
391.7159118652344,154.4553985595703,70.1405029296875,184.643798828125
394.1653137207031,152.98060607910156,62.727901458740234,186.12030029296875
394.5981140136719,151.6645050048828,60.780601501464844,187.28509521484375
393.6993103027344,157.49200439453125,59.46049880981445,186.1645050048828
394.1900939941406,154.4658966064453,58.8474006652832,183.08160400390625
393.90179443359375,157.39149475097656,60.94490051269531,183.74769592285156
393.9410095214844,156.65550231933594,58.15610122680664,184.7991943359375
394.8655090332031,157.18260192871094,58.46590042114258,185.2136993408203
395.30108642578125,154.86180114746094,57.397499084472656,183.86500549316406
393.99261474609375,159.43629455566406,62.96120071411133,177.63760375976562
394.6141052246094,160.03579711914062,62.298301696777344,183.556396484375
398.489013671875,156.73680114746094,60.79029846191406,183.11199951171875
399.243896484375,162.73390197753906,62.189300537109375,184.29139709472656
401.5220031738281,155.40310668945312,61.03260040283203,182.0876007080078
404.1080017089844,161.44039916992188,60.015098571777344,182.16610717773438
409.4085998535156,160.13450622558594,58.6349983215332,181.1291046142578
412.034912109375,162.84559631347656,60.68199920654297,177.8737030029297
414.94378662109375,161.62359619140625,60.9556999206543,177.31939697265625
417.63720703125,165.15890502929688,61.51839828491211,174.07260131835938
417.6658020019531,161.37530517578125,65.49130249023438,182.8665008544922
420.2315979003906,160.3148956298828,63.864200592041016,176.74819946289062
423.6968994140625,158.8917999267578,63.64179992675781,179.82150268554688
426.2785949707031,155.81629943847656,63.1890983581543,178.84080505371094
427.9971008300781,160.42550659179688,63.22700119018555,178.0316925048828
428.22021484375,162.33770751953125,66.14309692382812,179.356201171875
428.181396484375,161.447998046875,66.23880004882812,175.4656982421875
429.6755065917969,155.97360229492188,64.18389892578125,183.37210083007812
430.0158996582031,159.1352996826172,67.2822036743164,180.43699645996094
430.8183898925781,160.84620666503906,69.04679870605469,175.62530517578125
429.19110107421875,159.9597930908203,70.45179748535156,175.35220336914062
429.9800109863281,163.3618927001953,62.99509811401367,168.22940063476562
427.9513854980469,156.3123016357422,51.914100646972656,177.6938018798828
425.3539123535156,163.7364959716797,63.603599548339844,168.5034942626953
421.0884094238281,164.4947052001953,66.71410369873047,172.3365936279297
420.526611328125,171.0507049560547,70.00509643554688,161.0072021484375
414.74700927734375,172.32350158691406,75.43250274658203,161.1988067626953
414.25250244140625,175.8997039794922,73.08699798583984,158.71420288085938
410.4245910644531,179.2093963623047,73.40650177001953,152.6656951904297
406.3645935058594,182.11509704589844,74.01570129394531,149.65640258789062
402.806884765625,180.05580139160156,75.9352035522461,151.9622039794922
401.7491149902344,180.27499389648438,68.99099731445312,155.2888946533203
395.6412048339844,182.5509033203125,75.9197998046875,149.4792022705078
396.2937927246094,187.6602020263672,72.25959777832031,146.61680603027344
396.2138977050781,179.279296875,68.88880157470703,155.98240661621094
393.3619079589844,172.79519653320312,71.94499969482422,158.67730712890625
393.62890625,170.50430297851562,71.75859832763672,163.61940002441406
394.31060791015625,167.601806640625,69.10780334472656,165.3271942138672
395.1864013671875,168.84800720214844,65.64179992675781,163.09519958496094
393.30450439453125,164.6313934326172,59.402400970458984,172.95669555664062
392.7865905761719,162.83419799804688,57.96659851074219,173.58749389648438
391.0351867675781,163.12339782714844,56.07699966430664,173.20799255371094
390.21099853515625,162.239501953125,47.42850112915039,171.19619750976562
389.1072082519531,162.3769073486328,47.69369888305664,168.4376983642578
386.50469970703125,162.60040283203125,48.45719909667969,168.74989318847656
383.7792053222656,163.154296875,50.88650131225586,169.39610290527344
380.3494873046875,164.92950439453125,51.66170120239258,165.90769958496094
376.7041015625,165.8061981201172,51.77119827270508,165.10850524902344
373.1940002441406,163.31320190429688,48.98160171508789,164.56829833984375
368.309814453125,166.2073974609375,57.29330062866211,163.48789978027344
365.406494140625,167.04550170898438,58.39860153198242,165.6759033203125
362.4559020996094,167.7373046875,59.251800537109375,165.2635955810547
358.8629150390625,168.1508026123047,59.93109893798828,163.07730102539062
354.6260986328125,165.2440948486328,57.802398681640625,166.57029724121094
351.4234924316406,165.75830078125,62.42940139770508,166.78990173339844
349.2843017578125,165.38949584960938,56.65439987182617,163.29400634765625
346.07818603515625,166.06219482421875,60.91120147705078,162.8289031982422
346.8699035644531,165.58799743652344,58.190799713134766,166.61529541015625
346.5357971191406,165.19009399414062,44.983699798583984,164.22279357910156
345.434814453125,162.335693359375,48.80400085449219,165.1822967529297
343.01580810546875,166.46710205078125,55.764198303222656,161.6251983642578
339.8757019042969,165.7550048828125,61.9370002746582,165.57150268554688
338.0722961425781,160.9040069580078,57.246700286865234,170.50360107421875
337.35260009765625,165.0052032470703,61.30350112915039,167.4394989013672
336.8670959472656,167.34320068359375,62.55189895629883,164.05870056152344
334.0716857910156,161.65269470214844,59.65660095214844,170.17559814453125
332.0663146972656,161.81829833984375,62.20750045776367,170.06590270996094
331.4447021484375,164.90179443359375,61.43360137939453,162.87840270996094
329.50140380859375,163.3782958984375,57.207801818847656,165.52879333496094
329.28509521484375,161.4188995361328,49.76490020751953,166.08340454101562
327.0429992675781,169.45289611816406,53.035400390625,154.32229614257812
325.1557922363281,171.1461944580078,57.036598205566406,154.11419677734375
322.84600830078125,163.76589965820312,58.52450180053711,162.20620727539062
318.5069885253906,163.2418975830078,62.94110107421875,164.6051025390625
316.3420104980469,161.20919799804688,62.2849006652832,163.654296875
313.6351013183594,159.77340698242188,64.1594009399414,169.24490356445312
312.55419921875,164.57040405273438,63.9817008972168,158.6024932861328
309.6868896484375,163.05259704589844,66.69409942626953,158.1116943359375
310.63238525390625,164.58680725097656,63.36589813232422,154.51409912109375
309.3398132324219,160.9091033935547,62.18479919433594,158.28819274902344
307.5126037597656,158.7615966796875,63.676700592041016,164.00430297851562
306.24609375,163.2606964111328,65.39990234375,155.87510681152344
305.4254150390625,161.55419921875,66.44979858398438,157.31930541992188
302.50750732421875,162.34869384765625,69.73719787597656,157.4866943359375
303.8236083984375,161.64370727539062,69.78489685058594,156.36070251464844
306.89910888671875,163.03660583496094,66.1791000366211,155.7917022705078
307.7091064453125,171.15719604492188,66.99620056152344,146.3592071533203
306.8410949707031,165.091796875,68.63819885253906,152.610595703125
288.9447937011719,170.06039428710938,85.06670379638672,144.82220458984375
283.9718933105469,170.1855926513672,91.70500183105469,134.71820068359375
284.68310546875,168.54119873046875,97.10870361328125,144.7642059326172
299.6642150878906,155.62539672851562,77.64250183105469,161.0511016845703
312.7349853515625,155.6259002685547,60.74380111694336,158.52780151367188
318.6825866699219,160.44590759277344,56.173099517822266,155.1842041015625
314.19610595703125,149.41290283203125,64.92630004882812,165.72259521484375
314.46990966796875,150.77529907226562,68.6239013671875,157.67759704589844
312.431884765625,150.6717071533203,78.39689636230469,161.52850341796875
308.5914001464844,149.875,88.20819854736328,165.02999877929688
305.7974853515625,142.18919372558594,94.63159942626953,177.0070037841797
307.6534118652344,135.34849548339844,98.07969665527344,184.04739379882812
309.96319580078125,143.44769287109375,115.22470092773438,157.7476043701172
301.154296875,139.98379516601562,98.09400177001953,170.35049438476562
303.535400390625,131.53640747070312,94.03569793701172,186.52830505371094
305.7882995605469,125.87439727783203,89.84700012207031,191.539794921875
308.7358093261719,118.00700378417969,81.30439758300781,196.6558074951172
318.9808044433594,114.57749938964844,73.62090301513672,192.10049438476562
286.7820129394531,144.0386962890625,89.81439971923828,178.13720703125
288.8642883300781,161.5950927734375,78.04309844970703,162.06539916992188
291.47021484375,169.0782012939453,55.18339920043945,148.58009338378906
292.7304992675781,160.2996063232422,47.983699798583984,156.79139709472656
294.1164855957031,165.4575958251953,43.57630157470703,150.3939971923828
294.49029541015625,160.1988067626953,49.50790023803711,159.23719787597656
295.9075012207031,158.64059448242188,44.479400634765625,162.35040283203125
299.5368957519531,156.39149475097656,39.41210174560547,164.58819580078125
300.2286071777344,153.16110229492188,36.95349884033203,167.5052032470703
299.36529541015625,154.10360717773438,37.66630172729492,166.84339904785156
299.6134033203125,150.00559997558594,36.93360137939453,170.572998046875
300.24749755859375,152.9886016845703,38.06129837036133,170.24400329589844
300.1921081542969,148.543701171875,40.78889846801758,172.0529022216797
298.3793029785156,150.35060119628906,40.8120002746582,168.1779022216797
299.8392028808594,151.94920349121094,38.74150085449219,167.35389709472656
298.61041259765625,152.16990661621094,41.65140151977539,166.44850158691406
299.2074890136719,149.5301971435547,37.47669982910156,168.84779357910156
296.7843017578125,147.7781982421875,42.29159927368164,171.28529357910156
294.83221435546875,147.9644012451172,46.13850021362305,171.9438934326172
293.8996887207031,148.1743927001953,49.99509811401367,170.28700256347656
287.7901916503906,152.64039611816406,61.74470138549805,164.80320739746094
284.364990234375,150.48519897460938,66.62660217285156,171.01910400390625
282.0166931152344,153.33160400390625,69.027099609375,162.7761993408203
282.9049987792969,157.87820434570312,67.96019744873047,160.4467010498047
283.4892883300781,155.2333984375,64.82469940185547,158.4282989501953
281.3953857421875,163.8220977783203,67.19059753417969,157.64990234375
280.9043884277344,160.25149536132812,66.76460266113281,154.4886932373047
280.4491882324219,162.252197265625,69.2927017211914,153.1352996826172
277.806884765625,163.71519470214844,74.67369842529297,152.71600341796875
278.8829040527344,154.12159729003906,72.66670227050781,160.5966033935547
278.5953063964844,157.8448944091797,75.59439849853516,161.52520751953125
276.65740966796875,160.10000610351562,78.56220245361328,155.47979736328125
272.7914123535156,162.6614990234375,83.2074966430664,158.27000427246094
272.90020751953125,159.75759887695312,78.18219757080078,153.94110107421875
273.9820861816406,163.78460693359375,76.50559997558594,151.2805938720703
274.4088134765625,160.14239501953125,68.12860107421875,155.76119995117188
273.6637878417969,156.27769470214844,70.2437973022461,153.3876953125
274.88031005859375,155.68899536132812,67.3113021850586,158.8592987060547
274.25518798828125,159.7928009033203,64.26840209960938,155.097900390625
274.0069885253906,156.35459899902344,62.88410186767578,154.46409606933594
274.86590576171875,156.44920349121094,53.55970001220703,159.6195068359375
275.12799072265625,150.76589965820312,53.63290023803711,161.720703125
279.56781005859375,150.3686981201172,48.83449935913086,163.0780029296875
279.8465881347656,145.04310607910156,41.181400299072266,166.3533935546875
281.7159118652344,143.80130004882812,41.88669967651367,167.6230926513672
281.9599914550781,147.94869995117188,45.41899871826172,165.57000732421875
280.595703125,148.033203125,44.76380157470703,159.85440063476562
281.7716064453125,145.3701934814453,42.12089920043945,167.2711944580078
279.66259765625,145.18260192871094,41.75920104980469,166.06979370117188
278.89520263671875,147.406494140625,41.606300354003906,164.08709716796875
277.4106140136719,143.26190185546875,43.032100677490234,166.39169311523438
277.72821044921875,145.26080322265625,43.715301513671875,163.23770141601562
275.54510498046875,142.3574981689453,44.63209915161133,167.83120727539062
276.29119873046875,139.59219360351562,43.69860076904297,168.87939453125
274.5838928222656,139.54539489746094,44.96220016479492,168.80470275878906
275.4007873535156,144.8542022705078,44.091400146484375,166.0216064453125
274.6412048339844,145.3083953857422,43.470699310302734,161.69619750976562
275.19268798828125,144.7364044189453,42.131500244140625,167.12550354003906
274.45941162109375,143.106201171875,42.8026008605957,165.56700134277344
273.6073913574219,145.9510040283203,44.02899932861328,165.7194061279297
274.6792907714844,141.26840209960938,43.25669860839844,168.68899536132812
276.42388916015625,143.8509063720703,42.17610168457031,167.74049377441406
276.0184020996094,145.2180938720703,42.374000549316406,168.00559997558594
274.84539794921875,146.58590698242188,44.750701904296875,161.47349548339844
274.8924865722656,142.06100463867188,44.92449951171875,170.0854949951172
274.75518798828125,143.79690551757812,45.0536003112793,168.68910217285156
273.3338928222656,144.76280212402344,47.51969909667969,162.2476043701172
274.4495849609375,143.87939453125,46.87139892578125,165.6031036376953
278.25830078125,145.00669860839844,44.55739974975586,162.3928985595703
280.7283935546875,141.3125,43.838401794433594,167.01539611816406
280.9661865234375,145.89320373535156,43.27259826660156,158.25509643554688
281.6723937988281,143.34579467773438,42.50120162963867,159.11099243164062
279.61468505859375,145.135498046875,45.03099822998047,147.11109924316406
281.9617004394531,145.3527069091797,44.47909927368164,152.5791015625
283.2756042480469,143.3721923828125,43.002601623535156,150.2156982421875
282.72869873046875,145.45669555664062,43.97809982299805,146.13890075683594
282.8031005859375,144.51950073242188,43.75859832763672,138.7613983154297
279.705810546875,147.20700073242188,45.5348014831543,137.89779663085938
279.777587890625,146.20050048828125,45.27690124511719,142.3896026611328
278.10089111328125,147.29359436035156,46.46110153198242,137.12179565429688
277.47601318359375,146.914306640625,47.081199645996094,142.6956024169922
278.3346862792969,147.34800720214844,45.316898345947266,137.80050659179688
278.09478759765625,147.7707977294922,44.58290100097656,136.3986053466797
276.4414978027344,149.32139587402344,38.65610122680664,117.18840026855469
278.2763977050781,156.18130493164062,32.81529998779297,105.33209991455078
268.9154968261719,153.8394012451172,32.44490051269531,105.06670379638672
270.9267883300781,167.17239379882812,49.36360168457031,91.8676986694336
261.9346008300781,183.85580444335938,61.477901458740234,87.67849731445312
255.97459411621094,177.74049377441406,71.68299865722656,92.23269653320312
265.6929931640625,171.0428009033203,55.99810028076172,96.11840057373047
262.41839599609375,164.0345001220703,49.66830062866211,102.15039825439453
259.6946105957031,161.67140197753906,44.51139831542969,106.40299987792969
257.17449951171875,162.82139587402344,37.5255012512207,107.59829711914062
248.57899475097656,159.96749877929688,32.51070022583008,110.28109741210938
245.94479370117188,159.71209716796875,30.707599639892578,118.50550079345703
238.4532012939453,162.59710693359375,33.483699798583984,112.11360168457031
230.68690490722656,159.36749267578125,50.77239990234375,118.32839965820312
277.5448913574219,146.40089416503906,41.78300094604492,119.47530364990234
276.4961853027344,142.31500244140625,38.04029846191406,128.860107421875
271.7789001464844,138.81419372558594,41.507999420166016,135.4188995361328
270.4556884765625,136.02960205078125,41.53609848022461,147.37240600585938
265.918212890625,134.32940673828125,45.03969955444336,152.14039611816406
262.1116027832031,134.6923065185547,48.7400016784668,149.0334014892578
267.9309997558594,137.1157989501953,39.71630096435547,146.06260681152344
261.8367004394531,133.345703125,46.2307014465332,152.497802734375
264.2560119628906,136.27389526367188,42.49470138549805,145.92579650878906
261.65380859375,136.94949340820312,42.2504997253418,140.6981964111328
265.8363037109375,135.23989868164062,37.22890090942383,137.6761932373047
265.21881103515625,134.39959716796875,37.56439971923828,142.9884033203125
265.5741882324219,135.1156005859375,36.59489822387695,141.03269958496094
264.1788024902344,134.0885009765625,36.98379898071289,147.0019989013672
262.0564880371094,133.910400390625,38.98910140991211,150.27090454101562
264.9786071777344,135.77890014648438,35.89619827270508,143.9604034423828
264.4023132324219,136.6002960205078,33.785400390625,146.04859924316406
264.4216003417969,138.39739990234375,32.10020065307617,144.78509521484375
264.6393127441406,140.75889587402344,31.15760040283203,145.40750122070312
264.26800537109375,137.14120483398438,30.609500885009766,150.90130615234375
262.7300109863281,133.91749572753906,33.088600158691406,154.7021942138672
262.9219970703125,138.12210083007812,33.28770065307617,149.10000610351562
262.6496887207031,140.94410705566406,32.372798919677734,139.52749633789062
261.5806884765625,139.3782958984375,34.26350021362305,138.92250061035156
262.455810546875,138.36810302734375,32.8745002746582,143.85850524902344
263.53350830078125,139.01930236816406,32.023101806640625,137.8325958251953
264.2861022949219,140.56500244140625,28.574899673461914,134.04119873046875
264.19970703125,138.4272003173828,31.252099990844727,137.59820556640625
264.1319885253906,140.27479553222656,30.550500869750977,135.57749938964844
264.668212890625,140.65829467773438,31.566299438476562,138.36090087890625
265.83599853515625,141.0334014892578,29.770599365234375,135.9084930419922
261.6776123046875,140.48460388183594,33.54059982299805,141.07850646972656
263.9841003417969,140.3278045654297,30.058399200439453,138.9420928955078
262.15838623046875,137.1793975830078,30.15369987487793,144.0166015625
262.0848083496094,136.95469665527344,30.843799591064453,143.65390014648438
259.889404296875,138.4561004638672,32.49700164794922,145.27340698242188
260.0046081542969,139.2978973388672,31.447799682617188,144.17100524902344
258.3479919433594,141.79769897460938,33.619300842285156,139.29580688476562
259.8153991699219,140.33529663085938,31.210500717163086,142.18020629882812
258.1702880859375,139.98489379882812,32.568599700927734,146.03599548339844
256.72320556640625,140.30760192871094,35.015499114990234,145.9033966064453
248.67909240722656,141.33290100097656,47.81959915161133,150.22799682617188
247.25750732421875,140.55880737304688,48.23270034790039,154.51040649414062
244.69749450683594,141.28819274902344,51.20399856567383,155.63259887695312
238.56080627441406,138.09449768066406,65.41500091552734,157.7657928466797
235.21749877929688,141.13699340820312,65.02469635009766,159.45770263671875
233.7270965576172,143.8845977783203,63.7682991027832,156.34849548339844
222.83279418945312,146.51919555664062,73.50700378417969,149.62620544433594
210.64959716796875,149.1741943359375,83.2511978149414,147.30760192871094
240.5850067138672,145.62359619140625,65.44000244140625,157.360595703125
240.84060668945312,144.722900390625,59.6531982421875,155.2967987060547
232.46060180664062,147.6024932861328,69.91539764404297,157.56480407714844
224.13699340820312,142.29139709472656,75.36499786376953,160.16580200195312
218.27870178222656,142.27639770507812,81.63310241699219,159.71839904785156
199.51589965820312,145.59140014648438,88.2822036743164,154.4425048828125
247.96099853515625,159.17050170898438,58.4734992980957,149.6197052001953
250.97120666503906,167.48280334472656,52.291900634765625,139.0146942138672
250.58619689941406,175.4300994873047,49.83530044555664,132.85189819335938
254.04330444335938,171.51609802246094,42.94300079345703,133.75340270996094
254.10740661621094,162.7191925048828,43.5364990234375,143.52520751953125
252.32359313964844,159.70359802246094,43.92129898071289,145.1475067138672
252.6063995361328,157.90199279785156,43.802101135253906,148.5343017578125
252.68409729003906,157.4989013671875,45.079898834228516,150.99819946289062
253.07159423828125,160.6488037109375,46.63399887084961,147.08529663085938
256.5497131347656,155.1876983642578,43.1870002746582,151.2978973388672
256.19189453125,157.6195068359375,44.56809997558594,148.779296875
260.6877136230469,160.1968994140625,42.88249969482422,143.88279724121094
258.99639892578125,155.44970703125,47.016300201416016,151.12229919433594
261.5332946777344,154.33639526367188,46.214298248291016,152.6009979248047
264.70318603515625,157.69259643554688,44.881500244140625,149.59019470214844
266.04998779296875,155.5493927001953,43.34510040283203,151.2938995361328
268.9483947753906,151.86880493164062,42.26070022583008,155.5926055908203
269.5116882324219,155.60989379882812,42.05739974975586,150.0446014404297
270.2159118652344,155.41659545898438,43.67449951171875,150.31619262695312
271.8919982910156,150.20950317382812,43.428199768066406,154.85299682617188
272.8500061035156,150.30870056152344,45.31829833984375,156.4868927001953
273.7008056640625,152.14169311523438,44.23640060424805,151.622802734375
272.8367004394531,148.4040069580078,48.77539825439453,155.21080017089844
275.0663146972656,154.31210327148438,46.93470001220703,147.39759826660156
274.610595703125,148.47830200195312,49.02170181274414,151.21270751953125
274.4255065917969,146.30270385742188,49.01129913330078,153.93699645996094
275.5596008300781,145.72340393066406,48.94499969482422,154.9792022705078
277.76800537109375,141.8217010498047,45.31129837036133,159.51019287109375
278.5730895996094,141.5554962158203,46.19599914550781,161.716796875
281.74261474609375,141.85560607910156,42.55830001831055,160.42779541015625
282.6304016113281,144.24130249023438,44.154701232910156,157.90199279785156
284.3916931152344,140.63650512695312,43.8744010925293,163.07159423828125
284.5960998535156,136.26300048828125,46.19260025024414,164.61329650878906
287.4513854980469,136.60279846191406,44.807899475097656,164.90150451660156
289.4552001953125,139.25950622558594,44.16170120239258,162.3303985595703
292.2767028808594,136.02110290527344,43.15660095214844,165.2987060546875
294.6028137207031,135.87159729003906,44.774898529052734,164.77149963378906
295.602294921875,139.33509826660156,46.62289810180664,164.22979736328125
298.3288879394531,135.2052001953125,44.690799713134766,166.58689880371094
298.1145935058594,135.60519409179688,47.40290069580078,169.2187957763672
299.4403991699219,137.89639282226562,46.06869888305664,164.39529418945312
299.1216125488281,139.78489685058594,47.07120132446289,164.04730224609375
298.1134033203125,140.30079650878906,49.707000732421875,162.73890686035156
299.1465148925781,134.97450256347656,46.1875,167.67239379882812
297.5880126953125,138.80650329589844,48.23249816894531,165.5590057373047
296.06689453125,133.79209899902344,48.876399993896484,167.49749755859375
296.64801025390625,137.0753936767578,47.43190002441406,167.09219360351562
294.5234069824219,133.4897003173828,48.78620147705078,170.7801971435547
293.91900634765625,133.6024932861328,49.08890151977539,169.3780059814453
291.3140869140625,136.15499877929688,52.747501373291016,167.03590393066406
