1
423.5032043457031,131.39590454101562,50.13840103149414,172.53109741210938
423.7690124511719,129.65260314941406,49.830501556396484,174.08279418945312
423.230712890625,129.88160705566406,49.32659912109375,173.16600036621094
423.59698486328125,125.3468017578125,47.637699127197266,178.85330200195312
422.15570068359375,122.68569946289062,50.43040084838867,181.11810302734375
422.29779052734375,127.40280151367188,51.51020050048828,177.0196990966797
421.0249938964844,127.27189636230469,53.22800064086914,174.86940002441406
423.4981994628906,128.2917938232422,48.83810043334961,171.58120727539062
423.1046142578125,121.90049743652344,51.16999816894531,171.1383056640625
423.2518005371094,118.92320251464844,52.432899475097656,173.56280517578125
425.4411926269531,120.48789978027344,50.42499923706055,171.372802734375
424.3728942871094,117.25299835205078,53.68510055541992,170.83819580078125
425.1000061035156,117.02230072021484,54.337398529052734,170.0970001220703
426.14898681640625,115.16419982910156,53.78559875488281,169.16189575195312
429.95001220703125,107.22480010986328,51.17829895019531,174.68820190429688
430.4071044921875,109.09130096435547,48.34149932861328,171.98199462890625
430.20819091796875,103.04000091552734,50.558101654052734,174.0050048828125
429.0627136230469,97.92109680175781,51.5,178.5189971923828
430.68231201171875,90.49749755859375,50.36309814453125,181.70700073242188
429.7244873046875,93.82060241699219,52.5625,176.05419921875
428.1405944824219,88.81069946289062,53.03269958496094,177.3061981201172
427.6946105957031,95.15160369873047,52.27090072631836,170.51620483398438
429.03729248046875,94.7301025390625,52.29790115356445,165.50750732421875
427.7349853515625,87.62159729003906,51.640201568603516,173.85549926757812
427.0177917480469,87.87110137939453,54.04570007324219,175.28590393066406
428.8927917480469,78.93099975585938,51.592498779296875,180.6927947998047
428.73388671875,83.99220275878906,49.480499267578125,174.84710693359375
429.1061096191406,75.30770111083984,48.49190139770508,181.87559509277344
427.1091003417969,81.73629760742188,50.999000549316406,176.8988037109375
428.5707092285156,83.01029968261719,48.5255012512207,172.7490997314453
429.0216979980469,78.72129821777344,47.7577018737793,174.1157989501953
429.55218505859375,72.44249725341797,45.68560028076172,181.47630310058594
426.9978942871094,68.8290023803711,51.160499572753906,184.7053985595703
426.47320556640625,72.71630096435547,51.5536994934082,178.7678985595703
423.1570129394531,76.09559631347656,55.4921989440918,173.9949951171875
422.34210205078125,83.51529693603516,55.37419891357422,168.56370544433594
424.4424133300781,73.43609619140625,51.2677001953125,175.75970458984375
425.822509765625,75.60449981689453,48.365501403808594,176.89959716796875
423.7077941894531,69.79010009765625,50.88349914550781,180.91700744628906
423.6924133300781,75.57039642333984,47.7682991027832,176.52670288085938
422.9465026855469,71.3821029663086,48.05849838256836,179.139404296875
421.5215148925781,72.96299743652344,49.57059860229492,182.83059692382812
421.09600830078125,75.32510375976562,48.38479995727539,177.25970458984375
418.01568603515625,84.19770050048828,54.774600982666016,171.59710693359375
418.1684875488281,85.64959716796875,52.4718017578125,170.41600036621094
419.27490234375,77.67749786376953,50.88759994506836,176.5126953125
420.35430908203125,76.44519805908203,50.60749816894531,177.6732940673828
419.4552001953125,79.24639892578125,50.29309844970703,178.8153076171875
421.0546875,78.89299774169922,48.499000549316406,178.3916015625
421.5480041503906,79.78620147705078,48.960899353027344,178.0644073486328
420.8457946777344,84.00589752197266,49.38050079345703,176.8896026611328
422.7627868652344,77.29900360107422,47.08000183105469,179.3195037841797
422.3536071777344,81.5447998046875,48.22520065307617,181.54010009765625
422.5932922363281,81.13849639892578,46.787899017333984,180.24380493164062
420.25439453125,88.13739776611328,50.059600830078125,180.18519592285156
417.0221862792969,83.24430084228516,54.84389877319336,181.42919921875
415.3052062988281,85.552001953125,54.057498931884766,181.64169311523438
416.28729248046875,80.90619659423828,50.363800048828125,187.39329528808594
414.156005859375,87.0625991821289,52.223899841308594,187.41000366210938
411.3570861816406,92.53450012207031,55.7151985168457,179.92210388183594
410.73968505859375,94.59100341796875,54.47370147705078,181.34930419921875
409.5364990234375,94.76909637451172,54.03219985961914,184.81239318847656
407.3861999511719,95.80259704589844,54.4739990234375,186.96499633789062
407.7478942871094,103.15550231933594,54.03409957885742,179.53050231933594
409.1903076171875,108.2761001586914,52.608299255371094,179.7626953125
412.4960021972656,113.7936019897461,50.1411018371582,174.48440551757812
412.30450439453125,112.5270004272461,50.383201599121094,179.97579956054688
414.8153076171875,115.64119720458984,50.64070129394531,178.79310607910156
418.9100036621094,116.0510025024414,47.94540023803711,179.4976043701172
419.3653869628906,116.04149627685547,51.63600158691406,184.8719940185547
425.9778137207031,122.1082992553711,47.063899993896484,180.58120727539062
424.21929931640625,125.82360076904297,50.268001556396484,178.09950256347656
426.5343933105469,124.0552978515625,50.700801849365234,181.17539978027344
428.5274963378906,127.02159881591797,49.249000549316406,176.8800048828125
427.8475036621094,128.466796875,52.53670120239258,174.09280395507812
430.08709716796875,131.63909912109375,49.11220169067383,171.82009887695312
430.6680908203125,134.94180297851562,49.82780075073242,169.10459899902344
430.2969055175781,132.260498046875,51.932701110839844,170.09970092773438
431.1321105957031,128.0220947265625,52.26110076904297,176.19940185546875
429.4139099121094,134.25680541992188,56.29090118408203,170.22740173339844
429.0342102050781,135.3802032470703,59.988800048828125,170.5487060546875
430.3417053222656,126.535400390625,58.83940124511719,178.28359985351562
430.5613098144531,126.42340087890625,60.43629837036133,180.23280334472656
429.95660400390625,123.69080352783203,59.9010009765625,182.9990997314453
428.38848876953125,123.36720275878906,66.4708023071289,181.49229431152344
429.660888671875,121.58059692382812,60.72159957885742,183.38690185546875
429.8305969238281,121.41100311279297,62.81019973754883,183.0760040283203
428.35699462890625,117.15409851074219,65.7313003540039,188.75259399414062
427.32220458984375,120.42739868164062,66.78050231933594,187.3383026123047
427.0852966308594,123.19609832763672,67.22090148925781,183.69200134277344
424.4385070800781,113.52459716796875,64.81300354003906,194.1584930419922
424.5310974121094,120.32119750976562,68.31890106201172,185.83160400390625
423.2217102050781,119.10220336914062,69.26930236816406,184.08639526367188
420.0480041503906,117.52010345458984,75.04630279541016,187.75669860839844
417.3403015136719,118.88490295410156,81.44930267333984,185.37939453125
418.114013671875,113.61370086669922,68.94779968261719,191.70669555664062
418.99578857421875,117.89230346679688,68.80059814453125,186.7346954345703
414.8277893066406,119.01460266113281,82.07330322265625,185.9403076171875
413.74591064453125,120.23760223388672,79.9269027709961,184.13290405273438
412.2851867675781,120.99859619140625,70.71769714355469,184.61680603027344
413.15380859375,121.83910369873047,78.53600311279297,182.55929565429688
410.5401916503906,122.847900390625,70.7781982421875,182.431396484375
409.95550537109375,125.21710205078125,85.93699645996094,179.6156005859375
411.8402099609375,121.02359771728516,71.83070373535156,183.43519592285156
411.5929870605469,122.1406021118164,69.54920196533203,182.37429809570312
409.8515930175781,117.14469909667969,75.93820190429688,187.12379455566406
412.13720703125,116.85690307617188,71.60420227050781,185.0989990234375
414.3666076660156,118.58570098876953,68.70960235595703,181.86599731445312
415.0934143066406,115.83329772949219,69.19979858398438,183.63980102539062
418.2831115722656,117.52670288085938,67.78700256347656,182.03700256347656
415.62908935546875,113.7228012084961,78.08190155029297,185.06500244140625
414.1075134277344,111.30180358886719,81.5802993774414,184.77110290527344
413.7850036621094,107.47650146484375,77.23400115966797,183.78329467773438
414.4418029785156,107.10449981689453,74.2520980834961,183.8769073486328
416.676513671875,108.2313003540039,73.07849884033203,181.08689880371094
417.7214050292969,101.4583969116211,70.49629974365234,184.8083953857422
415.3092041015625,102.10330200195312,71.4280014038086,179.7469024658203
413.9082946777344,103.23529815673828,70.8187026977539,177.3551025390625
416.0956115722656,102.66529846191406,70.05819702148438,177.13290405273438
412.9408874511719,102.38259887695312,76.58799743652344,175.98019409179688
412.4659118652344,100.79350280761719,75.77989959716797,183.05560302734375
414.20819091796875,103.10890197753906,71.69339752197266,180.1981964111328
413.5877990722656,108.33769989013672,72.40910339355469,182.86390686035156
411.95361328125,111.44629669189453,74.8147964477539,181.98460388183594
412.9630126953125,115.68379974365234,72.88379669189453,180.8892059326172
410.9751892089844,119.11599731445312,74.79199981689453,178.06939697265625
414.2286071777344,118.63410186767578,67.935302734375,177.5959014892578
417.49578857421875,118.64939880371094,60.32640075683594,180.11599731445312
414.4671936035156,115.6803970336914,63.36119842529297,181.81329345703125
414.30499267578125,116.04530334472656,62.85340118408203,177.85629272460938
414.7449951171875,114.05829620361328,58.834999084472656,179.95440673828125
411.0364074707031,113.03070068359375,60.40380096435547,178.77780151367188
409.7983093261719,110.68360137939453,60.88800048828125,183.74740600585938
409.0924072265625,111.86910247802734,58.75389862060547,182.5592041015625
407.802001953125,111.50299835205078,58.88740158081055,181.01910400390625
406.86199951171875,112.1897964477539,57.40589904785156,182.18780517578125
403.65460205078125,108.12470245361328,64.38490295410156,178.9658966064453
404.2903137207031,103.52249908447266,62.50979995727539,184.43569946289062
400.9778137207031,106.08820343017578,63.77399826049805,180.21859741210938
402.7497863769531,103.3228988647461,63.351200103759766,180.25869750976562
403.98028564453125,107.71060180664062,61.35240173339844,176.8502960205078
407.3987121582031,105.29779815673828,56.43410110473633,178.6885986328125
408.1484069824219,106.22029876708984,56.929298400878906,181.57350158691406
407.1488952636719,108.7748031616211,58.58319854736328,174.58700561523438
408.65869140625,113.05059814453125,52.8390007019043,173.9635009765625
407.10931396484375,111.55909729003906,52.05030059814453,171.0491943359375
406.3590087890625,108.69020080566406,49.527801513671875,172.54049682617188
405.627197265625,108.33719635009766,48.99470138549805,170.78570556640625
403.28759765625,109.3833999633789,50.20130157470703,167.5749969482422
401.15869140625,107.93289947509766,49.35150146484375,170.36390686035156
398.2007141113281,110.46820068359375,50.54460144042969,169.78689575195312
397.973388671875,113.58799743652344,52.28779983520508,170.10960388183594
396.09588623046875,114.72429656982422,51.2943000793457,167.7353973388672
395.5325012207031,114.7738037109375,54.66740036010742,166.3618927001953
397.1412048339844,115.32279968261719,53.5629997253418,166.94349670410156
396.5450134277344,118.5010986328125,49.817100524902344,165.32029724121094
398.5914001464844,111.15799713134766,50.470001220703125,166.86790466308594
398.4819030761719,117.54010009765625,47.48139953613281,163.96839904785156
399.45001220703125,114.44719696044922,47.533199310302734,164.06849670410156
399.82220458984375,119.86530303955078,47.087100982666016,160.19590759277344
401.01348876953125,122.5541000366211,47.449501037597656,157.77340698242188
402.5174865722656,124.43930053710938,44.92919921875,155.69830322265625
403.69171142578125,126.48249816894531,46.917598724365234,151.75140380859375
405.470703125,129.37420654296875,45.65599822998047,149.8542022705078
405.7297058105469,129.39280700683594,47.5526008605957,148.4333953857422
405.87060546875,125.37449645996094,46.7130012512207,152.17730712890625
404.6669006347656,126.09989929199219,47.89179992675781,147.3195037841797
403.53619384765625,124.7876968383789,48.24399948120117,147.46890258789062
405.1968078613281,127.46260070800781,43.07229995727539,144.84519958496094
400.3066101074219,132.66180419921875,45.937599182128906,139.84469604492188
400.7951965332031,132.14280700683594,43.7150993347168,139.4178009033203
399.489013671875,132.914794921875,42.433799743652344,136.05380249023438
396.3994140625,127.93060302734375,42.773101806640625,139.25390625
396.2778015136719,131.17520141601562,39.36249923706055,136.03160095214844
392.1789855957031,128.4884033203125,39.8046989440918,137.69810485839844
388.9298095703125,132.84120178222656,41.379398345947266,133.4777069091797
385.1007080078125,133.6396026611328,44.002899169921875,132.4488983154297
383.889892578125,133.0366973876953,41.706298828125,130.55850219726562
380.6340026855469,134.89950561523438,46.24909973144531,133.764404296875
379.8656921386719,136.83560180664062,44.02870178222656,127.52410125732422
376.6496887207031,138.2447967529297,47.130001068115234,128.33140563964844
377.1321105957031,135.59710693359375,44.89849853515625,133.24609375
376.376708984375,135.8668975830078,45.374900817871094,131.5343017578125
373.6971130371094,134.94219970703125,46.45090103149414,128.59750366210938
373.53228759765625,134.41250610351562,46.54309844970703,130.1490020751953
370.6695861816406,137.58279418945312,49.875099182128906,127.5647964477539
367.7961120605469,137.1291961669922,51.713600158691406,126.9738998413086
368.1122131347656,136.81829833984375,48.911800384521484,125.63390350341797
369.5906982421875,134.09820556640625,45.178001403808594,126.84239959716797
366.52020263671875,131.4376983642578,48.25640106201172,126.11239624023438
364.61358642578125,127.45700073242188,49.13349914550781,129.9761962890625
363.16400146484375,127.94409942626953,51.42879867553711,128.31219482421875
362.96038818359375,123.1332015991211,49.50149917602539,128.55520629882812
359.4009094238281,118.3187026977539,53.604698181152344,130.5699005126953
351.01611328125,104.5697021484375,60.347999572753906,144.18960571289062
344.80169677734375,92.76820373535156,66.2157974243164,156.94549560546875
344.8501892089844,88.10489654541016,68.12439727783203,158.3907928466797
338.7088928222656,94.82749938964844,76.32009887695312,147.96240234375
341.273193359375,90.75260162353516,71.49359893798828,152.18209838867188
336.0022888183594,88.65619659423828,71.78340148925781,155.86720275878906
339.86700439453125,93.62149810791016,67.78700256347656,149.7667999267578
341.2018127441406,94.84010314941406,65.86499786376953,145.99850463867188
328.8847961425781,90.65689849853516,76.85690307617188,148.93080139160156
330.4444885253906,96.3041000366211,75.38870239257812,143.2270050048828
331.14678955078125,93.345703125,73.8488998413086,144.96609497070312
334.18939208984375,96.02149963378906,69.25,144.07730102539062
332.3241882324219,99.76190185546875,72.02040100097656,139.59959411621094
334.114013671875,105.10859680175781,66.747802734375,134.26890563964844
333.72021484375,98.58200073242188,66.3926010131836,143.093994140625
333.1610107421875,102.29350280761719,68.59300231933594,135.40240478515625
335.2898864746094,101.877197265625,64.57879638671875,140.47239685058594
337.6160888671875,99.75489807128906,59.604400634765625,139.2451934814453
334.5819091796875,104.3291015625,67.37770080566406,136.4029998779297
336.55340576171875,102.20059967041016,63.93479919433594,138.2136993408203
337.677001953125,101.55960083007812,57.33190155029297,136.31829833984375
356.7923889160156,128.63360595703125,59.0525016784668,129.99240112304688
353.2742919921875,121.0613021850586,61.168701171875,127.9269027709961
340.07708740234375,105.52570343017578,62.91809844970703,133.0220947265625
364.18829345703125,136.4149932861328,60.118900299072266,116.99759674072266
371.51080322265625,148.80589294433594,43.647300720214844,93.56189727783203
379.2489013671875,146.3887939453125,35.88100051879883,94.89730072021484
383.41448974609375,145.09890747070312,28.08989906311035,92.60220336914062
384.2713928222656,143.62640380859375,29.552400588989258,95.56439971923828
384.8930969238281,143.2198944091797,30.467599868774414,94.48269653320312
384.2124938964844,138.43690490722656,36.05379867553711,98.4114990234375
384.48431396484375,136.4300994873047,39.60609817504883,99.26280212402344
383.29071044921875,136.37620544433594,47.902000427246094,97.98680114746094
383.8623962402344,134.01400756835938,46.17259979248047,100.42839813232422
375.6881103515625,132.17349243164062,43.04280090332031,98.13480377197266
382.51141357421875,130.59840393066406,35.22090148925781,99.5000991821289
385.1422119140625,126.16200256347656,31.795499801635742,97.9583969116211
386.2991027832031,122.44889831542969,31.602699279785156,100.4126968383789
386.87640380859375,121.13529968261719,31.09869956970215,99.43409729003906
387.9267883300781,120.98040008544922,32.007301330566406,98.581298828125
386.8086853027344,117.6156005859375,34.7327995300293,100.5822982788086
390.78338623046875,115.35420227050781,31.021799087524414,100.84140014648438
390.9215087890625,112.76439666748047,30.241600036621094,100.05660247802734
391.5328063964844,112.5093994140625,29.3439998626709,102.18219757080078
388.4945983886719,108.84089660644531,37.170799255371094,103.92230224609375
389.12109375,112.43190002441406,36.77669906616211,101.54679870605469
391.1596984863281,109.5519027709961,33.93280029296875,103.06729888916016
393.3125,108.90519714355469,32.410400390625,102.36109924316406
392.1886901855469,109.7051010131836,33.5161018371582,102.83350372314453
391.31561279296875,108.84870147705078,32.28200149536133,102.20110321044922
390.4919128417969,106.77629852294922,33.64440155029297,104.2781982421875
388.1606140136719,104.36360168457031,36.26839828491211,105.9833984375
386.8734130859375,103.94660186767578,37.141998291015625,105.44830322265625
384.6408996582031,102.97599792480469,38.3656005859375,106.40470123291016
383.8251037597656,103.59259796142578,37.933998107910156,106.802001953125
383.9671936035156,102.43090057373047,36.445098876953125,106.51609802246094
382.7117004394531,101.29830169677734,40.01599884033203,107.85320281982422
385.1048889160156,100.80690002441406,37.26490020751953,108.1426010131836
384.2214050292969,97.80159759521484,38.624298095703125,111.2301025390625
385.28961181640625,96.47209930419922,38.96269989013672,109.84140014648438
386.30230712890625,98.88919830322266,33.99919891357422,108.49019622802734
385.6304931640625,98.0824966430664,34.71179962158203,106.09500122070312
387.56109619140625,96.85530090332031,32.162200927734375,106.23739624023438
388.04180908203125,95.46730041503906,31.343799591064453,105.89869689941406
387.61419677734375,91.55480194091797,34.091400146484375,109.09210205078125
389.4823913574219,89.65010070800781,33.230098724365234,109.57170104980469
389.1882019042969,89.22350311279297,32.709800720214844,108.58709716796875
390.1758117675781,88.29840087890625,32.54520034790039,107.72630310058594
391.9696960449219,89.3844985961914,31.650100708007812,105.22840118408203
392.341796875,84.6427001953125,31.20989990234375,108.131103515625
392.3673095703125,84.7958984375,32.94219970703125,105.53250122070312
392.9491882324219,84.10169982910156,32.92470169067383,103.73880004882812
390.9862060546875,80.75499725341797,37.096900939941406,106.56659698486328
391.9877014160156,78.63469696044922,36.76369857788086,105.92549896240234
390.5360107421875,76.32270050048828,38.32109832763672,108.220703125
389.66900634765625,72.69560241699219,39.648399353027344,107.76570129394531
391.377685546875,72.71199798583984,37.1077995300293,108.45600128173828
390.8369140625,71.57469940185547,39.069801330566406,107.27169799804688
392.8125,69.53520202636719,35.923099517822266,108.40229797363281
393.856201171875,71.54550170898438,32.38019943237305,105.36209869384766
394.50140380859375,70.31580352783203,31.191200256347656,106.24819946289062
396.7267150878906,66.25090026855469,29.86720085144043,108.96820068359375
395.1719970703125,67.76190185546875,35.55160140991211,107.48030090332031
398.5414123535156,66.51249694824219,34.454200744628906,109.31289672851562
398.08221435546875,66.50669860839844,34.192100524902344,108.76499938964844
399.2571105957031,66.7291030883789,34.1057014465332,107.34200286865234
395.3440856933594,66.32209777832031,39.40359878540039,107.40850067138672
396.7174987792969,66.4010009765625,38.93880081176758,107.22940063476562
396.0502014160156,64.64669799804688,40.335601806640625,108.55850219726562
397.9999084472656,63.215999603271484,39.04800033569336,110.64569854736328
398.91461181640625,62.60559844970703,39.77920150756836,110.0239028930664
398.6971130371094,64.74030303955078,39.11830139160156,108.1697998046875
399.4036865234375,63.17259979248047,36.921199798583984,108.32879638671875
399.2492980957031,62.60279846191406,34.85380172729492,109.86930084228516
396.7840881347656,64.4761962890625,33.22420120239258,108.84700012207031
395.8793029785156,66.46269989013672,30.402099609375,106.67489624023438
393.74969482421875,63.47480010986328,27.982999801635742,109.40869903564453
392.0257873535156,61.7681999206543,27.110700607299805,109.89640045166016
388.0387878417969,64.4573974609375,30.469100952148438,106.42639923095703
385.6354064941406,63.397300720214844,29.435699462890625,108.32559967041016
383.0469970703125,64.81310272216797,30.58609962463379,104.92900085449219
378.89239501953125,66.49310302734375,32.21820068359375,105.73310089111328
376.9010009765625,68.54190063476562,31.83300018310547,103.60260009765625
375.95660400390625,67.9374008178711,31.190399169921875,103.07270050048828
373.1629943847656,66.77850341796875,30.821500778198242,104.16290283203125
370.4429931640625,68.2155990600586,29.58880043029785,102.73059844970703
369.9281005859375,68.53399658203125,26.74370002746582,102.41400146484375
365.24468994140625,72.69159698486328,27.91900062561035,97.32720184326172
360.99560546875,68.62169647216797,30.180999755859375,100.35820007324219
358.6039123535156,70.59210205078125,30.365100860595703,100.41609954833984
357.9695129394531,69.85289764404297,28.549800872802734,101.972900390625
354.26629638671875,71.17169952392578,32.740501403808594,102.2333984375
352.65008544921875,69.24600219726562,32.0906982421875,103.68180084228516
353.1571960449219,68.24299621582031,32.28770065307617,104.4406967163086
350.55010986328125,66.3469009399414,35.127201080322266,105.2488021850586
347.4215087890625,67.59929656982422,40.56869888305664,105.92900085449219
346.30938720703125,65.14640045166016,40.89739990234375,105.92320251464844
346.4939880371094,60.73699951171875,31.251100540161133,110.45939636230469
344.9231872558594,57.51890182495117,29.871299743652344,114.45240020751953
341.2484130859375,54.00120162963867,35.68299865722656,119.68299865722656
339.465087890625,58.9901008605957,37.5181999206543,113.80120086669922
337.99969482421875,58.55220031738281,39.95800018310547,115.70220184326172
329.0939025878906,49.06159973144531,50.96070098876953,126.5823974609375
329.6778869628906,44.279998779296875,51.88759994506836,130.55520629882812
330.3330993652344,45.44309997558594,53.29600143432617,127.93990325927734
331.1247863769531,43.931800842285156,51.441898345947266,128.94219970703125
328.8172912597656,42.60300064086914,57.79650115966797,129.139404296875
332.347412109375,47.18090057373047,46.339298248291016,126.91609954833984
329.9512023925781,40.73640060424805,52.756500244140625,132.8386993408203
328.6690979003906,42.11840057373047,53.26300048828125,128.65660095214844
328.2414855957031,40.58580017089844,57.5984001159668,130.79080200195312
325.01910400390625,40.2505989074707,61.61119842529297,131.05650329589844
325.9825134277344,42.72019958496094,61.95500183105469,134.0677947998047
325.4609069824219,40.68519973754883,61.19179916381836,132.49000549316406
324.4870910644531,40.15760040283203,61.7849006652832,131.2707061767578
324.7508850097656,39.16279983520508,61.127201080322266,131.6248016357422
322.5419921875,39.68560028076172,65.12300109863281,132.16180419921875
320.8266906738281,38.12300109863281,68.54949951171875,134.1909942626953
318.0722961425781,37.86109924316406,72.78780364990234,134.1584014892578
320.244384765625,38.0984992980957,66.8042984008789,136.18569946289062
319.1335144042969,39.74420166015625,67.70379638671875,132.90699768066406
311.1138916015625,44.71979904174805,78.08689880371094,127.55570220947266
315.2240905761719,39.23870086669922,71.581298828125,130.6269073486328
307.7763977050781,37.57490158081055,80.4979019165039,134.94590759277344
312.0903015136719,39.30350112915039,73.59919738769531,130.9080047607422
301.7875061035156,48.01679992675781,69.61370086669922,125.97119903564453
313.1564025878906,38.14580154418945,70.65360260009766,133.10659790039062
305.66009521484375,38.23649978637695,77.14119720458984,134.07240295410156
301.5987854003906,38.02370071411133,83.13089752197266,133.99110412597656
297.0506896972656,42.35599899291992,87.99929809570312,130.7324981689453
295.15020751953125,39.76810073852539,86.16529846191406,131.0050048828125
293.3041076660156,40.212100982666016,85.36250305175781,132.71490478515625
289.6731872558594,41.07830047607422,86.61509704589844,131.7834014892578
280.6294860839844,37.12879943847656,90.4906997680664,139.30279541015625
285.93719482421875,38.367000579833984,85.09149932861328,134.8455047607422
290.7510986328125,38.21189880371094,79.64730072021484,134.15980529785156
285.5570983886719,41.09189987182617,85.96880340576172,132.8751983642578
282.3161926269531,40.42490005493164,87.81749725341797,132.5554962158203
285.452392578125,45.159400939941406,84.88700103759766,130.44740295410156
285.7550048828125,44.820098876953125,82.59089660644531,129.46279907226562
283.4755859375,44.289398193359375,85.04620361328125,129.50909423828125
282.80859375,42.38520050048828,86.87359619140625,131.45440673828125
289.8450012207031,42.4463996887207,75.48490142822266,131.8144989013672
286.2716979980469,41.4015998840332,77.47750091552734,135.3135986328125
284.9526062011719,38.6708984375,78.10169982910156,135.08489990234375
283.7077941894531,43.500701904296875,78.6594009399414,134.7115936279297
286.64080810546875,43.36109924316406,74.70559692382812,134.4134979248047
281.302490234375,41.95840072631836,79.193603515625,135.96319580078125
284.6825866699219,44.2755012512207,72.34010314941406,131.654296875
278.0657043457031,45.5088996887207,81.37629699707031,131.93850708007812
280.3363037109375,43.44779968261719,75.127197265625,133.14920043945312
283.4085998535156,44.247798919677734,67.85459899902344,132.41940307617188
282.88238525390625,42.877201080322266,67.46019744873047,133.16439819335938
281.7240905761719,46.32509994506836,66.94110107421875,131.46499633789062
280.89129638671875,44.508399963378906,65.18720245361328,132.5417938232422
280.53509521484375,45.40340042114258,61.22610092163086,132.48800659179688
281.0484924316406,43.82699966430664,57.38600158691406,132.43020629882812
280.6924133300781,42.34239959716797,54.356998443603516,132.2342071533203
279.1370849609375,45.64500045776367,53.20220184326172,130.3446044921875
279.8190002441406,41.76900100708008,52.90890121459961,129.65109252929688
279.07550048828125,34.80720138549805,51.80830001831055,137.3321990966797
278.72589111328125,36.81060028076172,51.26070022583008,135.6575927734375
278.1051025390625,36.53879928588867,50.99169921875,134.1757049560547
278.189208984375,34.04169845581055,50.93280029296875,136.77769470214844
276.2146911621094,36.40719985961914,53.95119857788086,132.981201171875
274.7080993652344,32.454200744628906,55.92879867553711,134.5186004638672
269.6943054199219,34.56489944458008,61.5702018737793,135.39410400390625
270.09820556640625,36.49509811401367,62.67559814453125,126.58689880371094
265.8192138671875,34.906898498535156,66.95890045166016,129.77029418945312
264.2589111328125,32.56800079345703,69.69930267333984,131.41029357910156
263.7549133300781,28.98069953918457,72.08360290527344,133.92599487304688
261.3192138671875,33.717201232910156,73.70870208740234,130.4403076171875
261.78448486328125,33.698699951171875,84.5374984741211,134.34649658203125
261.2952880859375,29.48579978942871,75.1852035522461,129.4259033203125
271.4827880859375,31.58169937133789,76.92639923095703,135.87249755859375
259.5577087402344,33.247398376464844,84.23509979248047,132.32339477539062
274.3739929199219,40.94260025024414,84.418701171875,124.76029968261719
281.8221130371094,41.85179901123047,76.38960266113281,120.51020050048828
297.39849853515625,48.24800109863281,60.79389953613281,115.78130340576172
306.047607421875,44.7327995300293,45.44309997558594,116.10690307617188
311.5527038574219,39.372798919677734,37.8931999206543,125.57939910888672
312.8940124511719,39.33980178833008,38.900299072265625,124.71900177001953
312.49639892578125,40.588401794433594,40.244598388671875,120.50379943847656
315.8528137207031,39.91460037231445,38.398799896240234,124.00270080566406
318.6684875488281,37.54249954223633,36.49959945678711,125.49909973144531
316.6271057128906,36.17300033569336,40.75600051879883,127.50830078125
321.793212890625,38.12379837036133,35.88090133666992,126.69889831542969
323.1242980957031,36.412601470947266,35.97650146484375,126.18589782714844
322.0867004394531,37.33000183105469,39.618499755859375,124.033203125
324.440185546875,38.61479949951172,39.1885986328125,124.85970306396484
324.3172912597656,38.80500030517578,38.96049880981445,125.90460205078125
327.20269775390625,37.642799377441406,37.94670104980469,125.1885986328125
329.1081848144531,35.634300231933594,36.9723014831543,127.1436996459961
330.8941955566406,34.04059982299805,36.26570129394531,131.05209350585938
332.72711181640625,37.10369873046875,36.87910079956055,126.49859619140625
333.70941162109375,37.32400131225586,35.68159866333008,126.77130126953125
335.5871887207031,38.06679916381836,36.46580123901367,127.3041000366211
337.0422058105469,38.76300048828125,36.12379837036133,126.96829986572266
338.3695983886719,41.14039993286133,36.554100036621094,127.1615982055664
340.6210021972656,41.631099700927734,35.70899963378906,125.05139923095703
342.7341003417969,39.02450180053711,36.09260177612305,131.7888946533203
344.37811279296875,43.53799819946289,36.30830001831055,126.46959686279297
346.45050048828125,42.34989929199219,36.08890151977539,129.7698974609375
347.22540283203125,44.746498107910156,38.46269989013672,127.6626968383789
348.78729248046875,44.397499084472656,40.20560073852539,128.85130310058594
349.409912109375,44.74290084838867,39.08599853515625,129.63369750976562
350.83209228515625,43.86600112915039,40.35309982299805,131.44590759277344
352.9287109375,42.85200119018555,38.49789810180664,132.10009765625
353.355712890625,44.51219940185547,38.7057991027832,129.6981964111328
355.073486328125,43.417598724365234,36.78450012207031,131.3094024658203
354.2940979003906,44.993900299072266,37.19660186767578,129.21499633789062
355.426513671875,43.072200775146484,40.217201232910156,132.9093017578125
355.9002990722656,41.69309997558594,38.11970138549805,134.9803924560547
357.3734130859375,42.03609848022461,39.4370002746582,134.19729614257812
358.9306945800781,39.61149978637695,38.98820114135742,137.8636932373047
360.4653015136719,41.471099853515625,39.63560104370117,135.16799926757812
361.235107421875,38.9025993347168,39.167301177978516,139.99270629882812
361.5437927246094,42.956199645996094,40.63800048828125,135.1448974609375
361.95770263671875,44.154701232910156,41.325801849365234,134.0543975830078
361.5155029296875,42.74789810180664,41.78499984741211,135.14720153808594
361.4216003417969,40.361900329589844,44.017601013183594,139.80589294433594
361.33160400390625,37.52330017089844,41.726200103759766,140.61630249023438
361.0285949707031,32.397499084472656,43.67940139770508,145.79409790039062
360.2561950683594,30.6299991607666,43.33089828491211,148.32240295410156
358.5898132324219,28.28849983215332,63.611900329589844,149.4611053466797
358.806396484375,20.88159942626953,72.01129913330078,155.5428924560547
358.456787109375,16.8031005859375,70.52510070800781,160.8704071044922
357.7484130859375,18.12299919128418,66.93180084228516,158.52560424804688
360.3655090332031,14.090800285339355,64.82009887695312,163.0330047607422
356.6173095703125,19.30139923095703,70.38600158691406,156.98919677734375
358.54901123046875,21.683300018310547,64.7166976928711,154.5825958251953
359.65570068359375,16.311599731445312,62.185298919677734,160.1645050048828
357.4159851074219,12.058799743652344,66.17919921875,164.16909790039062
355.2478942871094,16.73509979248047,64.84040069580078,160.06089782714844
356.7887878417969,13.048100471496582,61.3406982421875,163.3677978515625
358.7326965332031,5.839600086212158,59.16740036010742,170.98489379882812
356.001708984375,6.543000221252441,62.992801666259766,171.46170043945312
356.9212951660156,11.804400444030762,59.568599700927734,163.75289916992188
353.97021484375,14.03219985961914,62.99580001831055,163.84530639648438
354.447998046875,14.875100135803223,60.939998626708984,164.03309631347656
355.4516906738281,17.653900146484375,58.1776008605957,159.15609741210938
353.6116027832031,24.90250015258789,58.42729949951172,152.55430603027344
353.7943115234375,21.75429916381836,57.13209915161133,153.85850524902344
353.2043151855469,16.26740074157715,56.70940017700195,159.44529724121094
351.9273986816406,18.413799285888672,57.93669891357422,157.0666046142578
352.1994934082031,21.599899291992188,57.960899353027344,149.09800720214844
351.4383850097656,19.385000228881836,58.57440185546875,153.43519592285156
351.2318115234375,15.458600044250488,58.60139846801758,155.19459533691406
353.837890625,20.624799728393555,56.08720016479492,152.19140625
353.8313903808594,17.818099975585938,56.3317985534668,151.9320068359375
350.79229736328125,12.338199615478516,58.782901763916016,159.40879821777344
356.3280029296875,16.755300521850586,52.59579849243164,153.50100708007812
359.6853942871094,21.766399383544922,50.133399963378906,147.86199951171875
357.06390380859375,17.218299865722656,51.99909973144531,153.64190673828125
363.1310119628906,21.418500900268555,46.272701263427734,147.14720153808594
360.602294921875,19.76580047607422,48.208099365234375,147.03990173339844
361.1382141113281,20.547700881958008,48.06959915161133,148.75250244140625
359.89630126953125,21.096399307250977,48.837398529052734,148.65370178222656
361.48779296875,21.43239974975586,45.635398864746094,148.3697052001953
360.69000244140625,24.904300689697266,47.20209884643555,146.53810119628906
358.1445007324219,21.254899978637695,49.36330032348633,150.59539794921875
359.26361083984375,25.314699172973633,49.05860137939453,147.75259399414062
355.8203125,28.799800872802734,54.106998443603516,145.5438995361328
355.37548828125,29.16200065612793,54.06050109863281,151.1656036376953
355.3288879394531,28.752399444580078,54.69089889526367,153.01040649414062
353.8819885253906,34.01860046386719,55.657100677490234,150.82809448242188
353.67889404296875,33.27690124511719,56.70280075073242,150.6573028564453
349.8534851074219,38.84450149536133,61.77289962768555,145.97329711914062
349.5696105957031,40.02450180053711,58.649600982666016,146.48109436035156
351.8017883300781,43.139801025390625,55.01210021972656,147.3878936767578
352.25360107421875,49.37820053100586,53.205299377441406,141.6894073486328
350.4328918457031,53.82820129394531,53.105098724365234,137.09039306640625
352.13531494140625,55.904998779296875,48.41210174560547,137.60870361328125
350.6304931640625,56.18339920043945,50.45690155029297,139.4532012939453
348.2585144042969,58.88240051269531,52.88779830932617,135.08509826660156
347.86138916015625,54.21379852294922,53.82789993286133,141.87539672851562
347.0443115234375,55.71590042114258,54.26060104370117,142.15029907226562
346.13330078125,48.60309982299805,55.44879913330078,147.97140502929688
344.7605895996094,42.86050033569336,58.252498626708984,157.2091064453125
339.53228759765625,36.72100067138672,66.25559997558594,161.80799865722656
337.9234924316406,33.022499084472656,67.42739868164062,165.88450622558594
336.9371032714844,28.213199615478516,66.36430358886719,171.7584991455078
335.06829833984375,34.07160186767578,69.9458999633789,164.23800659179688
336.1581115722656,34.019901275634766,66.85980224609375,166.89849853515625
333.8009033203125,26.431499481201172,70.69039916992188,172.8804931640625
334.62030029296875,21.844900131225586,69.5635986328125,176.85400390625
335.0350036621094,23.14299964904785,70.54759979248047,176.55099487304688
331.6206970214844,18.03420066833496,72.34490203857422,182.4510955810547
328.0602111816406,15.718299865722656,81.59040069580078,184.56680297851562
329.83099365234375,18.6875,73.12640380859375,184.3804931640625
328.0657043457031,14.099599838256836,78.79119873046875,185.6501007080078
323.6369934082031,13.741700172424316,78.46810150146484,183.9532928466797
324.0823059082031,18.41469955444336,81.88480377197266,181.99159240722656
320.9556884765625,20.78179931640625,81.12220001220703,177.35890197753906
318.38079833984375,20.909099578857422,87.52529907226562,173.07159423828125
317.652587890625,29.640899658203125,84.7468032836914,170.0373992919922
317.40301513671875,20.855600357055664,85.27339935302734,175.34860229492188
316.0362854003906,26.91029930114746,83.51740264892578,175.27220153808594
316.6754150390625,27.094999313354492,87.7947006225586,175.18600463867188
317.3800048828125,24.952699661254883,91.55169677734375,173.7532958984375
317.6228942871094,25.366300582885742,95.73090362548828,172.7666015625
318.9153137207031,20.468799591064453,95.72450256347656,174.7176971435547
316.20111083984375,20.802000045776367,98.22599792480469,174.9300994873047
314.1803894042969,23.585500717163086,97.3135986328125,170.8876953125
318.643798828125,18.065900802612305,94.64839935302734,177.6221923828125
317.89678955078125,9.474300384521484,97.43990325927734,186.79750061035156
319.0862121582031,11.50100040435791,93.65440368652344,183.7519073486328
320.8434143066406,8.02970027923584,91.36920166015625,185.6844024658203
318.7189025878906,12.419099807739258,94.72460174560547,179.28880310058594
317.5038146972656,9.228500366210938,98.81629943847656,181.3509063720703
316.4776916503906,14.744999885559082,100.22920227050781,179.54739379882812
316.60369873046875,8.501399993896484,106.0291976928711,187.18800354003906
316.06451416015625,11.646900177001953,99.82119750976562,181.95489501953125
322.0022888183594,10.467499732971191,91.24980163574219,182.68890380859375
320.76739501953125,7.79449987411499,92.0176010131836,181.87359619140625
316.2312927246094,7.225299835205078,100.05729675292969,183.85389709472656
315.485595703125,13.621199607849121,93.9480972290039,182.7471923828125
313.57598876953125,14.379400253295898,94.48079681396484,183.93040466308594
312.07861328125,10.734999656677246,94.30809783935547,186.96949768066406
317.7184143066406,6.887199878692627,86.44989776611328,186.00050354003906
309.7701110839844,10.079700469970703,99.81300354003906,185.47659301757812
303.4002990722656,14.71619987487793,105.73979949951172,183.8488006591797
304.5632019042969,15.560199737548828,99.20069885253906,180.47109985351562
302.6308898925781,10.909899711608887,98.96880340576172,182.38839721679688
299.8794860839844,16.07309913635254,98.88300323486328,180.1956024169922
303.4547119140625,12.184800148010254,99.35759735107422,181.15879821777344
306.7771911621094,12.119199752807617,89.302001953125,183.7384033203125
303.13189697265625,11.484399795532227,87.55889892578125,182.42979431152344
295.34649658203125,10.039299964904785,98.49520111083984,183.2657012939453
289.9779052734375,15.888899803161621,105.97360229492188,183.1427001953125
286.6990051269531,17.685400009155273,108.9666976928711,178.64190673828125
286.6856994628906,18.487300872802734,104.24130249023438,176.8533935546875
283.2869873046875,17.660999298095703,104.08390045166016,179.4320068359375
268.6852111816406,24.864200592041016,115.38890075683594,172.26510620117188
276.9956970214844,21.778600692749023,101.1405029296875,172.5283966064453
270.4634094238281,20.723899841308594,101.94129943847656,174.34759521484375
272.3196105957031,24.400800704956055,100.8821029663086,172.37420654296875
272.6813049316406,16.609699249267578,96.86309814453125,181.9573974609375
263.8623046875,15.46660041809082,103.84190368652344,181.73910522460938
263.0152893066406,11.645400047302246,101.08920288085938,185.73069763183594
259.8584899902344,20.27560043334961,101.92279815673828,183.12210083007812
260.5409851074219,13.337900161743164,97.42669677734375,185.78419494628906
255.28819274902344,8.298500061035156,96.51930236816406,192.08920288085938
253.44569396972656,6.833799839019775,92.3301010131836,193.52969360351562
248.33340454101562,17.968900680541992,101.01370239257812,194.38360595703125
251.19119262695312,8.461199760437012,84.2217025756836,198.68580627441406
251.81019592285156,5.9004998207092285,74.79290008544922,206.25840759277344
247.3343963623047,3.6240999698638916,82.71690368652344,213.4467010498047
245.00469970703125,3.05049991607666,87.5615005493164,214.7006072998047
242.72560119628906,2.3891000747680664,85.83499908447266,213.7135009765625
237.84970092773438,9.236599922180176,87.39869689941406,206.94769287109375
235.11000061035156,9.591099739074707,87.9802017211914,201.27330017089844
234.35569763183594,9.991399765014648,85.79550170898438,201.20899963378906
232.4781951904297,8.653400421142578,85.00029754638672,203.38209533691406
229.531005859375,7.248600006103516,82.50189971923828,204.3076934814453
226.01300048828125,8.551199913024902,85.95230102539062,204.04119873046875
224.4333038330078,10.061599731445312,89.02300262451172,201.5655059814453
217.24850463867188,13.410799980163574,92.76789855957031,199.3632049560547
211.64320373535156,8.340700149536133,94.71309661865234,200.56570434570312
211.57640075683594,2.38070011138916,90.39759826660156,205.95660400390625
204.11790466308594,3.296999931335449,94.03289794921875,202.3719940185547
202.56199645996094,0.5116000175476074,76.19580078125,200.3040008544922
234.2863006591797,49.46329879760742,68.2354965209961,164.24600219726562
235.3936004638672,52.952598571777344,59.66109848022461,159.98170471191406
237.53109741210938,50.298500061035156,53.41899871826172,168.29640197753906
233.943603515625,50.63750076293945,54.64580154418945,172.43350219726562
231.3170928955078,50.74580001831055,54.542198181152344,174.76510620117188
230.17469787597656,53.474300384521484,53.05350112915039,170.70950317382812
228.88099670410156,51.66239929199219,56.56399917602539,174.60409545898438
227.59829711914062,51.77199935913086,55.060001373291016,170.93280029296875
225.04519653320312,50.183799743652344,63.79819869995117,169.08380126953125
224.13169860839844,44.45240020751953,62.65380096435547,171.55740356445312
224.12710571289062,42.609100341796875,62.17110061645508,163.3594970703125
220.8887939453125,37.000999450683594,64.34809875488281,171.7884979248047
218.12600708007812,33.16429901123047,66.54810333251953,168.84950256347656
220.64810180664062,30.263599395751953,62.57740020751953,164.9344024658203
218.80169677734375,27.350000381469727,60.8754997253418,167.13650512695312
217.38909912109375,27.74810028076172,64.98049926757812,152.77340698242188
215.7884063720703,27.835100173950195,68.7135009765625,154.87179565429688
216.59230041503906,27.83930015563965,69.7146987915039,153.62210083007812
217.931396484375,24.271299362182617,68.78880310058594,164.42489624023438
217.53619384765625,24.821199417114258,68.40380096435547,164.05050659179688
213.1374053955078,25.717199325561523,73.88359832763672,165.33079528808594
216.90460205078125,25.050100326538086,69.0822982788086,173.30050659179688
212.42649841308594,29.0408992767334,73.22920227050781,165.87620544433594
215.71299743652344,28.420700073242188,67.37079620361328,167.24630737304688
219.35130310058594,30.002099990844727,63.21989822387695,172.2873992919922
217.2324981689453,28.15559959411621,65.21800231933594,172.27749633789062
216.5511016845703,31.601999282836914,63.44729995727539,170.6894073486328
218.7541046142578,28.5137996673584,62.59080123901367,170.4066925048828
212.8459014892578,27.27389907836914,70.41909790039062,175.98089599609375
216.30580139160156,25.851299285888672,67.68399810791016,168.48170471191406
217.78619384765625,24.194700241088867,65.22969818115234,178.423095703125
214.57870483398438,19.918899536132812,67.23609924316406,176.23390197753906
215.4676971435547,17.03569984436035,67.56849670410156,182.2760009765625
212.1038055419922,17.171899795532227,73.285400390625,176.7617950439453
213.6555938720703,19.046899795532227,71.40339660644531,174.33799743652344
213.07640075683594,14.22819995880127,72.46479797363281,180.84469604492188
209.18319702148438,17.722400665283203,78.27680206298828,175.03900146484375
210.6748046875,17.627300262451172,75.71649932861328,172.31129455566406
211.19630432128906,17.473600387573242,72.87079620361328,172.54139709472656
214.52630615234375,18.575300216674805,65.60369873046875,171.66990661621094
213.8874053955078,17.199600219726562,66.21769714355469,175.63250732421875
215.11489868164062,19.976299285888672,64.9229965209961,174.39840698242188
218.5666046142578,18.311800003051758,59.64690017700195,175.84390258789062
220.65390014648438,20.739299774169922,55.36880111694336,177.93600463867188
218.0146026611328,22.9955997467041,57.27560043334961,178.59280395507812
217.6566925048828,23.80579948425293,58.49700164794922,181.3592071533203
218.90029907226562,25.184200286865234,55.248600006103516,190.4951934814453
212.860595703125,28.625900268554688,61.266300201416016,185.50790405273438
213.15139770507812,28.257600784301758,63.314701080322266,186.16290283203125
214.80039978027344,29.744600296020508,62.430599212646484,188.81199645996094
215.05250549316406,31.734100341796875,63.43009948730469,188.68690490722656
217.6269989013672,30.147899627685547,60.71549987792969,189.01780700683594
214.32640075683594,32.72330093383789,67.24849700927734,185.6862030029297
214.42889404296875,35.5640983581543,65.50759887695312,184.69679260253906
215.543701171875,34.45330047607422,65.51280212402344,183.55760192871094
214.47430419921875,32.97930145263672,70.1095962524414,186.12530517578125
216.65679931640625,36.036399841308594,67.84310150146484,182.54449462890625
219.80360412597656,34.06700134277344,63.42509841918945,184.3979949951172
221.58749389648438,33.57509994506836,62.64699935913086,186.90139770507812
223.52670288085938,35.39619827270508,60.60060119628906,184.84190368652344
221.8112030029297,39.4468994140625,66.83799743652344,180.28140258789062
227.91580200195312,37.78950119018555,60.70830154418945,181.40960693359375
224.62969970703125,39.700199127197266,65.47029876708984,181.08169555664062
227.15899658203125,42.48609924316406,61.24980163574219,177.80990600585938
225.48410034179688,42.92020034790039,64.1333999633789,182.226806640625
226.50030517578125,46.65250015258789,59.46549987792969,183.10679626464844
226.95120239257812,46.49440002441406,62.579498291015625,185.91319274902344
229.14480590820312,48.98699951171875,56.51380157470703,192.61639404296875
226.10629272460938,52.060001373291016,58.36669921875,191.49020385742188
223.9774932861328,52.15840148925781,64.16110229492188,194.12399291992188
219.08880615234375,52.76839828491211,71.31390380859375,195.02789306640625
227.81199645996094,56.638999938964844,62.69390106201172,194.08619689941406
223.11900329589844,57.94459915161133,67.36799621582031,197.05540466308594
223.37109375,54.12329864501953,67.28589630126953,196.1020965576172
227.9071044921875,55.55670166015625,62.88589859008789,194.3719024658203
228.1663055419922,60.559600830078125,62.72650146484375,190.47540283203125
228.4550018310547,59.8120002746582,61.71189880371094,191.03810119628906
227.54029846191406,58.88779830932617,65.26329803466797,189.49850463867188
230.0229034423828,57.63710021972656,61.29779815673828,193.49490356445312
230.20989990234375,55.5276985168457,64.66130065917969,193.59039306640625
234.1356964111328,58.49639892578125,61.15060043334961,192.539794921875
235.14810180664062,60.929500579833984,60.82550048828125,192.65550231933594
234.98390197753906,62.31380081176758,62.58259963989258,191.68679809570312
233.04519653320312,67.55970001220703,68.6084976196289,186.33880615234375
233.95089721679688,71.82959747314453,68.2155990600586,185.56019592285156
242.1929931640625,80.73819732666016,63.604698181152344,183.69070434570312
243.30870056152344,74.5615005493164,60.530601501464844,190.48809814453125
240.5865936279297,75.62129974365234,63.63840103149414,197.41099548339844
243.30380249023438,77.27239990234375,59.48590087890625,197.57449340820312
241.35040283203125,79.20709991455078,64.01139831542969,200.29049682617188
245.52850341796875,79.32479858398438,60.471500396728516,202.7313995361328
245.69740295410156,84.47570037841797,60.526798248291016,198.38710021972656
245.35879516601562,83.93000030517578,63.675899505615234,200.09950256347656
246.42990112304688,86.15519714355469,63.792301177978516,198.0323028564453
247.4279022216797,85.70709991455078,64.13459777832031,197.76519775390625
248.54989624023438,84.63809967041016,64.44239807128906,200.62249755859375
249.29379272460938,82.83660125732422,62.82929992675781,203.36790466308594
249.28469848632812,84.0728988647461,64.23090362548828,201.30929565429688
252.476806640625,85.13169860839844,61.38209915161133,202.64259338378906
250.41920471191406,85.93299865722656,66.0989990234375,200.37770080566406
252.53720092773438,84.97779846191406,61.10219955444336,202.8966064453125
251.59579467773438,83.52580261230469,63.369598388671875,205.21319580078125
251.5458984375,85.34950256347656,65.64559936523438,203.93240356445312
253.07699584960938,82.99150085449219,63.80580139160156,207.59860229492188
255.01019287109375,85.30220031738281,60.86859893798828,203.95230102539062
254.4521942138672,86.3208999633789,61.57360076904297,202.59579467773438
253.03070068359375,82.60970306396484,62.194698333740234,208.47610473632812
249.8125,77.46099853515625,65.94519805908203,219.4304962158203
251.22540283203125,77.10160064697266,64.060302734375,223.18370056152344
250.95640563964844,70.71489715576172,60.3473014831543,231.0299072265625
247.10580444335938,69.86720275878906,66.00569915771484,239.09109497070312
245.50909423828125,69.30960083007812,64.87960052490234,239.95140075683594
248.05850219726562,78.41899871826172,64.47760009765625,230.81640625
246.30039978027344,67.31279754638672,66.66680145263672,242.87440490722656
246.38729858398438,73.41690063476562,65.96890258789062,239.47979736328125
249.9394073486328,69.58689880371094,61.08259963989258,242.2886962890625
247.36729431152344,68.839599609375,62.98680114746094,245.07159423828125
246.89630126953125,64.26239776611328,63.37889862060547,246.94020080566406
239.21170043945312,65.64839935302734,73.46160125732422,244.31199645996094
231.3480987548828,60.2411994934082,86.10060119628906,247.3618927001953
229.26600646972656,57.48500061035156,86.9220962524414,251.5493927001953
223.7698974609375,58.12080001831055,96.13459777832031,246.79640197753906
232.4219970703125,62.54090118408203,80.28939819335938,239.60450744628906
233.2989044189453,83.70780181884766,74.70539855957031,222.97940063476562
238.65139770507812,65.11609649658203,66.90489959716797,244.38929748535156
236.57749938964844,68.9583969116211,64.97509765625,242.9237060546875
237.8607940673828,78.25779724121094,68.4697036743164,236.91360473632812
242.3050994873047,72.13619995117188,66.18599700927734,240.5655059814453
243.85549926757812,73.60310363769531,61.32849884033203,241.4355010986328
244.14390563964844,80.98609924316406,61.222999572753906,239.08619689941406
242.95889282226562,87.90570068359375,62.144798278808594,234.10699462890625
245.44590759277344,91.68229675292969,62.480899810791016,233.38619995117188
247.76400756835938,94.57890319824219,62.48860168457031,236.52540588378906
248.13009643554688,98.67420196533203,62.20909881591797,241.1511993408203
250.2928924560547,108.28040313720703,65.09149932861328,238.65460205078125
250.83839416503906,109.59940338134766,64.41909790039062,232.63519287109375
252.1123046875,114.59140014648438,63.976898193359375,228.10450744628906
255.9987030029297,104.8373031616211,58.8494987487793,239.63999938964844
256.89300537109375,106.20549774169922,59.47159957885742,243.19569396972656
253.98489379882812,108.05780029296875,69.0730972290039,243.38250732421875
257.8916015625,109.90599822998047,65.0342025756836,238.68760681152344
253.90260314941406,109.14630126953125,66.6229019165039,240.6425018310547
259.47320556640625,109.3510971069336,62.497100830078125,237.02459716796875
258.4125061035156,106.66719818115234,61.92599868774414,244.9490966796875
257.1910095214844,103.56169891357422,61.18870162963867,247.0731964111328
255.76220703125,101.51119995117188,58.71269989013672,246.82240295410156
252.20570373535156,94.62370300292969,63.88420104980469,254.18040466308594
251.7010955810547,97.66000366210938,63.9208984375,244.835693359375
249.8946075439453,106.01429748535156,67.97219848632812,240.14559936523438
246.73699951171875,103.12529754638672,69.56539916992188,242.6461944580078
247.0677032470703,99.96080017089844,71.92330169677734,245.18319702148438
248.8166046142578,89.31009674072266,65.99569702148438,252.6988067626953
238.61399841308594,76.53700256347656,80.83999633789062,257.1448974609375
241.39010620117188,75.67569732666016,79.14920043945312,262.0932922363281
240.4936065673828,70.73829650878906,78.47149658203125,274.2839050292969
240.97019958496094,65.37969970703125,74.75440216064453,275.4534912109375
245.2425994873047,68.1769027709961,73.14810180664062,272.943603515625
246.38819885253906,67.89340209960938,79.83049774169922,273.0745849609375
251.6544952392578,71.96160125732422,76.46160125732422,271.3667907714844
251.0218963623047,71.41609954833984,77.28579711914062,269.3467102050781
251.93809509277344,66.50849914550781,81.8053970336914,271.3630065917969
254.11489868164062,67.00489807128906,82.29989624023438,269.5716857910156
254.83450317382812,62.35110092163086,83.0864028930664,273.6498107910156
254.13839721679688,57.891300201416016,86.54329681396484,278.59588623046875
260.81170654296875,69.43470001220703,81.7802963256836,266.03131103515625
261.0390930175781,64.70819854736328,70.87190246582031,265.4901123046875
261.5633850097656,55.59880065917969,74.12419891357422,274.5838928222656
260.5643005371094,36.47760009765625,74.59960174560547,287.5556945800781
259.7908020019531,50.297000885009766,77.86920166015625,276.90478515625
261.9515075683594,29.593700408935547,68.14360046386719,288.77789306640625
268.4700012207031,53.54759979248047,63.179298400878906,268.1206970214844
272.05279541015625,75.42890167236328,66.10639953613281,251.96609497070312
270.45220947265625,131.14540100097656,73.03070068359375,206.97300720214844
268.7654113769531,145.12879943847656,72.7155990600586,196.83580017089844
271.93951416015625,146.6309051513672,64.41549682617188,190.28219604492188
270.6523132324219,146.26019287109375,65.68810272216797,191.33079528808594
264.90380859375,152.04080200195312,68.00550079345703,184.77560424804688
263.81298828125,149.04550170898438,68.62460327148438,183.44090270996094
261.4136962890625,152.9022979736328,69.90709686279297,179.3070068359375
259.448486328125,149.8697967529297,68.83290100097656,182.19090270996094
259.5378112792969,151.6154022216797,72.31390380859375,178.26260375976562
256.67291259765625,151.97369384765625,72.87560272216797,178.80279541015625
258.7148132324219,151.49960327148438,70.49330139160156,176.48719787597656
256.08929443359375,149.72860717773438,68.76390075683594,177.0128936767578
253.5843963623047,147.2635040283203,72.98390197753906,181.90390014648438
253.64720153808594,148.5594940185547,74.39540100097656,172.91690063476562
253.70289611816406,149.0937957763672,74.44770050048828,174.547607421875
255.41110229492188,148.23789978027344,74.239501953125,174.41839599609375
258.81561279296875,146.66799926757812,69.2916030883789,175.51690673828125
258.2547912597656,141.4123992919922,73.493896484375,178.7010955810547
260.3550109863281,146.6707000732422,71.41429901123047,169.4250946044922
260.8988952636719,141.72349548339844,70.45469665527344,176.40899658203125
262.7724914550781,142.98919677734375,67.52339935302734,175.1757049560547
264.93939208984375,137.33990478515625,65.6864013671875,179.03289794921875
265.1178894042969,137.62030029296875,63.36199951171875,180.96499633789062
268.0557861328125,135.2263946533203,61.86949920654297,184.2906036376953
271.4502868652344,135.79660034179688,61.25899887084961,179.12890625
274.7124938964844,134.6407928466797,51.527099609375,176.80459594726562
279.3063049316406,136.60240173339844,51.46839904785156,175.22579956054688
280.0238037109375,134.1031036376953,51.44609832763672,176.43490600585938
280.5375061035156,137.4394989013672,49.74720001220703,172.15020751953125
282.1643981933594,131.76939392089844,52.27289962768555,180.906005859375
280.6875,132.16259765625,50.1869010925293,179.11900329589844
278.97198486328125,134.13150024414062,51.56290054321289,181.3708038330078
279.6875915527344,129.95570373535156,54.48139953613281,184.2288055419922
279.9991149902344,132.15530395507812,52.56880187988281,185.28799438476562
278.1896057128906,128.83230590820312,55.95140075683594,186.97940063476562
280.49969482421875,126.66120147705078,60.099998474121094,188.4429931640625
281.4538879394531,126.38870239257812,58.396400451660156,191.42149353027344
282.466796875,123.65440368652344,61.62730026245117,190.0998992919922
285.9632873535156,125.56300354003906,59.01179885864258,189.79739379882812
286.7267150878906,125.55909729003906,57.4630012512207,188.6580047607422
286.97491455078125,122.77449798583984,55.27159881591797,192.7772979736328
287.84478759765625,121.92340087890625,55.39670181274414,192.59620666503906
289.47979736328125,123.01249694824219,60.24129867553711,191.1230010986328
292.6076965332031,122.95870208740234,56.082698822021484,195.37640380859375
299.7062072753906,122.33149719238281,52.825401306152344,194.8802032470703
303.69049072265625,122.12840270996094,51.164100646972656,191.66180419921875
307.4187927246094,124.20040130615234,48.76139831542969,189.86439514160156
309.53350830078125,123.1718978881836,51.294700622558594,192.78489685058594
312.98590087890625,118.35890197753906,50.70009994506836,197.35899353027344
317.17041015625,119.80419921875,50.76129913330078,192.73260498046875
318.77288818359375,116.64440155029297,52.46260070800781,198.9239044189453
320.82720947265625,116.8124008178711,52.83449935913086,194.6540069580078
325.1521911621094,112.97840118408203,51.795101165771484,199.37579345703125
328.0184020996094,112.21499633789062,52.506099700927734,202.5106964111328
331.0176086425781,112.89550018310547,52.07170104980469,199.53660583496094
333.6451110839844,120.39029693603516,54.11470031738281,189.49839782714844
336.25189208984375,121.73069763183594,52.82509994506836,189.98190307617188
340.1365051269531,119.51699829101562,50.602901458740234,190.77549743652344
343.106689453125,119.4697036743164,51.76789855957031,193.91639709472656
343.3106994628906,131.01150512695312,53.12189865112305,181.85130310058594
346.1265869140625,124.74120330810547,51.440399169921875,186.10569763183594
345.98040771484375,120.31300354003906,56.23820114135742,191.07049560546875
348.4695129394531,122.90360260009766,54.93510055541992,184.9792022705078
348.5609130859375,115.53500366210938,57.952999114990234,192.83839416503906
349.2771911621094,115.57579803466797,57.06760025024414,191.3856964111328
350.1535949707031,117.68720245361328,58.16569900512695,188.03419494628906
350.9224853515625,116.78890228271484,59.207801818847656,189.18179321289062
350.7572937011719,118.11599731445312,61.29249954223633,186.79080200195312
350.65728759765625,117.38369750976562,65.77639770507812,188.57119750976562
350.9429931640625,114.95099639892578,67.77749633789062,187.5592041015625
351.74359130859375,120.46620178222656,62.917301177978516,184.71359252929688
354.80609130859375,117.8427963256836,63.37369918823242,185.4044952392578
355.2370910644531,117.14849853515625,63.35810089111328,188.2996063232422
355.8389892578125,116.59049987792969,64.15550231933594,187.1907958984375
354.2460021972656,114.0386962890625,68.01609802246094,187.97239685058594
357.6776123046875,114.82150268554688,63.90010070800781,190.25929260253906
356.39739990234375,114.12519836425781,66.6802978515625,192.072998046875
357.5588073730469,112.29199981689453,69.11190032958984,190.9219970703125
358.9599914550781,116.98529815673828,64.72769927978516,195.60279846191406
360.1282043457031,112.41259765625,64.50579833984375,193.0124969482422
361.1523132324219,111.9218978881836,66.83989715576172,194.3280029296875
361.6445007324219,117.99659729003906,63.347900390625,194.89830017089844
364.64208984375,113.66290283203125,59.7588996887207,194.81399536132812
363.309814453125,115.69830322265625,60.05039978027344,192.72329711914062
366.1007080078125,117.28990173339844,53.04859924316406,190.5218963623047
365.8963928222656,117.18370056152344,52.072200775146484,194.110595703125
365.2076110839844,119.6604995727539,58.63669967651367,196.04930114746094
366.18450927734375,121.7876968383789,58.05739974975586,191.906494140625
368.298095703125,122.26899719238281,56.26089859008789,193.31199645996094
369.2804870605469,122.66929626464844,63.37300109863281,193.0579071044922
372.71099853515625,119.74849700927734,54.99810028076172,194.78689575195312
376.443603515625,124.5105972290039,49.19179916381836,189.75869750976562
378.41180419921875,122.50740051269531,53.81050109863281,197.17269897460938
379.2380065917969,127.88749694824219,59.989200592041016,192.21099853515625
381.8497009277344,125.80110168457031,59.317501068115234,191.25250244140625
384.5473937988281,126.16639709472656,54.76620101928711,194.7375030517578
385.7889099121094,124.20960235595703,68.02300262451172,199.20379638671875
387.52288818359375,124.95649719238281,62.91019821166992,195.23129272460938
393.92559814453125,126.50769805908203,56.42959976196289,193.57260131835938
397.7903137207031,130.09970092773438,56.88759994506836,192.69189453125
399.7886962890625,130.2530975341797,50.24470138549805,195.02749633789062
404.8442077636719,129.35169982910156,45.885398864746094,196.52609252929688
407.12298583984375,129.4971923828125,53.700199127197266,199.7801971435547
406.8132019042969,132.54730224609375,52.37710189819336,194.8905029296875
411.3830871582031,131.17379760742188,44.79119873046875,195.79820251464844
411.6059875488281,132.89450073242188,52.31809997558594,193.69900512695312
413.7648010253906,130.51780700683594,47.77579879760742,197.89010620117188
413.631591796875,129.79580688476562,53.5005989074707,199.6728973388672
411.7948913574219,133.9488067626953,59.95920181274414,193.1024932861328
407.4862060546875,133.2642059326172,68.40859985351562,192.27960205078125
404.41119384765625,140.24229431152344,68.65149688720703,191.39610290527344
404.04681396484375,137.3040008544922,61.29140090942383,196.5749969482422
405.02178955078125,137.33740234375,58.06549835205078,194.61219787597656
403.0945129394531,139.41229248046875,59.765899658203125,194.12539672851562
403.6899108886719,138.2169952392578,58.665199279785156,194.6278076171875
404.4971008300781,143.42889404296875,57.53839874267578,190.0355987548828
403.393798828125,136.00770568847656,60.89189910888672,196.8303985595703
402.2309875488281,141.53140258789062,59.572601318359375,195.51499938964844
403.1310119628906,144.2635040283203,48.977901458740234,189.6230010986328
400.69140625,141.58389282226562,57.31779861450195,192.0709991455078
397.11968994140625,141.16050720214844,60.68130111694336,197.835693359375
398.55670166015625,142.10549926757812,60.11289978027344,194.73719787597656
396.1871032714844,141.1522979736328,64.7593002319336,197.3979034423828
394.0527038574219,139.19869995117188,65.1511001586914,196.42669677734375
395.07000732421875,146.49349975585938,62.858299255371094,196.3970947265625
397.052001953125,145.1262969970703,63.493099212646484,195.4508056640625
396.2383117675781,145.6024932861328,64.841796875,193.2736053466797
397.13800048828125,142.5854949951172,65.3135986328125,197.8302001953125
395.2195129394531,143.61270141601562,70.22440338134766,198.9844970703125
395.07440185546875,148.60780334472656,62.894500732421875,197.67649841308594
396.180908203125,145.94720458984375,58.2041015625,195.60220336914062
396.5747985839844,150.4716033935547,58.840301513671875,190.40890502929688
394.90728759765625,149.47669982910156,59.85609817504883,191.86830139160156
396.3821105957031,148.85110473632812,60.16279983520508,193.91799926757812
395.11749267578125,152.51890563964844,59.6697998046875,190.99920654296875
394.6445007324219,148.9178009033203,60.19409942626953,190.67320251464844
393.706787109375,151.2248992919922,62.03499984741211,190.97219848632812
394.00201416015625,153.20089721679688,60.957801818847656,189.24600219726562
392.3266906738281,153.98800659179688,62.662200927734375,190.55450439453125
392.3463134765625,152.95230102539062,62.836299896240234,190.46310424804688
392.480712890625,153.9311981201172,61.42660140991211,189.8582000732422
391.35198974609375,153.46490478515625,65.03510284423828,186.9833984375
393.4703063964844,156.83360290527344,62.70940017700195,184.34100341796875
392.7065124511719,156.23779296875,64.7428970336914,186.97210693359375
392.5555114746094,156.93719482421875,64.66699981689453,187.4250030517578
394.301513671875,155.1107940673828,63.22959899902344,191.39109802246094
396.28448486328125,157.3916015625,63.0443000793457,185.08200073242188
398.4342041015625,155.0019989013672,62.98910140991211,188.98440551757812
397.59869384765625,152.31109619140625,67.95130157470703,193.10650634765625
400.89990234375,159.3675994873047,67.25980377197266,186.64199829101562
406.10260009765625,158.793701171875,63.47809982299805,184.01519775390625
409.5819091796875,162.3614959716797,64.99919891357422,181.7174072265625
411.8456115722656,164.20950317382812,65.22019958496094,178.6042938232422
415.3056945800781,160.3249969482422,63.41590118408203,182.23660278320312
417.1402893066406,157.09449768066406,63.885101318359375,188.2093963623047
417.9596862792969,158.2115936279297,66.61489868164062,185.53179931640625
419.95941162109375,160.1009063720703,68.1344985961914,184.1427001953125
421.9424133300781,155.58779907226562,66.69170379638672,188.53700256347656
421.76251220703125,155.30059814453125,70.75650024414062,189.36070251464844
423.22119140625,158.0688934326172,71.3364028930664,186.6407928466797
427.1195068359375,160.3260040283203,67.82060241699219,180.73980712890625
427.6835021972656,158.54150390625,68.37190246582031,183.76780700683594
427.19769287109375,164.65859985351562,71.14949798583984,178.03480529785156
426.1075134277344,163.46530151367188,74.0259017944336,176.0876007080078
426.8396911621094,159.58729553222656,65.38849639892578,179.31849670410156
427.364990234375,160.07040405273438,62.51679992675781,178.4248046875
427.3525085449219,159.95370483398438,57.087100982666016,180.29029846191406
422.9963073730469,162.7303009033203,67.68879699707031,177.10609436035156
421.54510498046875,171.00439453125,68.9927978515625,166.44580078125
415.6122131347656,171.01559448242188,76.72689819335938,166.1282958984375
412.7799987792969,174.07470703125,79.78309631347656,163.0561065673828
409.1509094238281,180.84010314941406,82.9448013305664,162.07240295410156
408.6017150878906,179.17239379882812,79.10060119628906,157.33169555664062
400.5154113769531,182.97669982910156,87.13760375976562,154.10760498046875
401.24749755859375,176.9228973388672,81.80680084228516,159.86239624023438
395.8503112792969,184.7218017578125,86.966796875,154.96189880371094
391.919189453125,186.7064971923828,85.23500061035156,150.4149932861328
394.3387145996094,180.86480712890625,77.90579986572266,153.63540649414062
387.8616027832031,183.19949340820312,83.09040069580078,157.17709350585938
391.13189697265625,176.79310607910156,74.06410217285156,160.568603515625
392.048095703125,168.9687042236328,68.9530029296875,167.6907958984375
390.881591796875,166.55870056152344,67.39399719238281,172.71510314941406
391.3109130859375,164.18429565429688,63.39699935913086,174.21820068359375
390.6094970703125,158.99229431152344,63.53310012817383,176.84249877929688
390.518310546875,162.97279357910156,53.819400787353516,174.64700317382812
389.1601867675781,160.6757049560547,51.190799713134766,175.57969665527344
387.5685119628906,164.68580627441406,52.92879867553711,171.3927001953125
385.60760498046875,162.2346954345703,52.4838981628418,174.33619689941406
382.4797058105469,164.5218963623047,57.315799713134766,171.2154998779297
379.9350891113281,162.1584014892578,56.29140090942383,174.73460388183594
374.4397888183594,162.32969665527344,61.54779815673828,176.63690185546875
372.2485046386719,161.3365936279297,60.559600830078125,174.6472930908203
368.4289855957031,162.23280334472656,60.10070037841797,175.74440002441406
364.8861999511719,173.2512969970703,59.76259994506836,166.2830047607422
363.8385925292969,164.55419921875,59.7504997253418,171.7779998779297
358.5481872558594,169.74020385742188,62.35639953613281,169.66160583496094
355.78790283203125,164.09530639648438,62.618499755859375,170.09609985351562
351.997802734375,164.20249938964844,60.701698303222656,171.75439453125
348.6344909667969,162.03280639648438,62.57939910888672,174.89210510253906
346.7043151855469,170.3260040283203,64.01920318603516,164.90280151367188
341.52349853515625,167.5814971923828,68.22679901123047,164.92909240722656
342.1684875488281,169.1063995361328,64.8270034790039,165.63259887695312
341.364990234375,166.34060668945312,60.022098541259766,166.84359741210938
341.1986999511719,165.69810485839844,60.3942985534668,170.18890380859375
340.1011962890625,167.9781036376953,61.56999969482422,168.77139282226562
337.8616943359375,172.1352996826172,64.24220275878906,161.14280700683594
336.7311096191406,172.214599609375,63.143798828125,159.9862060546875
336.2132873535156,170.6999053955078,62.04800033569336,163.39979553222656
334.63720703125,172.57119750976562,64.80780029296875,160.70010375976562
331.9276123046875,177.34970092773438,65.26689910888672,153.80520629882812
331.8031921386719,176.2274932861328,61.247798919677734,152.44419860839844
329.0972900390625,175.1571044921875,60.490501403808594,155.24839782714844
327.9350891113281,170.25599670410156,57.33610153198242,158.2404022216797
327.1546936035156,175.03250122070312,53.62919998168945,154.73150634765625
323.68829345703125,170.46170043945312,58.82490158081055,159.69309997558594
323.1546936035156,171.62440490722656,59.84749984741211,158.2613983154297
320.44281005859375,159.59759521484375,51.41189956665039,168.1613006591797
314.9901123046875,154.72360229492188,57.939998626708984,173.1392059326172
312.1614074707031,154.93699645996094,62.75389862060547,175.41180419921875
310.4237976074219,162.9591064453125,64.80349731445312,166.78700256347656
306.9006042480469,157.88510131835938,67.01750183105469,169.4613037109375
306.82470703125,156.72860717773438,65.62069702148438,169.44479370117188
308.5201110839844,158.70899963378906,63.245399475097656,166.0023956298828
305.690185546875,164.560302734375,65.22859954833984,158.88839721679688
304.302001953125,158.62939453125,65.35900115966797,163.64529418945312
302.5332946777344,159.9553985595703,67.85449981689453,163.72450256347656
299.2702941894531,161.83670043945312,72.46320343017578,159.85130310058594
303.3080139160156,158.0771942138672,68.59609985351562,164.78829956054688
303.6687927246094,164.28750610351562,71.15399932861328,158.99630737304688
302.681884765625,165.20700073242188,75.0802993774414,158.82699584960938
305.19390869140625,170.16360473632812,72.84159851074219,154.87939453125
284.50048828125,176.8863067626953,91.98819732666016,150.66610717773438
278.9794921875,171.5550994873047,99.5802993774414,154.06979370117188
279.95098876953125,174.0229034423828,104.2843017578125,151.43370056152344
281.6539001464844,168.1083984375,101.67579650878906,160.12680053710938
290.10400390625,163.64329528808594,94.1001968383789,161.96240234375
298.5791015625,148.35569763183594,81.04299926757812,175.84609985351562
288.6023864746094,138.7180938720703,92.56539916992188,185.6636962890625
295.5921936035156,136.0782012939453,89.33090209960938,185.91490173339844
294.6517028808594,132.34390258789062,91.6261978149414,192.41079711914062
295.64459228515625,130.42230224609375,93.22679901123047,194.9741973876953
295.73968505859375,125.84339904785156,95.5905990600586,198.84959411621094
301.46710205078125,126.06009674072266,86.67790222167969,200.189697265625
302.55279541015625,126.27670288085938,92.69100189208984,195.54690551757812
304.62310791015625,126.00199890136719,88.88760375976562,196.2761993408203
305.0869140625,125.80770111083984,91.408203125,195.6544952392578
305.0057067871094,125.66089630126953,93.74569702148438,197.35780334472656
299.1672058105469,124.7948989868164,102.05879974365234,196.63699340820312
293.0917053222656,130.17529296875,119.43609619140625,192.95559692382812
289.0946044921875,135.47430419921875,141.91549682617188,185.66909790039062
289.02978515625,127.30899810791016,137.1697998046875,194.7469024658203
285.05731201171875,126.6948013305664,149.20860290527344,196.91659545898438
282.5700988769531,134.38510131835938,157.34730529785156,189.5767059326172
283.34490966796875,147.5908966064453,174.36329650878906,169.2938995361328
287.9991149902344,140.277099609375,172.86459350585938,174.45260620117188
287.11700439453125,142.15609741210938,177.4445037841797,173.36639404296875
270.05810546875,155.01939392089844,143.0384063720703,176.2967987060547
282.5133056640625,164.79710388183594,107.17389678955078,160.75779724121094
285.5179138183594,165.35450744628906,79.38500213623047,161.4945068359375
293.3273010253906,166.07589721679688,59.167701721191406,158.1237030029297
295.943115234375,155.49099731445312,55.05939865112305,168.8220977783203
296.5871887207031,157.9846954345703,54.84120178222656,167.125
296.55230712890625,150.17210388183594,52.56370162963867,173.42489624023438
295.30230712890625,154.20089721679688,51.11069869995117,169.83059692382812
297.564208984375,148.5406036376953,42.90760040283203,173.42469787597656
298.5372009277344,147.5836944580078,39.13100051879883,173.1053009033203
299.0548095703125,146.82479858398438,34.97990036010742,177.66259765625
297.62811279296875,145.07879638671875,37.19990158081055,176.8778076171875
295.5242919921875,142.92730712890625,38.3932991027832,180.1584014892578
294.5107116699219,142.35409545898438,37.14030075073242,180.85629272460938
292.99591064453125,145.7947998046875,38.77109909057617,178.4821014404297
290.7591857910156,146.67379760742188,40.458099365234375,173.6864013671875
289.052001953125,145.3144073486328,41.768699645996094,174.99200439453125
286.059814453125,144.98739624023438,43.70009994506836,177.41799926757812
285.03179931640625,143.84640502929688,44.67530059814453,174.7572021484375
282.38800048828125,151.22169494628906,53.78810119628906,169.2362060546875
281.89300537109375,154.4654998779297,51.49340057373047,165.96380615234375
278.97540283203125,156.15699768066406,66.1458969116211,162.852294921875
276.7998046875,169.50390625,79.00550079345703,151.33920288085938
274.0823059082031,164.75990295410156,79.11620330810547,155.22630310058594
275.9464111328125,161.4951934814453,72.3821029663086,161.172607421875
274.1304931640625,171.95889282226562,74.04620361328125,150.63279724121094
271.1282043457031,169.335693359375,81.65360260009766,150.34629821777344
271.1835021972656,173.522705078125,71.83280181884766,145.60389709472656
274.0024108886719,163.868896484375,57.4541015625,156.5424041748047
272.651611328125,158.08740234375,60.0453987121582,160.1020050048828
270.97808837890625,154.6136016845703,70.49620056152344,160.74029541015625
270.6737976074219,162.37060546875,68.55650329589844,157.63340759277344
271.7533874511719,153.95269775390625,64.4645004272461,161.25599670410156
274.3546142578125,147.48939514160156,45.345001220703125,168.3446044921875
276.1864929199219,147.88890075683594,42.24319839477539,169.37339782714844
276.7380065917969,144.6403045654297,39.9182014465332,170.80169677734375
279.8901062011719,144.47869873046875,39.25149917602539,169.8466033935547
279.814697265625,151.30499267578125,41.235599517822266,165.8218994140625
279.62548828125,152.93060302734375,46.315101623535156,162.04800415039062
276.76910400390625,149.3404998779297,53.363399505615234,166.16409301757812
280.4335021972656,150.918701171875,48.041099548339844,163.964599609375
280.46258544921875,144.4680938720703,44.563499450683594,167.78140258789062
276.3725891113281,150.93280029296875,50.64720153808594,162.51080322265625
274.6123962402344,156.75970458984375,53.50899887084961,159.46470642089844
271.1484069824219,147.70289611816406,55.628501892089844,164.79840087890625
272.42120361328125,143.89559936523438,54.165000915527344,165.5821990966797
272.7326965332031,140.80039978027344,50.72100067138672,171.55029296875
274.4291076660156,137.00990295410156,48.41019821166992,171.9571990966797
273.7452087402344,141.3372039794922,46.980899810791016,173.34579467773438
275.9560852050781,139.12989807128906,43.683799743652344,172.97540283203125
273.3857116699219,137.73809814453125,46.48249816894531,171.76780700683594
273.2203063964844,142.714599609375,48.106998443603516,172.39700317382812
273.4525146484375,140.4665069580078,47.42649841308594,171.10499572753906
273.343994140625,145.1392059326172,46.60279846191406,167.66690063476562
272.8703918457031,143.3426971435547,47.70280075073242,169.0155029296875
272.622802734375,140.9116973876953,47.923500061035156,172.7978973388672
269.8369140625,144.15879821777344,52.715301513671875,169.7008056640625
273.9779968261719,145.98129272460938,47.4994010925293,165.9864044189453
273.9815979003906,142.53419494628906,46.57059860229492,169.9561004638672
273.1415100097656,141.70579528808594,47.73249816894531,172.20730590820312
270.0133972167969,142.4832000732422,53.25450134277344,169.32119750976562
273.5963134765625,142.9647979736328,49.205299377441406,171.2852020263672
274.8734130859375,143.1905059814453,48.4202995300293,169.1790008544922
277.9668884277344,142.64120483398438,46.61130142211914,169.5269012451172
277.27410888671875,144.41259765625,48.15290069580078,163.45809936523438
276.7073059082031,142.7259979248047,49.60540008544922,165.14739990234375
279.4529113769531,144.84629821777344,47.22570037841797,162.4217071533203
282.09051513671875,143.08779907226562,46.15079879760742,162.6909942626953
280.90478515625,140.6678924560547,46.93050003051758,165.13839721679688
279.731201171875,144.46389770507812,49.75270080566406,149.75469970703125
279.4820861816406,145.693603515625,50.01959991455078,142.18429565429688
277.0736999511719,145.18490600585938,50.79800033569336,138.72799682617188
279.1637878417969,144.7843017578125,47.72570037841797,144.65040588378906
276.84698486328125,146.74349975585938,51.561798095703125,137.197998046875
276.5896911621094,149.00340270996094,51.30400085449219,137.57699584960938
277.36968994140625,147.13690185546875,50.52119827270508,141.889404296875
277.9114074707031,147.71389770507812,45.599300384521484,138.77639770507812
278.98779296875,147.33360290527344,35.098899841308594,133.56399536132812
273.1942138671875,148.3939971923828,34.67610168457031,124.55110168457031
267.027099609375,149.71209716796875,27.849300384521484,119.70780181884766
264.8505859375,156.08819580078125,24.27120018005371,109.87519836425781
264.0462951660156,159.91610717773438,22.403099060058594,103.18260192871094
260.21551513671875,162.485107421875,22.2185001373291,104.17140197753906
260.4989013671875,166.343505859375,17.529800415039062,98.97789764404297
263.5556945800781,166.9781036376953,28.333499908447266,102.98570251464844
256.8616943359375,164.02049255371094,40.07809829711914,107.13259887695312
253.8824005126953,161.252197265625,42.18109893798828,109.02549743652344
247.57359313964844,162.47439575195312,38.642601013183594,112.24299621582031
244.47000122070312,159.8957977294922,32.73109817504883,116.16500091552734
237.6466064453125,162.02049255371094,29.283000946044922,113.71900177001953
234.189697265625,156.943603515625,25.788700103759766,117.59480285644531
277.1748046875,150.79739379882812,37.320701599121094,117.51129913330078
273.5177917480469,140.82870483398438,43.3474006652832,130.84840393066406
272.56829833984375,139.47669982910156,42.510101318359375,139.22450256347656
266.9732971191406,136.56089782714844,48.340999603271484,150.89999389648438
261.69940185546875,136.27810668945312,51.83879852294922,153.96690368652344
253.2335968017578,133.71420288085938,60.93040084838867,154.57069396972656
257.0869140625,136.3341064453125,56.868499755859375,149.7393035888672
245.66529846191406,133.97569274902344,67.26390075683594,156.79989624023438
247.5832977294922,136.59429931640625,64.51689910888672,149.2303924560547
246.80299377441406,137.37489318847656,62.9547004699707,151.0928955078125
233.99020385742188,139.6708984375,75.19419860839844,146.9927978515625
237.40269470214844,139.41380310058594,72.08830261230469,148.16360473632812
234.22959899902344,136.02810668945312,75.50679779052734,150.5258026123047
237.9116973876953,135.3762969970703,70.09760284423828,151.97259521484375
232.63929748535156,134.9022979736328,74.71050262451172,154.4696044921875
237.34950256347656,140.46749877929688,68.78099822998047,149.49789428710938
233.99349975585938,136.77560424804688,70.92109680175781,148.16470336914062
235.40480041503906,139.30870056152344,70.12200164794922,151.6721954345703
235.07029724121094,138.74530029296875,71.58329772949219,151.78680419921875
237.8350067138672,139.30369567871094,67.5469970703125,154.00210571289062
236.31199645996094,136.33970642089844,67.73490142822266,155.1322021484375
238.88710021972656,140.02310180664062,64.197998046875,153.0500030517578
237.5279998779297,141.93310546875,66.5259017944336,148.16319274902344
239.90879821777344,137.32650756835938,60.51470184326172,151.55029296875
240.99249267578125,138.8179931640625,58.67539978027344,151.1417999267578
242.05999755859375,141.8795928955078,58.299598693847656,147.5561065673828
243.2592010498047,140.13389587402344,54.734500885009766,148.97540283203125
242.6352996826172,138.6490020751953,58.92599868774414,149.93719482421875
243.0695037841797,140.81739807128906,56.613800048828125,149.3135986328125
244.2001953125,139.8824005126953,57.303199768066406,151.4698028564453
246.2384033203125,143.93629455566406,55.913700103759766,145.3271942138672
246.61619567871094,141.17660522460938,55.682498931884766,147.37449645996094
245.1616973876953,137.74710083007812,57.634700775146484,151.3325958251953
248.41639709472656,137.16299438476562,48.98929977416992,153.41409301757812
243.3990936279297,135.27479553222656,57.23860168457031,154.2509002685547
243.91050720214844,142.67140197753906,55.46689987182617,147.9329071044922
247.1219940185547,138.17990112304688,48.09960174560547,154.1342010498047
249.7747039794922,139.00869750976562,46.341400146484375,153.33770751953125
254.2469940185547,139.92250061035156,39.22890090942383,147.9633026123047
256.5863952636719,136.59620666503906,36.91830062866211,155.17730712890625
250.2657012939453,137.7006072998047,47.544498443603516,156.14889526367188
245.72540283203125,140.81500244140625,62.00310134887695,156.78219604492188
242.83169555664062,140.00169372558594,66.57270050048828,160.41380310058594
239.24349975585938,141.79420471191406,68.66840362548828,159.568603515625
236.51840209960938,138.89599609375,70.03230285644531,164.2490997314453
234.5316925048828,139.2111053466797,68.51699829101562,164.05690002441406
230.04769897460938,140.06390380859375,68.38970184326172,162.02760314941406
219.62789916992188,141.82479858398438,76.34220123291016,158.9954071044922
210.91529846191406,140.47540283203125,76.22869873046875,161.856201171875
209.05459594726562,136.14100646972656,87.66940307617188,168.1031951904297
202.0500946044922,135.1551971435547,89.69609832763672,167.53509521484375
195.8144073486328,141.09140014648438,101.39790344238281,164.2877960205078
194.8466033935547,139.9197998046875,96.90339660644531,164.3760986328125
206.8972930908203,142.94129943847656,98.21410369873047,162.2635955810547
184.94720458984375,142.04930114746094,100.10050201416016,166.97940063476562
180.7095947265625,141.6177978515625,114.05509948730469,166.1190948486328
178.96359252929688,139.18359375,120.86409759521484,170.57150268554688
230.11309814453125,158.31739807128906,95.13939666748047,156.96839904785156
241.64169311523438,159.90310668945312,71.86129760742188,155.08920288085938
252.59170532226562,156.93389892578125,49.83489990234375,153.9221954345703
252.93829345703125,160.1002960205078,47.43119812011719,153.2366943359375
250.82009887695312,162.01519775390625,48.39139938354492,147.58200073242188
249.39930725097656,169.5590057373047,50.356998443603516,140.87660217285156
252.95370483398438,158.33799743652344,49.09389877319336,152.38650512695312
251.8170928955078,164.40460205078125,49.60139846801758,146.30169677734375
254.76539611816406,152.71229553222656,48.564300537109375,155.7487030029297
259.131103515625,155.50210571289062,47.25740051269531,154.66400146484375
259.440185546875,153.67379760742188,47.45280075073242,150.62869262695312
262.610107421875,154.0540008544922,46.256900787353516,155.6132049560547
265.3678894042969,151.33770751953125,45.270599365234375,159.45599365234375
267.1549987792969,156.2646942138672,45.325199127197266,155.69749450683594
266.86871337890625,159.83729553222656,46.307701110839844,147.8997039794922
270.16119384765625,158.5207061767578,44.2781982421875,149.7989044189453
270.014892578125,153.90370178222656,44.86289978027344,155.02239990234375
269.86669921875,151.56480407714844,49.609901428222656,154.8905029296875
271.95361328125,149.95750427246094,48.53620147705078,157.29559326171875
271.9772033691406,154.13479614257812,50.34410095214844,150.48890686035156
272.2160949707031,151.31979370117188,50.550899505615234,156.65859985351562
270.6839904785156,153.22509765625,54.72330093383789,152.8000946044922
272.6946105957031,150.1259002685547,54.315399169921875,155.9394989013672
272.6072082519531,145.3656005859375,53.777400970458984,160.7958984375
273.881591796875,146.89149475097656,52.251800537109375,156.13999938964844
276.3940124511719,148.5823974609375,49.69710159301758,156.01229858398438
275.2618103027344,143.97030639648438,52.4276008605957,159.57000732421875
276.985107421875,148.918701171875,51.50230026245117,151.714599609375
280.8821105957031,155.0449981689453,49.46699905395508,152.11849975585938
284.24481201171875,142.36849975585938,45.45090103149414,164.5355987548828
283.6994934082031,138.31390380859375,47.74789810180664,164.58349609375
286.01190185546875,138.04620361328125,48.16400146484375,164.55169677734375
287.5415954589844,141.3614959716797,47.77289962768555,161.0883026123047
290.2466125488281,135.906005859375,47.74789810180664,166.1204071044922
293.3785095214844,139.93789672851562,47.05110168457031,165.24319458007812
294.6422119140625,138.01280212402344,48.052398681640625,166.60240173339844
297.002685546875,140.297607421875,48.0713005065918,164.46189880371094
296.927001953125,143.13150024414062,51.0432014465332,160.9385986328125
298.79119873046875,137.760498046875,49.79790115356445,168.03720092773438
298.9880065917969,136.50909423828125,47.297000885009766,168.9665069580078
297.8941955566406,140.51980590820312,50.9015007019043,164.8625946044922
296.3583068847656,136.95640563964844,52.8734016418457,169.31179809570312
296.84039306640625,139.6529998779297,51.10559844970703,165.95359802246094
296.1120910644531,138.4248046875,50.47710037231445,169.2572021484375
294.4468078613281,132.88839721679688,52.93119812011719,173.11459350585938
294.4971923828125,134.7480926513672,50.30009841918945,169.32679748535156
292.355712890625,137.09129333496094,52.5702018737793,167.4427947998047
290.9725036621094,140.69520568847656,55.16939926147461,165.74000549316406
