1
266.5790100097656,33.640201568603516,66.90489959716797,162.33619689941406
277.70440673828125,31.19379997253418,51.058799743652344,166.68679809570312
281.9754943847656,20.35580062866211,47.54669952392578,165.60159301757812
285.7756042480469,33.802398681640625,43.405799865722656,164.7471923828125
289.0003967285156,29.417299270629883,41.5989990234375,166.41319274902344
293.8063049316406,29.139799118041992,40.73210144042969,167.21629333496094
298.8833923339844,23.717500686645508,35.80939865112305,171.7696075439453
301.5906982421875,21.422199249267578,35.59349822998047,170.3730926513672
301.7229919433594,30.041799545288086,38.129398345947266,161.4261932373047
302.58538818359375,37.27949905395508,39.52519989013672,160.9597930908203
300.7077941894531,27.883800506591797,47.12289810180664,163.818603515625
300.7475891113281,31.241100311279297,52.1963005065918,165.7884979248047
303.2377014160156,25.45680046081543,48.62699890136719,165.91990661621094
303.1437072753906,35.92530059814453,50.117000579833984,161.66409301757812
302.70269775390625,31.538000106811523,52.29169845581055,159.43919372558594
301.96551513671875,38.826698303222656,56.33039855957031,158.20849609375
303.4306945800781,32.55630111694336,54.26890182495117,164.07640075683594
300.7488098144531,31.07080078125,66.47090148925781,164.2126007080078
305.5557861328125,36.447200775146484,60.5890998840332,166.70379638671875
306.5990905761719,35.434898376464844,60.12799835205078,160.82879638671875
306.8169860839844,29.56329917907715,71.57440185546875,168.589599609375
307.6770935058594,28.62929916381836,75.29650115966797,167.92889404296875
309.1400146484375,26.315000534057617,73.85269927978516,173.118896484375
309.3349914550781,36.34870147705078,62.14440155029297,162.1313934326172
307.4809875488281,30.368600845336914,74.00509643554688,164.17039489746094
304.6044006347656,21.662700653076172,94.30460357666016,175.9311981201172
304.06219482421875,21.917800903320312,86.84819793701172,179.17730712890625
307.3966979980469,19.48579978942871,96.9397964477539,176.7178955078125
300.0451965332031,34.081600189208984,95.8760986328125,164.02650451660156
310.218994140625,25.143400192260742,80.86640167236328,164.92950439453125
313.9822082519531,30.068099975585938,68.90969848632812,173.33279418945312
308.8789978027344,32.97959899902344,76.86299896240234,160.0102996826172
309.4670104980469,27.29509925842285,80.42479705810547,167.4105987548828
312.1122131347656,22.240800857543945,89.32869720458984,172.8560028076172
300.8623046875,39.511199951171875,94.1178970336914,166.7989044189453
306.68670654296875,23.991500854492188,97.22820281982422,174.8513946533203
308.4695129394531,27.81089973449707,89.57450103759766,177.48460388183594
312.2481994628906,28.810699462890625,80.37429809570312,173.22689819335938
313.8468017578125,25.395000457763672,75.65290069580078,178.84190368652344
315.181884765625,17.762300491333008,73.1854019165039,182.25779724121094
310.5127868652344,30.008899688720703,78.88459777832031,174.03590393066406
316.3706970214844,22.130699157714844,72.65070343017578,183.06809997558594
317.8572082519531,12.872599601745605,76.02729797363281,188.0115966796875
318.7591857910156,24.917699813842773,75.32710266113281,179.52310180664062
324.1747131347656,16.218700408935547,71.17790222167969,188.89559936523438
325.7013854980469,16.45949935913086,72.50250244140625,188.2091064453125
326.7904968261719,23.154199600219727,72.61280059814453,180.14390563964844
331.66668701171875,16.00480079650879,65.74220275878906,183.43820190429688
333.6299133300781,16.520299911499023,63.95869827270508,188.5135955810547
335.3457946777344,23.24410057067871,62.06999969482422,178.74530029296875
335.74951171875,36.7421989440918,61.805198669433594,164.14019775390625
335.0704040527344,31.673599243164062,60.37220001220703,168.70970153808594
335.0882873535156,26.54520034790039,63.83549880981445,176.26719665527344
333.976806640625,24.048999786376953,63.29010009765625,177.86610412597656
334.6415100097656,22.324899673461914,62.604801177978516,182.05740356445312
335.4223937988281,22.34149932861328,61.152198791503906,180.00979614257812
333.31671142578125,20.521799087524414,66.00659942626953,182.314697265625
336.3768005371094,15.618200302124023,62.78499984741211,183.172607421875
335.70001220703125,15.279500007629395,61.802398681640625,184.9553985595703
333.17041015625,10.037300109863281,67.27459716796875,190.13250732421875
336.0848083496094,7.971799850463867,62.38589859008789,191.2613983154297
339.5343017578125,8.574899673461914,58.947601318359375,189.80149841308594
339.9447021484375,5.151800155639648,58.2672004699707,189.8489990234375
339.84149169921875,5.019599914550781,58.86579895019531,189.23480224609375
336.2409973144531,4.997499942779541,63.79669952392578,188.20880126953125
336.5860900878906,4.59060001373291,66.06629943847656,188.40139770507812
333.3616943359375,2.8034000396728516,72.10479736328125,186.5561981201172
342.01031494140625,9.07409954071045,61.83219909667969,180.1768035888672
337.44049072265625,5.433300018310547,66.66850280761719,183.0511016845703
338.789306640625,7.634399890899658,63.875999450683594,176.96170043945312
343.90069580078125,14.076399803161621,61.06669998168945,169.0802001953125
342.9989013671875,12.39840030670166,60.263999938964844,167.4945068359375
343.347412109375,13.194499969482422,60.0968017578125,163.17759704589844
350.72601318359375,19.973100662231445,51.595401763916016,155.57130432128906
356.7662048339844,17.10849952697754,44.37329864501953,150.87669372558594
353.26031494140625,19.75480079650879,50.318199157714844,153.89120483398438
346.51458740234375,15.90880012512207,58.061500549316406,153.15310668945312
345.2255859375,16.928699493408203,60.91590118408203,154.16990661621094
346.80279541015625,13.618300437927246,58.69150161743164,153.77520751953125
355.052001953125,16.481800079345703,48.5255012512207,149.4228057861328
354.88861083984375,20.946699142456055,48.86309814453125,150.31480407714844
352.72430419921875,19.898300170898438,51.12030029296875,151.24270629882812
348.2911071777344,15.946900367736816,58.242698669433594,150.868896484375
345.6506042480469,16.64299964904785,60.43949890136719,159.62249755859375
346.77069091796875,12.801899909973145,59.75080108642578,154.8614959716797
348.152587890625,17.555400848388672,58.6598014831543,153.44369506835938
345.8919982910156,16.704500198364258,61.77629852294922,157.61830139160156
349.9595031738281,19.93899917602539,56.1880989074707,156.15750122070312
352.5722961425781,17.90760040283203,53.00600051879883,155.53269958496094
348.5585021972656,18.609100341796875,58.750701904296875,157.16079711914062
350.5137023925781,14.740099906921387,55.479000091552734,163.5924072265625
354.5591125488281,10.6072998046875,50.62269973754883,167.84959411621094
354.19610595703125,13.882699966430664,51.0984992980957,162.826904296875
353.3568115234375,21.595699310302734,52.01219940185547,159.06100463867188
355.1885070800781,20.11370086669922,52.41120147705078,158.61410522460938
349.9244079589844,29.176000595092773,57.66299819946289,155.39990234375
351.3309020996094,19.406299591064453,58.99250030517578,157.07650756835938
350.0837097167969,28.235200881958008,59.434200286865234,157.28140258789062
352.3475036621094,21.173500061035156,57.0161018371582,160.4373016357422
356.75799560546875,14.954000473022461,52.06269836425781,165.3721923828125
344.11968994140625,20.37700080871582,67.28079986572266,157.41290283203125
351.2146911621094,22.327600479125977,60.361698150634766,157.45750427246094
349.6973876953125,24.96500015258789,61.64120101928711,153.8769073486328
348.898193359375,22.549400329589844,62.38710021972656,156.9138946533203
349.12939453125,25.225900650024414,63.016300201416016,154.0601043701172
350.9689025878906,23.581199645996094,60.84429931640625,154.84170532226562
354.05059814453125,30.45949935913086,54.102500915527344,151.16099548339844
353.755615234375,24.815399169921875,56.84080123901367,155.6710968017578
355.8924865722656,30.188600540161133,49.64440155029297,148.53529357910156
353.5338134765625,24.684799194335938,60.74610137939453,157.0247039794922
356.01220703125,27.836700439453125,53.94599914550781,152.1614990234375
357.3550109863281,27.687400817871094,51.92100143432617,154.21090698242188
358.2255859375,29.493900299072266,47.50239944458008,154.47239685058594
358.18951416015625,28.62019920349121,49.403900146484375,151.75059509277344
356.9064025878906,20.083999633789062,59.90840148925781,161.30360412597656
355.2650146484375,32.61220169067383,56.49729919433594,148.4210968017578
358.6726989746094,31.69529914855957,53.239898681640625,151.5124969482422
359.26031494140625,29.9601993560791,47.0098991394043,151.2633056640625
356.87939453125,38.5880012512207,47.67369842529297,147.96490478515625
358.3916931152344,34.660301208496094,42.206600189208984,144.30209350585938
355.3492126464844,38.190399169921875,42.46220016479492,142.00680541992188
354.0262145996094,35.95159912109375,44.18349838256836,141.47970581054688
354.23760986328125,39.03179931640625,41.42729949951172,139.59410095214844
354.072509765625,41.08409881591797,37.973899841308594,138.31610107421875
352.8888854980469,42.73740005493164,35.88999938964844,133.239501953125
352.1908874511719,39.41559982299805,35.592899322509766,136.7696990966797
350.5002136230469,43.4557991027832,36.3577995300293,133.7812957763672
350.0526123046875,38.82609939575195,36.09159851074219,134.3603973388672
347.9435119628906,44.336299896240234,37.49909973144531,133.9945068359375
347.2986145019531,42.31290054321289,36.441898345947266,132.81100463867188
346.8468933105469,41.84080123901367,37.224998474121094,131.14199829101562
343.268798828125,42.601898193359375,39.352901458740234,129.92880249023438
343.53228759765625,43.226200103759766,38.113800048828125,128.85910034179688
341.7019958496094,40.55509948730469,35.18389892578125,127.756103515625
338.8924865722656,40.2036018371582,38.312400817871094,130.7313995361328
337.67919921875,39.043800354003906,36.590301513671875,127.75150299072266
335.38079833984375,39.98099899291992,37.05509948730469,127.48829650878906
333.60101318359375,36.79970169067383,36.50590133666992,128.0030975341797
333.855712890625,38.30070114135742,35.12699890136719,127.2615966796875
330.8421936035156,38.3120002746582,36.382999420166016,127.4021987915039
329.685302734375,33.94580078125,36.95429992675781,129.8583984375
325.6990051269531,35.88290023803711,39.66419982910156,128.58180236816406
325.6141052246094,33.749698638916016,37.57500076293945,129.283203125
322.2908020019531,35.8672981262207,40.2318000793457,128.29840087890625
322.9834899902344,35.26369857788086,36.71860122680664,126.86499786376953
317.6980895996094,35.891998291015625,44.49760055541992,126.38040161132812
317.9945068359375,35.27170181274414,42.22520065307617,126.37930297851562
316.8169860839844,38.502601623535156,41.46149826049805,131.8874053955078
316.32940673828125,34.820701599121094,40.965999603271484,128.63360595703125
315.04681396484375,38.22529983520508,38.72700119018555,128.5308074951172
314.2817077636719,37.349098205566406,37.84360122680664,123.44609832763672
311.40631103515625,39.352699279785156,40.353599548339844,124.77469635009766
310.9497985839844,36.19160079956055,39.01029968261719,125.88719940185547
310.44140625,37.89870071411133,38.140098571777344,125.98320007324219
309.864013671875,36.548500061035156,34.33150100708008,126.16470336914062
307.680908203125,38.3302001953125,38.00130081176758,124.97840118408203
306.673095703125,36.187801361083984,37.15739822387695,127.63729858398438
304.8454895019531,37.5994987487793,35.27989959716797,126.1864013671875
306.2659912109375,35.79600143432617,33.712100982666016,126.31069946289062
302.6695861816406,38.170799255371094,34.8489990234375,127.01570129394531
303.43109130859375,37.99089813232422,34.64229965209961,126.30249786376953
302.0462951660156,37.199100494384766,34.153099060058594,128.22019958496094
297.6606140136719,35.70869827270508,36.437400817871094,128.847900390625
285.24798583984375,40.34510040283203,48.76359939575195,124.95439910888672
281.1167907714844,32.56039810180664,50.071998596191406,130.06179809570312
274.323486328125,34.95539855957031,56.155601501464844,132.40170288085938
270.2278137207031,32.645301818847656,59.574798583984375,131.65769958496094
269.6083984375,38.94960021972656,59.90439987182617,130.1717987060547
270.83428955078125,37.444400787353516,58.046199798583984,130.7082977294922
273.948486328125,35.13740158081055,52.89979934692383,133.0749053955078
273.3648986816406,35.527198791503906,52.86280059814453,134.04150390625
273.2167053222656,40.32310104370117,50.479400634765625,133.94859313964844
277.9390869140625,36.77519989013672,44.46979904174805,131.51739501953125
278.269287109375,37.525299072265625,43.31449890136719,138.40370178222656
279.6383972167969,35.301998138427734,43.62480163574219,132.40139770507812
279.6347961425781,38.64120101928711,45.16379928588867,138.82310485839844
279.25628662109375,44.377201080322266,44.36690139770508,134.7996063232422
280.34869384765625,41.78839874267578,44.349998474121094,133.4730987548828
279.0975036621094,45.21760177612305,51.21549987792969,137.09359741210938
277.7174072265625,39.30099868774414,52.77669906616211,130.94140625
278.5596008300781,48.41279983520508,52.527000427246094,134.29159545898438
278.3844909667969,44.77539825439453,54.96689987182617,127.55139923095703
280.460693359375,46.337398529052734,54.497798919677734,133.51229858398438
280.7384948730469,38.99300003051758,56.188201904296875,134.7156982421875
279.3240051269531,47.021400451660156,62.074798583984375,137.46009826660156
278.364013671875,44.15190124511719,64.95989990234375,134.6992950439453
283.50689697265625,41.625999450683594,57.64099884033203,134.63699340820312
281.7860107421875,44.99869918823242,61.47829818725586,139.15699768066406
282.3035888671875,42.603599548339844,59.74760055541992,133.57530212402344
282.0067138671875,48.9734992980957,61.3754997253418,138.88040161132812
278.6589050292969,38.14590072631836,70.86609649658203,135.50750732421875
278.3121032714844,41.22829818725586,75.46240234375,141.3892059326172
279.04510498046875,43.47650146484375,73.5813980102539,129.83839416503906
280.4444885253906,42.89970016479492,69.55970001220703,130.41470336914062
277.9202880859375,49.36119842529297,76.05770111083984,129.21730041503906
279.4205017089844,38.91080093383789,74.10199737548828,138.98590087890625
280.41571044921875,38.68259811401367,69.95220184326172,137.67160034179688
278.9136962890625,44.15370178222656,70.79830169677734,133.5706024169922
275.6477966308594,38.379600524902344,79.78299713134766,137.06069946289062
278.96551513671875,37.179100036621094,75.06179809570312,139.36050415039062
277.2025146484375,41.619998931884766,80.25279998779297,134.1894073486328
280.4729919433594,43.25510025024414,76.37830352783203,130.69459533691406
282.18798828125,46.15399932861328,76.51509857177734,129.63400268554688
285.068603515625,38.98059844970703,80.36190032958984,138.1031036376953
289.5834045410156,37.413299560546875,73.01080322265625,137.1929931640625
290.7416076660156,39.956199645996094,72.67729949951172,137.46229553222656
293.16558837890625,38.44940185546875,76.01390075683594,137.05850219726562
294.5387878417969,37.24340057373047,74.50129699707031,131.56520080566406
297.88189697265625,44.748600006103516,69.9634017944336,127.95210266113281
300.5306091308594,44.14849853515625,71.46289825439453,131.1938934326172
304.9981994628906,39.33570098876953,66.7947006225586,133.33639526367188
306.2471008300781,43.290401458740234,65.74690246582031,131.75270080566406
311.3971862792969,42.961700439453125,58.368499755859375,131.68899536132812
312.63641357421875,40.13610076904297,59.326698303222656,126.01950073242188
312.6554870605469,42.73619842529297,62.628299713134766,135.50999450683594
316.0047912597656,40.9281005859375,56.355499267578125,131.87890625
315.2250061035156,44.18989944458008,60.310699462890625,134.6201934814453
316.5022888183594,38.440799713134766,61.11040115356445,135.68649291992188
320.8568115234375,43.173099517822266,53.75410079956055,134.1029052734375
320.4659118652344,45.897701263427734,55.38029861450195,128.07589721679688
324.2987976074219,42.77880096435547,47.257198333740234,134.222900390625
324.6271057128906,43.47909927368164,47.69329833984375,130.08670043945312
321.70660400390625,44.217201232910156,54.10449981689453,132.7375030517578
316.9538879394531,38.020599365234375,60.465301513671875,134.22439575195312
325.58209228515625,50.138099670410156,46.097900390625,133.20590209960938
325.0242919921875,42.784698486328125,45.68769836425781,131.06109619140625
324.7257995605469,37.90119934082031,48.04790115356445,134.2198028564453
327.37701416015625,41.823299407958984,47.36589813232422,136.2032012939453
330.8319091796875,41.80929946899414,44.0609016418457,132.7935028076172
330.576904296875,46.355499267578125,43.29800033569336,130.8415069580078
331.0419006347656,45.68960189819336,43.63529968261719,130.47689819335938
330.6885070800781,46.95240020751953,44.07360076904297,130.88980102539062
329.373291015625,48.958099365234375,44.45180130004883,129.6990966796875
329.716796875,53.52399826049805,45.97520065307617,123.31390380859375
330.4674987792969,57.14509963989258,45.4817008972168,119.48049926757812
329.33599853515625,52.03049850463867,47.556800842285156,119.6947021484375
326.6798095703125,49.352298736572266,51.951698303222656,125.9457015991211
325.78741455078125,43.4567985534668,55.35219955444336,132.18370056152344
322.2384948730469,45.2318000793457,61.14250183105469,128.38079833984375
320.7677917480469,42.40950012207031,66.89409637451172,132.3769073486328
320.2861022949219,41.80820083618164,66.24189758300781,134.93280029296875
316.87939453125,45.80979919433594,68.81430053710938,130.32839965820312
316.1242980957031,40.21110153198242,63.51969909667969,134.91749572753906
315.0542907714844,42.94449996948242,64.50640106201172,132.14990234375
314.96630859375,40.07429885864258,49.624000549316406,133.85560607910156
331.7113952636719,42.592498779296875,55.98590087890625,130.80369567871094
320.2405090332031,37.545501708984375,64.66889953613281,134.84930419921875
317.4577941894531,36.672401428222656,49.085201263427734,138.47120666503906
336.6852111816406,49.03710174560547,53.777198791503906,125.96479797363281
363.5448913574219,60.98569869995117,38.26599884033203,114.16010284423828
370.5028991699219,64.22599792480469,31.051300048828125,109.05590057373047
372.05340576171875,62.93600082397461,34.73809814453125,109.7655029296875
375.04229736328125,63.48740005493164,31.696800231933594,110.21179962158203
377.6896057128906,62.94960021972656,30.51689910888672,109.42669677734375
381.7903137207031,62.863399505615234,29.804399490356445,108.06210327148438
383.7518005371094,64.53569793701172,29.39419937133789,108.20210266113281
386.6643981933594,62.77909851074219,28.125699996948242,110.22820281982422
388.37799072265625,62.05580139160156,29.982500076293945,108.93350219726562
390.6169128417969,64.81529998779297,28.164600372314453,109.0365982055664
394.8103942871094,62.69729995727539,25.217100143432617,111.26429748535156
393.8595886230469,64.01809692382812,33.257198333740234,110.14640045166016
395.24639892578125,65.93470001220703,33.89910125732422,109.51190185546875
397.0779113769531,63.180999755859375,29.96109962463379,110.35260009765625
398.41009521484375,63.5625,30.3164005279541,110.65599822998047
399.1348876953125,61.957298278808594,30.196399688720703,111.41349792480469
397.9984130859375,61.442298889160156,31.64940071105957,109.75499725341797
392.218505859375,66.13990020751953,41.59199905395508,108.91680145263672
392.326904296875,62.23189926147461,39.99769973754883,111.68810272216797
389.04150390625,64.50959777832031,44.000099182128906,111.19490051269531
388.6221008300781,68.17469787597656,43.320701599121094,105.40480041503906
384.0610046386719,68.61219787597656,46.355899810791016,109.64540100097656
385.5555114746094,66.51509857177734,44.493499755859375,108.03350067138672
389.4368896484375,67.26180267333984,39.109100341796875,108.14409637451172
395.25189208984375,68.50279998779297,28.326000213623047,109.8761978149414
392.98651123046875,68.90149688720703,28.3887996673584,108.81829833984375
392.8345031738281,65.92539978027344,29.904600143432617,108.98580169677734
393.4836120605469,70.62740325927734,27.861799240112305,109.72450256347656
388.7333068847656,70.48539733886719,34.01139831542969,107.65599822998047
388.24700927734375,71.92890167236328,34.143001556396484,110.4188003540039
384.74029541015625,70.89230346679688,40.82529830932617,112.51229858398438
385.08648681640625,74.10929870605469,38.345699310302734,113.37640380859375
385.41619873046875,76.19270324707031,38.204898834228516,110.73030090332031
384.5057067871094,80.7522964477539,39.266300201416016,108.80290222167969
383.1258850097656,82.6415023803711,44.0442008972168,109.56849670410156
389.96270751953125,79.71640014648438,36.44670104980469,115.55889892578125
388.71148681640625,76.00569915771484,39.948299407958984,119.58779907226562
386.56170654296875,74.04730224609375,45.065101623535156,123.63069915771484
386.3901062011719,74.7063980102539,43.63240051269531,124.70379638671875
381.2887878417969,64.32430267333984,59.03020095825195,136.80630493164062
378.45208740234375,69.07160186767578,61.63059997558594,136.639404296875
381.0592041015625,58.43119812011719,53.83509826660156,140.3592071533203
375.3905944824219,68.93890380859375,60.81779861450195,135.273193359375
367.2286071777344,80.37580108642578,66.25250244140625,127.81189727783203
371.6050109863281,69.84619903564453,59.422698974609375,136.8592987060547
370.4126892089844,79.79570007324219,58.68949890136719,129.99229431152344
370.3424072265625,76.84120178222656,57.21969985961914,132.6540985107422
368.5335998535156,78.6865005493164,56.97700119018555,132.84449768066406
373.4923095703125,71.5873031616211,49.6869010925293,138.86849975585938
375.014892578125,66.48799896240234,46.393001556396484,144.62730407714844
373.2025146484375,67.90859985351562,47.380699157714844,141.6219940185547
371.3689880371094,71.78269958496094,50.272499084472656,140.62289428710938
372.0508117675781,73.63849639892578,50.090999603271484,136.8292999267578
368.7591857910156,69.97019958496094,53.75360107421875,139.98880004882812
373.6706848144531,71.84349822998047,47.181400299072266,139.8979034423828
370.2820129394531,69.9052963256836,53.10070037841797,141.0500030517578
369.63140869140625,74.63670349121094,53.97529983520508,138.69920349121094
368.8265075683594,71.96530151367188,55.811500549316406,138.43890380859375
366.0058898925781,74.92150115966797,59.904998779296875,138.65609741210938
359.16229248046875,75.51599884033203,66.40160369873047,135.41969299316406
359.6617126464844,75.82319641113281,63.41910171508789,137.5959014892578
364.0286865234375,72.8113021850586,58.99190139770508,136.9517059326172
364.6409912109375,72.52749633789062,57.686100006103516,142.62660217285156
369.58551025390625,72.5062026977539,51.57320022583008,138.50489807128906
363.7091064453125,75.9832992553711,56.81890106201172,141.06700134277344
366.97430419921875,78.78019714355469,53.6349983215332,139.66639709472656
370.2265930175781,81.52529907226562,47.74660110473633,139.73519897460938
364.9206848144531,83.00830078125,53.16740036010742,143.5789031982422
359.4418029785156,85.79620361328125,58.415000915527344,139.147705078125
361.71929931640625,85.87809753417969,53.29990005493164,141.2332000732422
362.8904113769531,89.26529693603516,48.688201904296875,142.60069274902344
359.3931884765625,90.92549896240234,51.73440170288086,141.3715057373047
359.5122985839844,95.26719665527344,49.879600524902344,139.8878936767578
353.19140625,94.07140350341797,56.90959930419922,140.37989807128906
351.2449951171875,96.63150024414062,57.095001220703125,141.5355987548828
353.902587890625,96.66190338134766,51.26530075073242,141.55589294433594
351.4236145019531,98.31690216064453,48.146400451660156,143.80630493164062
367.12060546875,125.31289672851562,50.64929962158203,126.69120025634766
358.04119873046875,110.8467025756836,51.244300842285156,129.8105926513672
362.30889892578125,139.31019592285156,50.090999603271484,109.30699920654297
365.5220031738281,146.74969482421875,48.40359878540039,93.8290023803711
361.82769775390625,152.7845001220703,56.72159957885742,89.82830047607422
368.9490966796875,151.86390686035156,44.08100128173828,91.84249877929688
369.8059997558594,146.05679321289062,36.10390090942383,92.74530029296875
369.3186950683594,147.19219970703125,34.32830047607422,98.05940246582031
367.6413879394531,143.71539306640625,36.77830123901367,97.72209930419922
366.84649658203125,148.79550170898438,37.40409851074219,95.0718002319336
366.4140930175781,146.33509826660156,35.542701721191406,97.57579803466797
368.1662902832031,144.25819396972656,34.43899917602539,98.50769805908203
366.56170654296875,143.95460510253906,34.33330154418945,99.002197265625
364.0716857910156,142.35069274902344,33.00490188598633,99.35669708251953
358.7680969238281,139.09959411621094,39.339698791503906,104.19110107421875
356.40460205078125,141.6591033935547,37.52410125732422,100.2345962524414
357.5343933105469,135.1417999267578,37.19369888305664,106.464599609375
359.4303894042969,129.7960968017578,35.04930114746094,111.7428970336914
358.9377136230469,127.4811019897461,35.092201232910156,110.38410186767578
358.8526916503906,127.25700378417969,35.72529983520508,113.40760040283203
355.7181091308594,126.79750061035156,39.06529998779297,114.68119812011719
348.8511047363281,126.76200103759766,50.60070037841797,115.689697265625
345.185302734375,122.18569946289062,54.77510070800781,122.58049774169922
335.7301940917969,111.6395034790039,65.93360137939453,135.13729858398438
331.66119384765625,98.018798828125,70.3823013305664,149.83290100097656
330.0564880371094,96.68009948730469,74.23600006103516,152.94729614257812
331.00738525390625,95.68170166015625,72.69429779052734,157.4541015625
332.9598083496094,93.51249694824219,70.24669647216797,159.45150756835938
334.3393859863281,92.02899932861328,69.63729858398438,160.7406005859375
328.7236022949219,92.85279846191406,77.65650177001953,161.0832977294922
322.2929992675781,97.1355972290039,86.01490020751953,161.0749053955078
325.5661926269531,102.8687973022461,83.32430267333984,157.6405029296875
326.9830017089844,101.83380126953125,85.96810150146484,161.5841064453125
323.1199951171875,101.981201171875,88.3501968383789,160.92340087890625
324.1430969238281,99.74870300292969,87.31729888916016,165.1710968017578
319.3692932128906,104.42579650878906,93.5553970336914,162.02110290527344
307.1383056640625,106.17379760742188,108.75969696044922,161.08740234375
340.17401123046875,101.45989990234375,83.24739837646484,168.96600341796875
346.50970458984375,100.42130279541016,72.33899688720703,170.6345977783203
353.4414978027344,87.58319854736328,61.5806999206543,181.24510192871094
346.5755920410156,90.58879852294922,73.75340270996094,180.20150756835938
344.6308898925781,91.35810089111328,76.3136978149414,179.5196990966797
348.4552001953125,88.12640380859375,71.25489807128906,182.18580627441406
344.6455993652344,87.0907974243164,77.45279693603516,180.9853057861328
345.5780944824219,84.32820129394531,74.8386001586914,184.1112060546875
347.4254150390625,78.51190185546875,67.40390014648438,187.23399353027344
347.1131896972656,77.89679718017578,72.24710083007812,191.39990234375
349.4236145019531,74.90709686279297,68.85579681396484,192.8076934814453
340.1278076171875,76.77069854736328,78.19539642333984,192.50830078125
345.3789978027344,75.32330322265625,72.00299835205078,194.51600646972656
345.87469482421875,73.27149963378906,71.7885971069336,199.3336944580078
349.7763977050781,71.8738021850586,68.53199768066406,201.56239318847656
350.693603515625,70.63770294189453,68.76719665527344,202.077392578125
342.5021057128906,72.1781997680664,79.05159759521484,205.16749572753906
348.82110595703125,67.31790161132812,71.68920135498047,199.08859252929688
353.2970886230469,62.84989929199219,66.29879760742188,202.4967041015625
364.9761962890625,93.3563003540039,85.4822006225586,187.893798828125
351.49420166015625,71.0167007446289,73.03919982910156,210.93380737304688
354.6416931152344,66.63379669189453,69.34619903564453,213.452392578125
347.7940979003906,63.52510070800781,79.02899932861328,218.01890563964844
344.5692138671875,61.245601654052734,88.59600067138672,219.69569396972656
342.1653137207031,63.574798583984375,83.7593994140625,215.7772979736328
344.468994140625,53.8317985534668,88.33329772949219,227.5751953125
341.19000244140625,55.11750030517578,93.57689666748047,224.38299560546875
343.6252136230469,54.00019836425781,92.36920166015625,224.8592987060547
346.2496032714844,54.310699462890625,90.42880249023438,225.17250061035156
344.97088623046875,53.621700286865234,93.8010025024414,225.99119567871094
345.49560546875,52.816898345947266,93.88610076904297,230.1168975830078
345.8843078613281,48.235599517822266,94.6364974975586,231.13259887695312
347.5465087890625,49.22380065917969,93.41510009765625,236.42779541015625
342.3009033203125,49.085201263427734,97.87239837646484,236.27560424804688
340.9901123046875,46.32740020751953,101.83209991455078,236.45570373535156
339.9119873046875,46.1968994140625,97.94599914550781,235.79100036621094
347.35198974609375,45.04410171508789,98.30789947509766,237.28700256347656
354.0574035644531,37.87289810180664,89.56510162353516,239.0167999267578
356.3905029296875,37.345699310302734,88.84880065917969,248.81739807128906
348.1061096191406,39.790199279785156,101.29190063476562,248.96710205078125
344.14569091796875,42.50410079956055,108.78109741210938,244.3376007080078
348.1361999511719,41.50979995727539,103.65039825439453,242.79190063476562
349.4596862792969,40.529300689697266,102.17109680175781,250.77810668945312
351.2793884277344,39.560001373291016,100.33709716796875,242.84410095214844
355.705810546875,43.023799896240234,99.63690185546875,243.38670349121094
361.1653137207031,33.34280014038086,89.98470306396484,255.10719299316406
361.15289306640625,28.434799194335938,92.6083984375,258.96551513671875
354.76019287109375,32.14149856567383,101.79319763183594,258.6123962402344
359.2528076171875,37.30400085449219,96.8302993774414,258.4866943359375
356.2268981933594,45.63589859008789,102.154296875,247.76849365234375
360.0845031738281,46.20029830932617,96.69599914550781,247.57119750976562
364.5714111328125,38.812400817871094,90.77140045166016,256.6785888671875
350.37451171875,46.213199615478516,111.64600372314453,251.5377960205078
356.4902038574219,42.799800872802734,106.1353988647461,250.79029846191406
358.0508117675781,43.18669891357422,108.77339935302734,248.56979370117188
359.426513671875,43.809898376464844,109.37760162353516,255.01829528808594
368.39990234375,41.4822998046875,101.94730377197266,253.6981964111328
370.23260498046875,40.58000183105469,101.17330169677734,256.7533874511719
373.8695983886719,42.588199615478516,99.48690032958984,253.60440063476562
373.57659912109375,43.87260055541992,101.55180358886719,254.93870544433594
370.260009765625,44.45880126953125,107.6626968383789,255.48170471191406
373.152587890625,42.497398376464844,105.42109680175781,254.6374053955078
375.8057861328125,39.47100067138672,104.50330352783203,255.74859619140625
375.7149963378906,41.041099548339844,105.78050231933594,249.15570068359375
393.84619140625,23.416000366210938,87.58519744873047,261.01519775390625
395.0979919433594,25.936399459838867,86.5885009765625,260.218505859375
388.2091979980469,19.80780029296875,96.41310119628906,265.8421936035156
384.34649658203125,23.618999481201172,100.22450256347656,259.3229064941406
383.9580993652344,23.42259979248047,100.98570251464844,261.2847900390625
389.09149169921875,24.833999633789062,96.97750091552734,258.5994873046875
395.4953918457031,28.86590003967285,91.55480194091797,259.09381103515625
396.0732116699219,32.72610092163086,94.44989776611328,261.489013671875
387.2784118652344,37.13930130004883,104.0811996459961,259.1754150390625
392.4464111328125,36.411399841308594,98.27850341796875,252.78660583496094
397.9513854980469,42.24290084838867,95.14559936523438,257.4117126464844
393.8016052246094,47.05950164794922,98.80599975585938,252.94309997558594
398.3887939453125,40.47249984741211,95.17960357666016,263.7001953125
396.2347106933594,46.182098388671875,97.13809967041016,256.8450927734375
399.4796142578125,46.519500732421875,94.91120147705078,255.0670928955078
400.7416076660156,43.96620178222656,96.32669830322266,261.2244873046875
398.8471984863281,47.90119934082031,98.52010345458984,260.4631042480469
399.0798034667969,46.80189895629883,100.18470001220703,257.1348876953125
400.7007141113281,45.80139923095703,100.581298828125,261.6453857421875
397.8309020996094,50.79180145263672,104.18609619140625,255.47479248046875
395.8226013183594,54.354000091552734,110.89869689941406,251.7053985595703
402.72918701171875,52.01020050048828,105.2052001953125,253.63470458984375
405.6614990234375,49.424198150634766,105.23049926757812,250.75369262695312
404.9612121582031,51.445701599121094,107.53929901123047,256.6995849609375
411.904296875,44.6328010559082,102.67559814453125,260.1982116699219
415.7041015625,46.76219940185547,98.82929992675781,262.58990478515625
418.7419128417969,44.37049865722656,96.22530364990234,264.8309020996094
420.9997863769531,49.1869010925293,96.55490112304688,259.714111328125
420.16339111328125,49.362300872802734,99.67630004882812,260.7279052734375
417.3377990722656,49.51530075073242,103.84490203857422,256.7135009765625
425.0127868652344,46.51110076904297,96.35050201416016,266.912109375
423.78619384765625,50.270999908447266,99.79039764404297,265.16339111328125
423.2701110839844,49.42599868774414,100.30879974365234,259.0508117675781
423.7388916015625,53.62080001831055,101.54740142822266,263.9291076660156
424.78228759765625,52.32490158081055,100.9030990600586,256.1769104003906
421.3671875,50.629600524902344,108.03970336914062,261.47430419921875
417.8421936035156,49.48569869995117,114.09390258789062,260.46539306640625
421.5632019042969,47.60340118408203,111.42359924316406,267.43780517578125
421.6846923828125,51.220699310302734,110.86969757080078,267.8132019042969
426.49798583984375,62.4380989074707,105.32569885253906,257.3352966308594
426.2294006347656,51.04130172729492,106.1626968383789,263.2615051269531
420.3293151855469,55.699100494384766,114.74349975585938,257.5138854980469
418.9917907714844,57.03310012817383,115.822998046875,257.56689453125
418.1637878417969,55.85329818725586,121.62010192871094,253.48899841308594
416.84619140625,59.64310073852539,125.27230072021484,256.0097961425781
422.8512878417969,56.76490020751953,114.69539642333984,256.5504150390625
426.89581298828125,51.79169845581055,107.44619750976562,260.9587097167969
426.65618896484375,46.855499267578125,109.6458969116211,263.1919860839844
427.17840576171875,57.019500732421875,110.7885971069336,262.0542907714844
423.8651123046875,44.54249954223633,112.55159759521484,262.7206115722656
420.2502136230469,46.49589920043945,116.06420135498047,258.1986083984375
423.755615234375,51.55979919433594,110.62370300292969,260.6046142578125
422.6684875488281,47.497398376464844,109.24909973144531,252.7220001220703
420.2952880859375,47.4906005859375,112.49620056152344,258.34710693359375
422.5531921386719,43.988399505615234,108.26969909667969,250.57760620117188
412.3341064453125,43.95709991455078,116.73410034179688,255.0500946044922
414.9216003417969,37.3927001953125,111.84960174560547,254.96400451660156
411.70001220703125,40.150299072265625,112.09770202636719,252.13710021972656
407.5209045410156,29.66710090637207,116.69259643554688,255.9868927001953
408.893310546875,24.950000762939453,112.92109680175781,259.6404113769531
406.0679931640625,29.74340057373047,120.83419799804688,257.01690673828125
406.83819580078125,25.720600128173828,117.01439666748047,250.19869995117188
412.5331115722656,18.015399932861328,108.52200317382812,252.84320068359375
411.4617004394531,15.986700057983398,112.69000244140625,260.8539123535156
405.88299560546875,15.405200004577637,120.33509826660156,249.0906982421875
408.8760070800781,13.887100219726562,117.03929901123047,260.6697998046875
411.95098876953125,10.052499771118164,113.64969635009766,253.74459838867188
416.91900634765625,14.816100120544434,111.30509948730469,260.60870361328125
418.4205017089844,9.694000244140625,106.1720962524414,250.5435028076172
419.0498962402344,13.326600074768066,107.18509674072266,262.9296875
422.54901123046875,5.949100017547607,105.77639770507812,263.7464904785156
415.2362060546875,7.297800064086914,117.1449966430664,259.506103515625
411.0841979980469,9.836600303649902,121.36489868164062,259.5793151855469
409.6897888183594,11.69159984588623,119.7219009399414,254.05960083007812
410.7012939453125,12.860899925231934,116.54060363769531,247.98289489746094
410.448486328125,5.4019999504089355,118.30169677734375,253.19839477539062
413.6227111816406,14.385700225830078,115.07869720458984,260.4205017089844
413.1669006347656,10.418299674987793,113.89099884033203,254.2041015625
409.9773864746094,10.04010009765625,117.30130004882812,251.20480346679688
408.65631103515625,19.97319984436035,122.85859680175781,246.9550018310547
409.1877136230469,12.383700370788574,119.60880279541016,246.0166015625
409.8985900878906,10.095100402832031,122.69409942626953,252.3345947265625
410.9236145019531,11.740900039672852,123.27490234375,246.1688995361328
418.49310302734375,10.901700019836426,113.99430084228516,253.13119506835938
416.10211181640625,6.23829984664917,121.72019958496094,248.5904998779297
412.6944885253906,14.892600059509277,122.62940216064453,240.6260986328125
408.910888671875,10.080400466918945,130.9499053955078,249.48500061035156
404.7206115722656,12.931500434875488,137.56910705566406,247.98179626464844
411.6332092285156,9.684000015258789,129.3867950439453,248.6510009765625
418.40679931640625,8.779999732971191,120.78060150146484,254.16690063476562
418.4895935058594,15.259499549865723,121.78479766845703,251.78860473632812
419.3257141113281,12.551400184631348,122.40789794921875,250.8979949951172
423.35760498046875,13.094799995422363,117.2251968383789,254.0283966064453
418.4088134765625,5.1697001457214355,120.39530181884766,250.6304931640625
420.08770751953125,14.800100326538086,123.10169982910156,258.9385070800781
421.2481994628906,16.851900100708008,117.47730255126953,249.29190063476562
420.8922119140625,9.378800392150879,118.92970275878906,257.17889404296875
424.6773986816406,9.796600341796875,115.00039672851562,257.9930114746094
424.0035095214844,6.90939998626709,116.75,268.2991943359375
422.01800537109375,13.285099983215332,120.21530151367188,255.97349548339844
425.0098876953125,11.175000190734863,120.50029754638672,259.4989013671875
420.8971862792969,19.054000854492188,126.79570007324219,258.1348876953125
422.527099609375,23.09749984741211,127.30570220947266,252.6405029296875
418.4624938964844,26.318599700927734,131.27279663085938,254.0281982421875
423.30828857421875,32.759300231933594,126.90129852294922,250.45089721679688
429.24359130859375,34.467201232910156,116.83799743652344,257.6788024902344
426.5495910644531,25.792600631713867,118.57980346679688,260.5616149902344
423.9584045410156,34.489200592041016,123.38990020751953,265.856201171875
422.07159423828125,35.38349914550781,121.08039855957031,256.2716064453125
420.6046142578125,50.50490188598633,122.08999633789062,255.31350708007812
422.84161376953125,41.79750061035156,118.88349914550781,256.76959228515625
424.6166076660156,45.580101013183594,114.40789794921875,257.864013671875
419.5716857910156,47.0635986328125,119.25849914550781,250.814697265625
416.86468505859375,54.12179946899414,123.21320343017578,251.88589477539062
425.31890869140625,54.86600112915039,107.30049896240234,249.1781005859375
421.1106872558594,51.14789962768555,114.31120300292969,258.4471130371094
421.1070861816406,58.75279998779297,114.99430084228516,257.9908142089844
417.8085021972656,58.08769989013672,118.77239990234375,253.0247039794922
415.7213134765625,59.772098541259766,120.50080108642578,252.2530975341797
419.6192932128906,54.4276008605957,115.85700225830078,254.3253936767578
417.4176940917969,63.24190139770508,120.20719909667969,256.20550537109375
418.5097961425781,59.01789855957031,117.58200073242188,255.70919799804688
421.4847106933594,56.64739990234375,116.05239868164062,258.50390625
430.627197265625,53.090599060058594,103.10679626464844,261.2882995605469
424.9101867675781,55.47869873046875,110.97859954833984,256.88580322265625
419.1034851074219,56.62260055541992,117.65760040283203,251.42250061035156
425.6271057128906,50.891700744628906,110.07839965820312,260.2253112792969
431.89349365234375,52.35390090942383,103.595703125,262.1398010253906
423.9200134277344,59.23979949951172,112.19100189208984,257.07489013671875
420.1632080078125,56.9640998840332,116.33429718017578,252.06019592285156
423.9902038574219,58.78519821166992,113.84970092773438,253.72430419921875
424.28839111328125,55.76919937133789,114.2957992553711,255.69790649414062
427.1778869628906,54.39619827270508,108.12909698486328,259.9768981933594
424.4977111816406,53.08250045776367,113.95559692382812,262.7261047363281
424.9465026855469,55.51259994506836,113.00170135498047,254.55270385742188
423.585205078125,58.48040008544922,118.12120056152344,263.285400390625
422.5244140625,56.534698486328125,119.50879669189453,256.2716064453125
426.2597961425781,53.1338005065918,113.26360321044922,254.12229919433594
426.4826965332031,57.40119934082031,116.4292984008789,260.4346008300781
425.7695007324219,54.29890060424805,114.63880157470703,257.92620849609375
427.7806091308594,50.39500045776367,111.48300170898438,255.68649291992188
425.6700134277344,52.31679916381836,117.40270233154297,263.38238525390625
428.0347900390625,52.495399475097656,110.78150177001953,252.2790069580078
427.7925109863281,58.481300354003906,114.79920196533203,258.2691955566406
425.49951171875,62.81660079956055,117.14129638671875,252.2071075439453
423.9350891113281,58.26850128173828,114.55729675292969,250.86549377441406
424.9584045410156,50.739498138427734,116.55269622802734,254.789794921875
424.6084899902344,55.60580062866211,119.2833023071289,258.3200988769531
422.3504943847656,53.3385009765625,115.15670013427734,249.23890686035156
428.1174011230469,58.01599884033203,105.78179931640625,251.32550048828125
424.472900390625,64.78240203857422,113.30789947509766,247.57369995117188
427.5252990722656,61.55459976196289,103.24690246582031,247.9403076171875
424.8757019042969,66.06929779052734,106.52899932861328,242.05650329589844
419.0065002441406,66.80370330810547,109.33979797363281,241.7104949951172
416.30670166015625,68.76129913330078,111.00070190429688,236.82139587402344
417.4400939941406,65.99449920654297,108.8916015625,243.51849365234375
417.32110595703125,66.02369689941406,104.82140350341797,238.0966033935547
402.2456970214844,66.69309997558594,122.17230224609375,231.77630615234375
394.9284973144531,81.58509826660156,128.84779357910156,231.90139770507812
401.6101989746094,72.8218002319336,117.48650360107422,232.86439514160156
401.20770263671875,72.18470001220703,118.50129699707031,235.53250122070312
405.30499267578125,76.47769927978516,109.51029968261719,230.52420043945312
400.918212890625,74.28500366210938,115.46099853515625,232.1226043701172
396.18011474609375,81.58769989013672,120.3938980102539,224.60670471191406
386.8810119628906,84.93920135498047,126.28890228271484,220.8072967529297
385.7349853515625,85.41220092773438,122.62640380859375,220.68910217285156
385.4751892089844,83.15570068359375,121.7927017211914,222.40469360351562
384.0152893066406,80.83480072021484,122.58920288085938,226.33050537109375
392.3891906738281,81.67610168457031,106.63150024414062,226.16720581054688
395.1455993652344,84.43379974365234,97.83799743652344,225.5303955078125
385.3935852050781,85.743896484375,107.91179656982422,223.91720581054688
389.7840881347656,85.98539733886719,101.15029907226562,223.210205078125
391.9637145996094,85.91629791259766,94.29080200195312,223.6363983154297
391.8924865722656,85.62049865722656,95.31420135498047,219.6959991455078
391.29840087890625,88.47450256347656,95.12889862060547,222.36700439453125
389.6028137207031,87.34259796142578,95.49420166015625,218.9521026611328
387.3633117675781,90.27149963378906,99.2688980102539,218.56719970703125
383.62030029296875,92.20120239257812,104.16790008544922,217.4257049560547
384.9570007324219,91.22540283203125,101.39320373535156,219.2263946533203
383.3815002441406,90.5873031616211,103.61740112304688,220.75579833984375
390.38409423828125,87.96620178222656,93.4708023071289,225.71730041503906
387.6669921875,88.15959930419922,94.5083999633789,223.04310607910156
381.42230224609375,92.38099670410156,101.45369720458984,218.12649536132812
378.6947021484375,92.42109680175781,99.81420135498047,220.07620239257812
382.3689880371094,86.6156997680664,95.70709991455078,223.97390747070312
377.2359924316406,90.82610321044922,100.40589904785156,220.88540649414062
383.0458068847656,91.1864013671875,94.8582992553711,220.0821990966797
380.8218078613281,92.38150024414062,92.23989868164062,218.84840393066406
382.9563903808594,88.21389770507812,91.44020080566406,222.139404296875
375.96710205078125,88.60639953613281,97.14929962158203,222.05279541015625
375.2843017578125,95.34729766845703,97.77159881591797,216.00929260253906
378.1824951171875,99.72859954833984,94.37100219726562,213.7288055419922
377.9090881347656,89.61190032958984,92.0625991821289,216.73309326171875
369.18310546875,93.85330200195312,99.8759994506836,220.5428924560547
368.4623107910156,92.05950164794922,100.40489959716797,213.8376007080078
370.3927917480469,93.8479995727539,92.96489715576172,218.8321075439453
358.52801513671875,98.16929626464844,105.66560363769531,212.12449645996094
361.80828857421875,93.76100158691406,98.96479797363281,219.27830505371094
357.08209228515625,90.40160369873047,101.81829833984375,221.3905029296875
355.09991455078125,91.15599822998047,101.1052017211914,223.67709350585938
352.1785888671875,91.63169860839844,101.31490325927734,220.21139526367188
349.0924987792969,88.52580261230469,109.14320373535156,217.80499267578125
341.51568603515625,91.14119720458984,106.19490051269531,219.12579345703125
341.2041015625,87.631103515625,103.53119659423828,225.75990295410156
338.3006896972656,86.74369812011719,91.63719940185547,221.5742950439453
368.0752868652344,102.2511978149414,98.80079650878906,207.86990356445312
345.31988525390625,97.22000122070312,124.06700134277344,212.18130493164062
333.8135070800781,98.68479919433594,128.406494140625,211.6875
311.2253112792969,90.27880096435547,136.0404052734375,216.89939880371094
308.1434020996094,90.92140197753906,110.69989776611328,215.61300659179688
300.6528015136719,87.11620330810547,116.1801986694336,214.0142059326172
322.9790954589844,89.69300079345703,130.7530975341797,215.49349975585938
308.5578918457031,89.40299987792969,107.41449737548828,213.41009521484375
377.8309020996094,109.39119720458984,84.45490264892578,193.23049926757812
391.4106140136719,117.98799896240234,71.39630126953125,177.4739990234375
394.5093078613281,116.35549926757812,56.61410140991211,176.36520385742188
388.606201171875,122.7072982788086,67.90769958496094,175.38290405273438
383.15570068359375,114.3311996459961,82.98729705810547,181.95150756835938
377.65631103515625,117.48699951171875,88.00150299072266,178.68699645996094
385.0484924316406,117.90799713134766,72.02999877929688,176.9573974609375
374.62298583984375,113.30899810791016,83.22029876708984,174.1376953125
380.9956970214844,113.19539642333984,66.9136962890625,179.1197052001953
373.3310852050781,112.43659973144531,73.93389892578125,175.53590393066406
367.78131103515625,114.33740234375,84.15280151367188,175.74130249023438
369.4269104003906,114.4186019897461,80.6166000366211,175.03590393066406
367.6814880371094,114.68340301513672,73.31890106201172,173.40550231933594
368.7633056640625,116.00039672851562,64.33499908447266,176.2635955810547
365.6702880859375,112.68319702148438,63.87839889526367,173.9197998046875
360.6470947265625,119.02339935302734,65.0197982788086,171.226806640625
357.6712951660156,114.0469970703125,64.9352035522461,174.40679931640625
355.1589050292969,116.8988037109375,63.891300201416016,174.18760681152344
352.3118896484375,116.46099853515625,63.37699890136719,173.81280517578125
351.23760986328125,116.77799987792969,65.98179626464844,172.13380432128906
348.0459899902344,113.79989624023438,68.65609741210938,175.59890747070312
351.95159912109375,121.96800231933594,60.391700744628906,168.98699951171875
351.00628662109375,118.61910247802734,58.38460159301758,168.80259704589844
349.5257873535156,113.33740234375,59.2859001159668,175.24200439453125
348.71551513671875,112.48829650878906,60.057498931884766,178.23109436035156
345.9201965332031,116.16840362548828,68.62740325927734,175.88710021972656
347.44549560546875,116.74349975585938,64.53489685058594,178.52699279785156
343.02301025390625,122.73690032958984,75.3989028930664,171.5404052734375
340.2414855957031,125.61150360107422,81.48909759521484,171.62379455566406
349.69049072265625,131.2489013671875,72.87550354003906,176.0457000732422
361.4800109863281,124.86810302734375,64.02239990234375,176.90130615234375
367.470703125,124.64520263671875,60.64500045776367,175.67210388183594
367.4866027832031,128.0511932373047,60.15409851074219,173.2418975830078
362.0132141113281,128.63819885253906,67.10590362548828,173.43690490722656
366.24359130859375,131.20440673828125,65.05889892578125,176.46969604492188
363.8486022949219,140.37789916992188,68.66909790039062,168.84719848632812
368.1156005859375,137.26820373535156,64.6072006225586,172.45480346679688
368.1050109863281,141.70970153808594,63.80419921875,169.10760498046875
369.169189453125,144.80760192871094,61.58150100708008,167.12359619140625
364.7218017578125,145.08619689941406,66.98509979248047,169.17379760742188
363.122314453125,152.21420288085938,68.67579650878906,161.0948028564453
368.18328857421875,152.01840209960938,64.64600372314453,162.61729431152344
359.1369934082031,155.09860229492188,73.260498046875,161.69740295410156
351.3263854980469,153.029296875,82.15049743652344,162.9333953857422
365.1986083984375,149.34950256347656,67.95120239257812,163.78729248046875
361.23260498046875,153.74400329589844,75.02169799804688,168.50970458984375
373.0191955566406,155.59300231933594,61.94609832763672,161.5198974609375
370.0065002441406,155.20700073242188,68.81230163574219,167.47500610351562
367.8041076660156,156.34390258789062,74.05280303955078,163.5054931640625
372.498291015625,162.16600036621094,69.97920227050781,161.5791015625
371.68011474609375,159.2718963623047,73.47019958496094,159.0968017578125
377.22100830078125,168.12989807128906,67.90519714355469,154.84979248046875
377.00689697265625,169.2541046142578,68.92330169677734,151.0792999267578
381.6689147949219,172.3513946533203,67.24199676513672,151.64669799804688
379.7749938964844,181.35899353027344,69.8030014038086,143.36329650878906
385.2777099609375,181.9730987548828,65.5457992553711,141.931396484375
387.6614074707031,193.0924072265625,60.606998443603516,131.65260314941406
390.5614929199219,187.94070434570312,58.957401275634766,135.64500427246094
391.1017150878906,182.64320373535156,58.527801513671875,138.89450073242188
386.8465881347656,185.58030700683594,62.888099670410156,139.34219360351562
386.9833068847656,184.43609619140625,62.643699645996094,139.08560180664062
382.7695007324219,182.14559936523438,67.83110046386719,144.8227996826172
380.168212890625,186.9947967529297,68.15290069580078,140.8527069091797
381.6227111816406,189.856201171875,65.34629821777344,139.1154022216797
379.02679443359375,191.03419494628906,66.91829681396484,139.71859741210938
374.8497009277344,187.00070190429688,73.33519744873047,142.68589782714844
375.1589050292969,190.38690185546875,70.68109893798828,140.17970275878906
372.6275939941406,193.8717041015625,71.18250274658203,135.49879455566406
376.3041076660156,182.0345001220703,67.76490020751953,146.18649291992188
375.4114074707031,181.1208953857422,63.985599517822266,145.99099731445312
371.8584899902344,177.67689514160156,65.30239868164062,145.8975067138672
368.3514099121094,178.9542999267578,67.24220275878906,146.94479370117188
369.0589904785156,179.6383056640625,65.27069854736328,144.82859802246094
365.4273986816406,180.28500366210938,65.63700103759766,142.22940063476562
363.3241882324219,181.201904296875,64.3989028930664,139.22189331054688
354.1726989746094,186.43890380859375,73.9000015258789,134.80349731445312
345.81109619140625,179.94859313964844,81.3583984375,134.87319946289062
345.2424011230469,176.27369689941406,81.52420043945312,137.5601043701172
340.5757141113281,174.0845947265625,86.07890319824219,133.8350067138672
335.37640380859375,174.35589599609375,92.04509735107422,130.4897003173828
332.43780517578125,174.6385040283203,97.54730224609375,128.62550354003906
334.2560119628906,173.55960083007812,94.25599670410156,125.42469787597656
333.3258056640625,173.30889892578125,95.302001953125,128.52259826660156
335.22650146484375,166.6013946533203,92.622802734375,127.58260345458984
334.8797912597656,166.11900329589844,91.11640167236328,134.1230010986328
342.2367858886719,159.42930603027344,82.94049835205078,133.4019012451172
348.04998779296875,150.339599609375,74.94429779052734,132.48390197753906
354.23541259765625,147.77890014648438,67.76709747314453,138.8551025390625
360.9721984863281,145.08929443359375,61.070701599121094,140.2790985107422
362.8399963378906,138.30039978027344,61.87649917602539,142.2158966064453
369.8528137207031,134.747802734375,55.549800872802734,140.8188934326172
371.8641052246094,141.1219940185547,50.26940155029297,137.03140258789062
377.13580322265625,135.57009887695312,46.25830078125,137.62869262695312
386.83880615234375,139.7283935546875,37.2599983215332,134.99070739746094
387.7139892578125,147.2559051513672,35.788299560546875,125.84100341796875
390.8116149902344,150.59190368652344,32.931800842285156,120.9834976196289
395.0924072265625,160.00450134277344,28.944000244140625,109.18119812011719
401.36920166015625,158.81080627441406,24.788700103759766,106.99620056152344
404.0880126953125,161.01759338378906,22.209400177001953,104.99449920654297
399.81280517578125,173.70489501953125,30.525699615478516,93.32559967041016
418.98260498046875,183.94430541992188,29.514299392700195,81.90979766845703
427.02410888671875,184.7698974609375,29.528799057006836,78.82820129394531
413.3960876464844,187.8957977294922,30.596399307250977,74.35359954833984
417.622314453125,187.5872039794922,29.434200286865234,73.0248031616211
419.7143859863281,187.67039489746094,37.81489944458008,72.34970092773438
419.7142028808594,184.289794921875,47.3661003112793,77.14939880371094
424.17138671875,180.50360107421875,48.0447998046875,78.65119934082031
428.1236877441406,178.7465057373047,52.39609909057617,79.35150146484375
431.4818115234375,179.67039489746094,56.76449966430664,79.92479705810547
438.6695861816406,176.6855010986328,51.47909927368164,81.50270080566406
435.9252014160156,167.94760131835938,50.35540008544922,89.37779998779297
377.01141357421875,152.5749969482422,47.56840133666992,103.21160125732422
371.7461853027344,146.3820037841797,49.1593017578125,113.6104965209961
363.4088134765625,142.7779998779297,55.27450180053711,113.24430084228516
352.6025085449219,141.42359924316406,65.73739624023438,118.91079711914062
352.28790283203125,146.2967987060547,65.58170318603516,114.35449981689453
346.4797058105469,141.19110107421875,68.18509674072266,115.71849822998047
348.0185852050781,144.40440368652344,64.83930206298828,117.05390167236328
347.744384765625,140.2498016357422,63.30400085449219,118.89779663085938
348.8811950683594,144.64610290527344,61.145599365234375,117.71920013427734
350.3775939941406,140.0572052001953,57.7328987121582,121.310302734375
349.1724853515625,135.4375,62.555198669433594,128.1746063232422
349.418701171875,140.88160705566406,62.52259826660156,124.87370300292969
352.02899169921875,144.2740020751953,53.5609016418457,120.38079833984375
348.5784912109375,143.10440063476562,57.819400787353516,124.51840209960938
351.82659912109375,141.2445068359375,51.820499420166016,127.4800033569336
351.9169006347656,146.02940368652344,51.61140060424805,126.12580108642578
350.30859375,142.6761932373047,57.686100006103516,129.45849609375
350.8692932128906,140.7205047607422,55.955101013183594,134.88250732421875
352.4148864746094,147.04010009765625,52.0078010559082,132.47340393066406
352.5743103027344,137.27099609375,52.03960037231445,140.68409729003906
351.11749267578125,147.84140014648438,53.87080001831055,132.2816925048828
351.87451171875,146.2602996826172,51.5010986328125,132.8596954345703
351.2503967285156,149.44020080566406,53.11040115356445,131.3887939453125
348.8888854980469,153.1614990234375,53.73189926147461,129.19949340820312
348.90728759765625,155.45359802246094,52.33319854736328,126.41739654541016
348.460205078125,158.0753936767578,52.0265998840332,128.2631072998047
347.1653137207031,161.40199279785156,52.408199310302734,126.39430236816406
347.6830139160156,156.51649475097656,53.673301696777344,130.7677001953125
347.8793029785156,161.37120056152344,51.27560043334961,130.56069946289062
347.9285888671875,155.2238006591797,52.735599517822266,135.84390258789062
347.23480224609375,160.8704071044922,52.325599670410156,132.0941925048828
348.4847106933594,158.65159606933594,51.01089859008789,133.86590576171875
345.2283020019531,164.1096954345703,53.94820022583008,129.43310546875
346.27178955078125,162.4864044189453,54.172698974609375,129.652099609375
343.31439208984375,162.9174041748047,55.86840057373047,130.3444061279297
344.2892150878906,165.82969665527344,53.31100082397461,130.16659545898438
344.93438720703125,164.7209014892578,51.56919860839844,131.9279022216797
344.3367919921875,165.54110717773438,51.088600158691406,131.4373016357422
344.10888671875,165.464599609375,51.240299224853516,131.9405059814453
343.3017883300781,169.81480407714844,49.481300354003906,128.47610473632812
342.98748779296875,168.968994140625,48.61220169067383,127.36589813232422
342.51141357421875,167.57150268554688,48.58580017089844,128.52259826660156
341.1763000488281,165.99049377441406,48.754798889160156,130.78829956054688
340.92608642578125,166.65499877929688,48.22439956665039,130.63999938964844
340.50048828125,167.4468994140625,48.54460144042969,131.10699462890625
338.2239990234375,168.52220153808594,50.61989974975586,131.1710968017578
338.0631103515625,168.0222930908203,48.01110076904297,131.21690368652344
335.95050048828125,168.28599548339844,48.619300842285156,134.06419372558594
333.1418151855469,169.49200439453125,50.75299835205078,134.14129638671875
332.5079040527344,171.22340393066406,51.37990188598633,131.80380249023438
329.2467041015625,171.0478973388672,52.07619857788086,133.54530334472656
328.6658935546875,174.38040161132812,49.90769958496094,130.44259643554688
324.72760009765625,173.69760131835938,53.91019821166992,131.81849670410156
325.9975891113281,175.285400390625,50.33409881591797,130.2397003173828
324.4737854003906,173.4058074951172,51.267601013183594,131.7845001220703
324.2001953125,177.77330017089844,48.204200744628906,129.58200073242188
324.16729736328125,180.64739990234375,45.98749923706055,126.80860137939453
319.0921936035156,178.61349487304688,52.5546989440918,133.88839721679688
319.8357849121094,177.2664031982422,49.70349884033203,135.55740356445312
317.3855895996094,175.97830200195312,52.413299560546875,138.2523956298828
315.3385925292969,182.3079071044922,50.02450180053711,132.3782958984375
314.6142883300781,178.24110412597656,48.825801849365234,135.79400634765625
311.29058837890625,176.72300720214844,52.50490188598633,135.3502960205078
308.2777099609375,177.55299377441406,50.984798431396484,135.53289794921875
306.72650146484375,178.8188018798828,50.49869918823242,134.60519409179688
304.2943115234375,184.9243927001953,47.514198303222656,127.97769927978516
300.3254089355469,183.2769012451172,52.545501708984375,130.07859802246094
299.3898010253906,182.52310180664062,47.611698150634766,132.31089782714844
295.2731018066406,180.17449951171875,51.074100494384766,133.62440490722656
292.2679138183594,178.96490478515625,50.46189880371094,132.86900329589844
290.3546142578125,182.50579833984375,47.43170166015625,130.89739990234375
289.12469482421875,183.04550170898438,46.87580108642578,127.6801986694336
285.3127136230469,183.00689697265625,50.50640106201172,129.326904296875
283.11138916015625,181.37060546875,48.379600524902344,130.8009033203125
279.9786071777344,181.92100524902344,49.58190155029297,130.05230712890625
277.8004150390625,182.26170349121094,48.28379821777344,131.31210327148438
277.4314880371094,184.1197967529297,45.987300872802734,128.62840270996094
273.4407043457031,183.154296875,47.40610122680664,129.5980987548828
272.8341064453125,181.72059631347656,45.209598541259766,131.31210327148438
269.0024108886719,183.38059997558594,46.35309982299805,129.94500732421875
265.9879150390625,186.02169799804688,46.63949966430664,127.33319854736328
266.5376892089844,185.5518035888672,43.186100006103516,127.4469985961914
262.7698974609375,185.94590759277344,44.518798828125,129.1334991455078
260.0994873046875,185.3249969482422,45.99369812011719,130.27020263671875
256.6492004394531,188.21710205078125,45.46630096435547,128.07879638671875
255.86729431152344,189.78280639648438,44.34320068359375,125.72239685058594
249.6324005126953,190.52630615234375,48.282901763916016,123.12370300292969
244.6999969482422,192.08580017089844,50.974998474121094,122.4136962890625
245.70140075683594,192.7886962890625,45.858299255371094,121.2782974243164
242.63499450683594,195.30630493164062,46.053001403808594,119.3677978515625
243.29859924316406,193.8430938720703,42.34320068359375,120.83190155029297
239.37210083007812,198.80889892578125,44.97700119018555,115.24700164794922
236.26710510253906,198.8240966796875,46.52370071411133,115.78579711914062
233.68519592285156,197.7841033935547,46.81829833984375,116.58519744873047
226.84249877929688,198.9468994140625,53.09400177001953,116.42040252685547
227.089599609375,197.02040100097656,49.916500091552734,118.79840087890625
223.33360290527344,198.06190490722656,50.362701416015625,117.22709655761719
223.57020568847656,196.5594024658203,48.536800384521484,119.841796875
