1
402.54229736328125,162.4698028564453,73.37680053710938,190.156494140625
400.6871032714844,154.65809631347656,72.01270294189453,183.16639709472656
398.212890625,157.76919555664062,68.9729995727539,186.77879333496094
392.7174072265625,151.12559509277344,75.21150207519531,192.16400146484375
390.69830322265625,156.7490997314453,73.63890075683594,187.69090270996094
392.0141906738281,157.5312957763672,69.40180206298828,186.1417999267578
388.1805114746094,152.6802978515625,73.54609680175781,189.87440490722656
387.40399169921875,156.2209014892578,72.95919799804688,186.28140258789062
386.243896484375,157.5950927734375,74.53520202636719,184.47470092773438
387.3056945800781,152.75180053710938,72.26119995117188,189.56959533691406
386.6069030761719,153.20590209960938,72.42530059814453,184.6656951904297
387.7131042480469,155.70260620117188,73.10130310058594,185.64320373535156
386.8879089355469,147.21429443359375,74.5282974243164,192.55250549316406
384.43719482421875,151.34190368652344,80.1427001953125,190.98269653320312
385.7511901855469,149.02630615234375,79.84230041503906,191.42820739746094
385.8111877441406,147.3238983154297,77.6593017578125,191.19970703125
388.22918701171875,150.6844940185547,76.39009857177734,191.63369750976562
388.6694030761719,147.73789978027344,74.43389892578125,189.30979919433594
389.3634948730469,146.54319763183594,76.9176025390625,195.11070251464844
389.40301513671875,144.13279724121094,74.17449951171875,194.08909606933594
393.1972961425781,144.0988006591797,69.8727035522461,197.99070739746094
393.30499267578125,143.4445037841797,67.96260070800781,196.56719970703125
391.80859375,140.8477020263672,74.73519897460938,195.9886016845703
390.3298034667969,147.70559692382812,80.54930114746094,192.40660095214844
390.66229248046875,147.11599731445312,78.53780364990234,191.56100463867188
389.93701171875,147.364501953125,74.66410064697266,189.7386932373047
389.7809143066406,145.09129333496094,75.54060363769531,194.84230041503906
389.818115234375,141.82659912109375,76.86319732666016,194.1584930419922
389.22320556640625,142.7064971923828,76.55580139160156,194.29539489746094
389.768310546875,143.22579956054688,75.41960144042969,191.87399291992188
394.59381103515625,143.05780029296875,68.73090362548828,189.4114990234375
394.3994140625,142.1750030517578,71.39019775390625,197.7532958984375
397.6852111816406,138.03640747070312,70.1178970336914,195.12640380859375
392.6095886230469,143.3217010498047,77.75980377197266,196.40699768066406
390.3796081542969,139.30979919433594,83.26860046386719,198.01060485839844
390.17401123046875,135.50950622558594,84.73760223388672,201.0373992919922
387.7622985839844,137.70379638671875,90.66840362548828,197.65809631347656
384.431884765625,128.51229858398438,95.91670227050781,207.02110290527344
390.60321044921875,131.33999633789062,88.4386978149414,204.0428924560547
379.5008850097656,136.57749938964844,102.36750030517578,198.73699951171875
391.4652099609375,127.53710174560547,89.02259826660156,203.74819946289062
408.30218505859375,131.4403076171875,71.37200164794922,198.7801055908203
406.4652099609375,135.3542938232422,75.51820373535156,196.61289978027344
402.98590087890625,134.2823028564453,84.32379913330078,196.77890014648438
406.00201416015625,137.60260009765625,81.72160339355469,193.22869873046875
408.3981018066406,129.06649780273438,74.43070220947266,199.29110717773438
399.6308898925781,130.8341064453125,90.48030090332031,203.8363037109375
397.4888000488281,129.73269653320312,90.310302734375,197.22909545898438
400.43939208984375,132.53500366210938,82.456298828125,202.17120361328125
395.1487121582031,134.00469970703125,85.71939849853516,195.79519653320312
389.2074890136719,127.82209777832031,89.94609832763672,200.02450561523438
383.67730712890625,127.77469635009766,94.24739837646484,199.7447967529297
383.9256896972656,127.1187973022461,86.8198013305664,194.40550231933594
381.76580810546875,124.81770324707031,86.00469970703125,202.17689514160156
374.7735900878906,124.28589630126953,94.43060302734375,201.8148956298828
373.9263000488281,125.44039916992188,88.54810333251953,201.3990936279297
372.6018981933594,126.31289672851562,84.65689849853516,194.87539672851562
370.5487976074219,126.11499786376953,84.99800109863281,194.18719482421875
367.92620849609375,126.70690155029297,86.34880065917969,194.16929626464844
365.1304931640625,123.1489028930664,87.53189849853516,197.0583038330078
362.860107421875,121.19139862060547,88.09989929199219,199.35499572753906
361.34100341796875,120.0697021484375,88.8136978149414,200.21319580078125
358.9458923339844,117.19619750976562,88.464599609375,200.45159912109375
360.0898132324219,117.86630249023438,82.36039733886719,201.04649353027344
360.52301025390625,118.2761001586914,81.75080108642578,197.5323028564453
358.6158142089844,119.4115982055664,82.36959838867188,194.41270446777344
356.0452880859375,118.17009735107422,81.45929718017578,194.47479248046875
356.4106140136719,117.66339874267578,81.72640228271484,196.12770080566406
359.04449462890625,112.3550033569336,75.99510192871094,193.92160034179688
356.7076110839844,114.68779754638672,77.09159851074219,197.1488037109375
357.7439880371094,110.87680053710938,74.3218994140625,197.9232940673828
356.3251037597656,114.99590301513672,74.18679809570312,188.3076934814453
356.3489074707031,114.12190246582031,73.9186019897461,187.7292022705078
352.4700927734375,116.78369903564453,79.41390228271484,189.32150268554688
350.3102111816406,116.29109954833984,77.01180267333984,193.06129455566406
352.1647033691406,113.38079833984375,78.30750274658203,194.2353057861328
350.72479248046875,112.3147964477539,77.443603515625,189.0821075439453
349.2080078125,117.77210235595703,78.87239837646484,187.75880432128906
347.7842102050781,114.3030014038086,80.69000244140625,188.5301055908203
347.6335144042969,113.6781005859375,79.11900329589844,193.6414031982422
344.90509033203125,118.33820343017578,81.0082015991211,186.576904296875
345.3140869140625,114.43080139160156,79.02439880371094,190.84339904785156
344.1263122558594,117.64459991455078,76.42269897460938,188.3878936767578
343.5168151855469,113.42780303955078,76.7313003540039,190.9929962158203
344.1859130859375,115.6063003540039,71.28209686279297,188.2550048828125
342.6217956542969,120.29750061035156,71.4666976928711,190.5115966796875
344.5696105957031,111.8594970703125,67.4854965209961,195.17750549316406
341.94110107421875,117.45320129394531,68.9490966796875,192.3762969970703
343.2130126953125,117.20230102539062,64.9303970336914,188.2126007080078
340.3179016113281,123.89340209960938,63.7135009765625,187.71270751953125
340.7724914550781,120.18499755859375,64.89649963378906,188.59469604492188
339.6122131347656,116.75879669189453,59.04679870605469,197.5780029296875
337.595703125,114.31890106201172,63.06290054321289,194.73390197753906
333.37530517578125,124.67359924316406,62.21419906616211,190.84530639648438
333.15521240234375,118.95390319824219,60.48830032348633,190.8603973388672
326.97491455078125,117.58149719238281,66.66619873046875,192.8820037841797
323.6047058105469,115.37120056152344,64.48560333251953,197.52560424804688
321.9294128417969,113.84700012207031,64.48419952392578,196.7075958251953
315.37689208984375,119.1521987915039,71.08000183105469,193.86599731445312
314.8478088378906,118.71040344238281,65.85679626464844,197.74099731445312
314.41571044921875,118.2666015625,61.78950119018555,200.30230712890625
311.2832946777344,119.79350280761719,61.902198791503906,200.1988067626953
308.2138977050781,119.48909759521484,62.85329818725586,198.32249450683594
304.474609375,120.2260971069336,61.909400939941406,199.0467071533203
301.14068603515625,123.181396484375,60.67530059814453,193.89759826660156
295.98431396484375,121.43309783935547,63.999000549316406,192.960205078125
291.9656066894531,123.80390167236328,67.618896484375,192.89599609375
290.377685546875,120.60189819335938,65.91629791259766,195.81089782714844
285.3153076171875,125.13880157470703,73.22599792480469,189.86920166015625
279.8941955566406,128.0531005859375,82.57129669189453,187.2147979736328
279.0375061035156,122.79309844970703,82.79959869384766,193.37100219726562
276.9364013671875,124.56120300292969,83.26619720458984,189.6501007080078
278.01348876953125,125.23650360107422,83.33309936523438,187.6461944580078
272.614501953125,127.62629699707031,89.28299713134766,183.764892578125
270.3131103515625,131.10049438476562,91.14569854736328,180.04100036621094
270.37701416015625,130.29949951171875,87.31639862060547,181.8695068359375
265.2080993652344,129.29640197753906,92.16089630126953,185.3079071044922
267.0444030761719,131.8083953857422,93.07219696044922,182.4329071044922
270.3879089355469,134.82960510253906,91.22720336914062,177.36349487304688
269.4703063964844,135.00360107421875,92.30740356445312,175.12289428710938
270.1706848144531,132.97019958496094,91.14409637451172,177.23500061035156
271.52020263671875,132.96080017089844,90.55110168457031,175.5428009033203
270.85870361328125,136.6844940185547,91.9613037109375,169.79330444335938
271.6202087402344,135.16400146484375,92.45059967041016,173.8582000732422
268.7193908691406,136.99119567871094,94.63600158691406,170.656005859375
262.9429931640625,132.37319946289062,101.50430297851562,179.9915008544922
258.5364074707031,139.45989990234375,106.2427978515625,170.86740112304688
258.22119140625,140.08619689941406,98.93160247802734,172.21609497070312
259.3044128417969,137.3665008544922,82.75489807128906,175.41839599609375
258.6766052246094,137.51890563964844,86.49909973144531,176.91160583496094
256.46270751953125,135.75929260253906,83.02210235595703,181.29519653320312
253.79249572753906,140.52850341796875,87.154296875,177.57679748535156
253.48770141601562,142.1352996826172,85.97260284423828,177.89259338378906
252.34959411621094,138.68649291992188,86.0967025756836,175.95700073242188
250.2454071044922,143.4810028076172,88.68150329589844,177.0457000732422
249.73570251464844,141.09779357910156,87.48400115966797,177.0800018310547
247.37229919433594,143.9053955078125,89.16899871826172,181.47520446777344
244.2617950439453,145.37269592285156,90.6592025756836,178.0294952392578
245.56700134277344,143.39540100097656,88.6072998046875,180.20989990234375
248.6134033203125,144.51499938964844,84.35600280761719,183.17539978027344
249.38279724121094,147.4217987060547,86.28289794921875,181.78900146484375
253.97909545898438,149.18719482421875,81.22200012207031,181.05799865722656
253.24310302734375,151.09410095214844,84.1729965209961,175.3079071044922
252.70010375976562,151.2637939453125,85.72779846191406,172.84559631347656
255.98280334472656,151.6674041748047,78.54669952392578,176.547607421875
258.3399963378906,152.22659301757812,80.15360260009766,178.26080322265625
263.0780029296875,152.01019287109375,74.79010009765625,180.110107421875
262.27520751953125,149.6186065673828,79.23789978027344,183.33799743652344
265.78448486328125,151.35769653320312,75.15889739990234,183.25869750976562
266.4678039550781,145.4512939453125,75.65489959716797,188.62570190429688
269.0719909667969,147.9925994873047,74.456298828125,182.47000122070312
271.2868957519531,144.8582000732422,73.08499908447266,178.8466033935547
270.32879638671875,144.11399841308594,73.28130340576172,174.19369506835938
270.6908874511719,141.68820190429688,74.12560272216797,176.806396484375
269.3918151855469,141.66380310058594,75.72119903564453,175.95700073242188
266.5552062988281,141.04539489746094,83.86949920654297,167.32769775390625
262.372314453125,141.8251953125,85.87570190429688,190.0491943359375
260.1260986328125,133.39109802246094,86.64620208740234,204.88870239257812
256.06689453125,125.31999969482422,88.59269714355469,211.69039916992188
259.2796936035156,124.87870025634766,84.26529693603516,209.30540466308594
259.1296081542969,125.6946029663086,85.03150177001953,207.404296875
257.6325988769531,116.58219909667969,87.35169982910156,216.83090209960938
253.74600219726562,106.17729949951172,91.09629821777344,230.5157928466797
250.04989624023438,96.68920135498047,94.79139709472656,243.07980346679688
248.09230041503906,67.55680084228516,89.10669708251953,268.9819030761719
241.3430938720703,78.52690124511719,101.14779663085938,260.9270935058594
237.99229431152344,63.823001861572266,102.76110076904297,271.18939208984375
232.60150146484375,69.3666000366211,107.67859649658203,259.2434997558594
232.12229919433594,62.18330001831055,97.40290069580078,265.7598876953125
231.78720092773438,63.259300231933594,97.18199920654297,271.6005859375
230.2808074951172,68.42130279541016,99.10279846191406,258.7756042480469
229.3385009765625,69.5302963256836,99.7385025024414,266.3847961425781
241.00880432128906,102.9844970703125,88.23429870605469,241.08090209960938
239.98480224609375,79.43830108642578,90.86190032958984,257.11761474609375
238.8798065185547,80.90489959716797,98.10489654541016,260.5632019042969
241.79750061035156,80.3125,88.07520294189453,257.2106018066406
239.57940673828125,87.41339874267578,88.56770324707031,256.95831298828125
241.06539916992188,83.7605972290039,87.57170104980469,261.39849853515625
244.66580200195312,88.72540283203125,87.46150207519531,259.966796875
244.06320190429688,93.79509735107422,88.21389770507812,257.2992858886719
245.41290283203125,93.00430297851562,86.36720275878906,255.42030334472656
247.4062957763672,85.18340301513672,81.39009857177734,263.9656982421875
246.6967010498047,96.26519775390625,80.64089965820312,250.856201171875
242.63900756835938,88.60350036621094,89.2686996459961,256.9596862792969
239.9644012451172,96.37650299072266,90.75479888916016,249.4969024658203
243.90359497070312,97.00060272216797,80.39710235595703,247.79930114746094
241.94830322265625,87.98259735107422,82.30899810791016,257.9928894042969
245.14649963378906,84.88179779052734,76.03070068359375,260.5203857421875
240.81849670410156,86.83070373535156,81.70829772949219,254.53329467773438
235.9438934326172,75.66200256347656,83.89839935302734,261.4018859863281
228.8061065673828,80.56939697265625,94.51110076904297,244.64370727539062
225.4261016845703,77.27999877929688,92.96859741210938,240.18910217285156
227.12789916992188,75.15170288085938,92.18150329589844,239.52330017089844
226.5258026123047,67.2177963256836,91.0697021484375,245.05209350585938
227.73519897460938,79.72879791259766,85.92430114746094,232.77020263671875
222.56759643554688,65.67949676513672,96.95149993896484,246.70480346679688
223.6112060546875,58.44670104980469,89.09249877929688,249.48789978027344
220.47230529785156,55.145301818847656,94.4000015258789,256.20941162109375
222.7165985107422,59.95180130004883,94.02269744873047,247.32949829101562
224.0155029296875,58.79249954223633,92.21659851074219,250.72909545898438
215.60020446777344,56.04880142211914,102.752197265625,244.4781951904297
221.14169311523438,54.67829895019531,99.5656967163086,250.443603515625
217.11070251464844,51.811798095703125,105.08110046386719,252.61529541015625
223.9844970703125,54.58769989013672,95.54979705810547,250.7812042236328
228.5435028076172,60.88819885253906,90.6178970336914,248.52749633789062
228.65150451660156,62.512001037597656,90.08930206298828,251.298095703125
223.91419982910156,50.08219909667969,94.19170379638672,260.1083984375
231.66200256347656,64.96489715576172,91.54290008544922,246.78280639648438
231.82130432128906,63.52920150756836,87.7739028930664,245.1636962890625
230.6949005126953,70.56719970703125,89.18990325927734,241.73069763183594
241.9199981689453,72.08499908447266,74.40229797363281,236.81520080566406
239.89779663085938,62.982200622558594,78.04630279541016,243.41920471191406
239.52630615234375,60.56290054321289,78.89399719238281,245.89259338378906
242.48190307617188,68.64219665527344,77.24810028076172,236.29080200195312
237.54739379882812,56.15019989013672,85.568603515625,241.9040069580078
239.56910705566406,69.44509887695312,82.51270294189453,226.60069274902344
246.83749389648438,77.96219635009766,75.6095962524414,213.64849853515625
242.7653045654297,68.58170318603516,78.93910217285156,222.1031951904297
244.21189880371094,79.81999969482422,80.53379821777344,210.88690185546875
249.88760375976562,94.21430206298828,67.42510223388672,194.95159912109375
246.8061065673828,88.15260314941406,72.34120178222656,202.16600036621094
246.3101043701172,83.78730010986328,75.62319946289062,206.0269012451172
244.51080322265625,86.35130310058594,78.4469985961914,204.8874969482422
242.73660278320312,87.99569702148438,79.72429656982422,201.38270568847656
244.3376007080078,85.13200378417969,77.79669952392578,201.0529022216797
243.58700561523438,80.4542007446289,76.62239837646484,206.018798828125
242.60659790039062,79.68260192871094,78.15509796142578,205.11289978027344
242.44639587402344,82.84200286865234,79.20890045166016,202.8542938232422
241.03919982910156,76.78369903564453,76.86699676513672,206.24609375
242.202392578125,77.05329895019531,72.52549743652344,208.87759399414062
238.37840270996094,74.25520324707031,77.0624008178711,209.9604949951172
234.5803985595703,59.1161994934082,84.53890228271484,222.56410217285156
235.3173065185547,72.62020111083984,82.14779663085938,208.6060028076172
235.04690551757812,78.36380004882812,79.21080017089844,202.5876007080078
232.27499389648438,70.2052993774414,87.83450317382812,204.43600463867188
229.5727996826172,69.06659698486328,90.11019897460938,199.80230712890625
229.99549865722656,72.65750122070312,89.1615982055664,191.9324951171875
229.69500732421875,72.71219635009766,86.85980224609375,189.2407989501953
229.08340454101562,72.72989654541016,88.43560028076172,182.12759399414062
225.27499389648438,67.09750366210938,89.28399658203125,185.6707000732422
228.81300354003906,60.30659866333008,81.1863021850586,187.13450622558594
230.04100036621094,55.66600036621094,77.8541030883789,187.71780395507812
227.50509643554688,62.86309814453125,79.94200134277344,186.4499969482422
222.922607421875,55.266700744628906,81.52439880371094,191.9062042236328
223.15780639648438,57.088199615478516,77.11470031738281,191.57749938964844
220.46279907226562,59.643798828125,83.10240173339844,188.4541015625
221.4803009033203,56.23040008544922,76.4937973022461,190.42770385742188
220.98440551757812,59.21580123901367,78.32720184326172,192.7913055419922
218.69869995117188,57.8931999206543,79.80719757080078,188.7158966064453
217.6920928955078,56.80730056762695,82.08679962158203,190.06419372558594
218.86920166015625,58.5525016784668,80.24400329589844,188.38340759277344
218.38189697265625,59.42359924316406,79.68260192871094,188.20449829101562
213.91009521484375,53.933799743652344,86.11910247802734,191.24240112304688
216.6186065673828,53.17850112915039,83.3667984008789,192.82269287109375
218.55020141601562,50.5796012878418,76.62409973144531,189.595703125
219.34849548339844,46.24300003051758,74.48380279541016,191.32640075683594
218.6511993408203,44.92729949951172,77.3904037475586,183.14349365234375
222.19439697265625,43.55580139160156,70.60050201416016,181.510498046875
223.11680603027344,40.917198181152344,69.52210235595703,180.5782012939453
220.85360717773438,41.226600646972656,73.7406005859375,177.32260131835938
219.1676025390625,39.76470184326172,76.63999938964844,175.65679931640625
219.2165985107422,40.75559997558594,79.97339630126953,174.0950927734375
220.535400390625,35.95140075683594,73.10240173339844,180.53160095214844
215.51539611816406,36.46160125732422,82.19580078125,179.25
217.61289978027344,36.03160095214844,74.69770050048828,177.77389526367188
214.72149658203125,34.75619888305664,77.93190002441406,182.85719299316406
214.76319885253906,34.12730026245117,76.54949951171875,181.63270568847656
213.4748992919922,32.78120040893555,77.61180114746094,183.093994140625
213.17120361328125,30.88759994506836,73.96739959716797,186.4420928955078
211.1157989501953,32.81290054321289,75.091796875,184.79449462890625
212.2490997314453,33.769100189208984,69.82550048828125,185.7823028564453
211.4438018798828,31.497299194335938,72.2384033203125,186.0933074951172
211.37930297851562,31.7450008392334,68.59159851074219,184.34449768066406
210.38510131835938,26.558000564575195,70.22419738769531,189.1374969482422
209.3542022705078,26.799400329589844,69.46150207519531,188.59860229492188
207.69320678710938,25.270299911499023,72.05139923095703,192.4739990234375
211.5229949951172,22.742799758911133,67.31430053710938,189.41180419921875
211.17010498046875,21.10689926147461,70.09880065917969,183.06849670410156
211.78359985351562,24.16360092163086,66.52539825439453,175.8701934814453
219.31170654296875,20.609100341796875,58.65039825439453,170.5236053466797
217.4365997314453,19.33340072631836,61.863800048828125,168.54649353027344
216.34080505371094,18.2091007232666,66.8749008178711,175.57119750976562
216.90240478515625,15.387900352478027,60.81589889526367,174.06100463867188
211.86590576171875,12.881199836730957,73.52519989013672,180.5980987548828
211.50799560546875,16.291900634765625,74.96739959716797,174.0572967529297
210.6154022216797,14.836600303649902,76.53009796142578,175.24839782714844
208.24560546875,14.238200187683105,80.30570220947266,179.2584991455078
210.8278045654297,15.447500228881836,74.21119689941406,180.3883056640625
209.68960571289062,17.022499084472656,75.55059814453125,175.8927001953125
209.38279724121094,15.570699691772461,74.79750061035156,179.8946075439453
210.79859924316406,18.662799835205078,72.98040008544922,176.9857940673828
211.38699340820312,21.195499420166016,73.49500274658203,175.84100341796875
214.97030639648438,24.446800231933594,68.80829620361328,172.81329345703125
214.7729949951172,27.454099655151367,68.46260070800781,174.44200134277344
215.72689819335938,26.496000289916992,66.64720153808594,169.8907928466797
212.7373046875,28.98310089111328,71.4103012084961,173.7404022216797
213.2154998779297,31.886199951171875,69.37860107421875,166.23060607910156
213.11300659179688,31.279499053955078,69.84619903564453,166.41859436035156
213.6439971923828,30.8843994140625,70.22059631347656,165.59280395507812
213.21449279785156,29.713499069213867,72.9291000366211,165.0301971435547
213.89739990234375,25.958099365234375,71.94840240478516,168.08929443359375
212.9871063232422,25.01059913635254,73.67639923095703,168.98719787597656
211.61700439453125,22.384300231933594,72.93440246582031,169.23109436035156
209.1094970703125,20.63479995727539,77.99759674072266,170.22410583496094
212.72999572753906,22.75189971923828,75.0863037109375,167.7852020263672
214.33349609375,23.454599380493164,71.66960144042969,168.9123992919922
213.60330200195312,24.270099639892578,71.08450317382812,165.1721954345703
210.78140258789062,25.255599975585938,73.50299835205078,158.1584930419922
215.9499969482422,25.85460090637207,64.23760223388672,167.63259887695312
212.49169921875,30.269100189208984,71.14409637451172,161.7946014404297
217.59500122070312,32.4375,64.38259887695312,178.6132049560547
222.14439392089844,41.014400482177734,56.48699951171875,169.04859924316406
221.82220458984375,41.180599212646484,62.51250076293945,173.29750061035156
223.69090270996094,42.170101165771484,60.58660125732422,177.38040161132812
223.5395965576172,46.12519836425781,61.870201110839844,173.2528076171875
223.01950073242188,48.07229995727539,63.07939910888672,176.8441925048828
222.318603515625,46.470298767089844,65.08760070800781,177.88169860839844
226.76519775390625,50.7239990234375,58.75870132446289,177.09739685058594
226.88580322265625,49.89659881591797,60.34980010986328,174.09739685058594
226.14889526367188,53.42729949951172,76.32160186767578,169.40609741210938
229.897705078125,53.58980178833008,67.21829986572266,164.04490661621094
230.9947052001953,50.59700012207031,72.37449645996094,160.78829956054688
230.76519775390625,49.38479995727539,77.70709991455078,157.04100036621094
234.05020141601562,51.10960006713867,77.40869903564453,158.52049255371094
234.46400451660156,49.910400390625,81.03379821777344,157.78289794921875
236.18649291992188,50.84429931640625,77.22149658203125,158.94569396972656
237.35670471191406,51.173099517822266,81.3727035522461,155.55160522460938
242.618896484375,55.158199310302734,71.64869689941406,155.6468963623047
242.3260955810547,54.92620086669922,77.31279754638672,153.5030975341797
239.28070068359375,51.482398986816406,99.00260162353516,155.97279357910156
242.79840087890625,55.075801849365234,119.60479736328125,154.24789428710938
240.2841033935547,58.68629837036133,126.27770233154297,150.30299377441406
226.80880737304688,49.37779998779297,141.18600463867188,156.0977020263672
230.61380004882812,46.506900787353516,135.63319396972656,164.85760498046875
231.82659912109375,51.37770080566406,134.94859313964844,160.61839294433594
234.510498046875,31.292600631713867,128.02940368652344,182.50030517578125
238.32130432128906,16.654199600219727,129.99310302734375,196.872802734375
239.76730346679688,5.174900054931641,122.93009948730469,204.55369567871094
237.59620666503906,19.797800064086914,136.82000732421875,189.28970336914062
239.02000427246094,25.66670036315918,133.18829345703125,179.422607421875
244.18380737304688,17.30929946899414,130.4680938720703,186.97120666503906
252.7342987060547,11.511899948120117,112.5322036743164,190.41050720214844
250.80380249023438,12.670499801635742,122.57479858398438,188.5009002685547
254.6627960205078,13.028599739074707,127.88140106201172,187.40440368652344
252.0500946044922,20.881900787353516,137.2958984375,178.53269958496094
257.60009765625,21.027000427246094,135.39019775390625,180.1291046142578
267.701904296875,13.00160026550293,111.43319702148438,186.3927001953125
268.0155029296875,10.92609977722168,115.99189758300781,185.8195037841797
271.7005920410156,13.380999565124512,111.04229736328125,185.00160217285156
270.9382019042969,12.56760025024414,108.96160125732422,182.4093017578125
275.6669006347656,21.04949951171875,103.46050262451172,173.87620544433594
279.9320068359375,15.907600402832031,99.86190032958984,176.13999938964844
281.477294921875,12.26259994506836,111.67150115966797,184.6262969970703
285.3638916015625,12.690099716186523,109.55079650878906,182.63330078125
285.510009765625,10.20580005645752,124.59809875488281,185.11509704589844
287.6357116699219,15.616000175476074,125.50050354003906,182.89019775390625
289.84600830078125,13.688300132751465,116.55979919433594,182.9029998779297
294.0794982910156,9.721599578857422,124.47560119628906,186.46080017089844
289.0819091796875,18.572599411010742,141.25079345703125,174.50509643554688
292.3656005859375,16.284400939941406,127.55549621582031,179.92779541015625
289.77398681640625,12.786199569702148,140.77830505371094,177.97610473632812
283.7715148925781,16.419599533081055,152.43240356445312,178.71969604492188
291.65008544921875,9.016200065612793,144.31410217285156,189.81370544433594
295.1830139160156,9.112500190734863,143.08900451660156,189.01910400390625
305.5458068847656,7.456900119781494,128.0216064453125,188.82919311523438
303.0328063964844,13.29259967803955,136.9976043701172,187.9824981689453
305.0284118652344,10.8572998046875,117.72709655761719,185.54429626464844
308.7278137207031,15.018099784851074,102.30359649658203,184.07119750976562
309.5137023925781,7.386000156402588,108.26570129394531,187.02830505371094
308.889404296875,10.854499816894531,113.53459930419922,187.8784942626953
311.2904052734375,11.964500427246094,105.43669891357422,186.01800537109375
314.70489501953125,5.473999977111816,104.61239624023438,189.0756072998047
314.6247863769531,7.210899829864502,99.52729797363281,186.26019287109375
312.1640930175781,5.586699962615967,111.61160278320312,187.9138946533203
306.3507995605469,12.767000198364258,118.73979949951172,184.831298828125
315.9150085449219,11.142499923706055,93.7030029296875,178.8939971923828
309.1693115234375,15.183500289916992,107.3136978149414,181.31900024414062
311.2192077636719,11.207500457763672,115.24330139160156,180.12109375
309.0960998535156,19.159099578857422,114.48760223388672,177.17799377441406
309.423095703125,19.779199600219727,99.21820068359375,175.38650512695312
313.23480224609375,14.635700225830078,99.19319915771484,180.43099975585938
313.4820861816406,20.614200592041016,87.32849884033203,174.74710083007812
313.42608642578125,22.008399963378906,85.2562026977539,169.9842987060547
312.75750732421875,27.562999725341797,91.42220306396484,177.96119689941406
310.1676025390625,24.321399688720703,89.70240020751953,169.80259704589844
312.9993896484375,21.420299530029297,86.21690368652344,176.9770965576172
312.0508117675781,28.599700927734375,85.56610107421875,174.4033966064453
312.2325134277344,24.17639923095703,90.38089752197266,174.41749572753906
314.177490234375,25.180999755859375,84.76709747314453,180.2248992919922
313.5491027832031,22.50079917907715,84.48370361328125,178.59800720214844
310.76031494140625,19.130399703979492,88.29900360107422,181.07400512695312
316.6918029785156,17.689199447631836,81.62300109863281,182.9593048095703
315.2171936035156,16.031400680541992,88.3113021850586,183.11000061035156
316.4443054199219,14.88230037689209,90.33509826660156,184.95150756835938
317.0263977050781,16.73069953918457,91.0969009399414,185.2790069580078
325.1492919921875,16.261899948120117,79.10399627685547,187.372802734375
321.2401123046875,16.299800872802734,86.75640106201172,183.9136962890625
327.60369873046875,20.43630027770996,81.38469696044922,182.04190063476562
322.8223876953125,23.754899978637695,87.97689819335938,176.86990356445312
328.2939147949219,22.58970069885254,81.50479888916016,175.8759002685547
329.5898132324219,27.348800659179688,77.61599731445312,172.00869750976562
329.6935119628906,29.313100814819336,79.45010375976562,168.44219970703125
329.0918884277344,30.065399169921875,80.75450134277344,167.66259765625
328.756103515625,25.235599517822266,78.57039642333984,175.3372039794922
328.5534973144531,25.138999938964844,79.98040008544922,169.7823028564453
329.9739990234375,22.254199981689453,75.97059631347656,178.16360473632812
330.7320861816406,15.367600440979004,73.2322998046875,182.00489807128906
332.30010986328125,16.939300537109375,70.62139892578125,179.4199981689453
329.3171081542969,9.312100410461426,74.30829620361328,187.64370727539062
328.69879150390625,10.440500259399414,76.59619903564453,183.9311981201172
329.9440002441406,9.034700393676758,76.51719665527344,183.67100524902344
331.96160888671875,7.042099952697754,75.43910217285156,184.59519958496094
329.6798095703125,4.7459001541137695,80.14610290527344,188.0998992919922
328.6192932128906,6.346399784088135,81.97370147705078,185.9691925048828
329.0476989746094,6.219299793243408,79.5155029296875,185.97360229492188
332.42510986328125,6.014200210571289,76.33519744873047,183.39959716796875
330.6980895996094,5.939000129699707,78.95320129394531,180.45880126953125
334.065185546875,10.331700325012207,76.8030014038086,175.12210083007812
335.8913879394531,10.133899688720703,73.7614974975586,169.75579833984375
344.3362121582031,18.74340057373047,64.220703125,165.81739807128906
338.3534851074219,8.044300079345703,70.40979766845703,173.22039794921875
344.42041015625,14.20300006866455,66.74140167236328,161.8000946044922
339.96258544921875,8.316200256347656,66.99210357666016,165.93629455566406
350.0895080566406,18.23240089416504,58.247798919677734,155.76890563964844
353.7681884765625,16.04290008544922,51.42919921875,155.91209411621094
357.9193115234375,11.47760009765625,48.76530075073242,157.4416961669922
346.1465148925781,5.946800231933594,61.81829833984375,163.7678985595703
346.4169921875,11.35990047454834,61.78820037841797,159.16580200195312
355.8594055175781,19.50749969482422,55.0442008972168,148.27659606933594
357.1711120605469,17.34760093688965,52.20130157470703,150.65359497070312
356.1285095214844,19.078100204467773,52.28710174560547,149.14370727539062
356.43798828125,19.237499237060547,53.581199645996094,148.8135986328125
354.8594970703125,22.058000564575195,55.19309997558594,146.02450561523438
353.9526062011719,21.32819938659668,55.23870086669922,146.15420532226562
352.6636047363281,18.360700607299805,56.1968994140625,149.5605926513672
352.1481018066406,14.55720043182373,55.98030090332031,155.5428009033203
349.4674072265625,15.958399772644043,61.21160125732422,157.36709594726562
345.3569030761719,14.040900230407715,64.67500305175781,157.32020568847656
353.7868957519531,19.758800506591797,54.10559844970703,151.38499450683594
345.45849609375,17.482500076293945,66.61239624023438,154.77090454101562
345.35089111328125,7.8018999099731445,65.08719635009766,164.96299743652344
350.2748107910156,6.114799976348877,60.070899963378906,170.1894073486328
347.5094909667969,7.466000080108643,63.06079864501953,169.85890197753906
351.7705078125,12.962400436401367,58.16389846801758,166.11279296875
350.94891357421875,13.709099769592285,59.86750030517578,165.35659790039062
348.9642028808594,15.735899925231934,62.22829818725586,164.34080505371094
351.6044006347656,12.43120002746582,62.76839828491211,165.80810546875
348.9975891113281,10.743900299072266,67.74120330810547,166.38079833984375
350.3785095214844,7.035900115966797,64.36599731445312,169.39259338378906
352.7265930175781,6.247200012207031,62.047401428222656,170.05279541015625
353.5487976074219,10.797900199890137,62.331298828125,168.17140197753906
354.5436096191406,8.18179988861084,62.98460006713867,170.01559448242188
355.1742858886719,13.470999717712402,63.89059829711914,162.77430725097656
354.6058044433594,12.963500022888184,65.26290130615234,164.37100219726562
354.5542907714844,13.613200187683105,67.05120086669922,163.69540405273438
354.1167907714844,19.083499908447266,67.61360168457031,157.7729034423828
355.5840148925781,14.09000015258789,67.5093002319336,163.0749053955078
353.87640380859375,23.125699996948242,70.6187973022461,153.2252960205078
353.2521057128906,16.79669952392578,75.0426025390625,160.13450622558594
354.635009765625,22.62179946899414,74.556396484375,155.2541961669922
354.693115234375,26.712600708007812,75.66729736328125,150.56820678710938
356.0262145996094,19.533100128173828,73.59660339355469,158.435302734375
354.8127136230469,18.856700897216797,77.37259674072266,157.51010131835938
355.1005859375,19.777999877929688,76.68679809570312,160.06700134277344
355.7143859863281,24.046199798583984,74.67400360107422,154.5030975341797
355.060791015625,14.302399635314941,80.65440368652344,162.375
356.17010498046875,15.070799827575684,85.70439910888672,163.12950134277344
358.6632995605469,13.044899940490723,81.3947982788086,165.94459533691406
358.3634033203125,10.384599685668945,83.2605972290039,166.3433074951172
358.3583984375,12.974599838256836,85.97589874267578,166.70590209960938
359.01739501953125,12.206000328063965,81.47840118408203,167.79820251464844
358.4501953125,11.679400444030762,86.00350189208984,168.8303985595703
357.7637023925781,16.55660057067871,90.9177017211914,163.4976043701172
355.1377868652344,20.444299697875977,91.0708999633789,156.9779052734375
355.16119384765625,18.083499908447266,91.33570098876953,159.0789031982422
364.539306640625,14.264200210571289,81.54859924316406,160.36090087890625
352.939208984375,13.618800163269043,101.96019744873047,164.84210205078125
357.53118896484375,17.022600173950195,98.53500366210938,158.33050537109375
370.5054931640625,11.767999649047852,86.0542984008789,161.46690368652344
371.02301025390625,12.576399803161621,89.86219787597656,165.72470092773438
378.15069580078125,11.331600189208984,77.58450317382812,160.5843963623047
386.1881103515625,10.311699867248535,67.70600128173828,164.49749755859375
384.59039306640625,8.503600120544434,72.44750213623047,162.41720581054688
385.477294921875,5.676700115203857,72.47149658203125,162.5458984375
386.41009521484375,4.173799991607666,75.51920318603516,162.0605926513672
389.53338623046875,3.4451000690460205,69.1989974975586,164.58920288085938
391.1199035644531,0.8536999821662903,68.39340209960938,164.20550537109375
393.372314453125,1.6928000450134277,68.53510284423828,161.9517059326172
392.33209228515625,2.0262999534606934,74.13040161132812,162.5847930908203
393.3476867675781,2.471299886703491,76.08039855957031,161.05320739746094
396.00689697265625,0.10899999737739563,69.72959899902344,156.23190307617188
393.79058837890625,2.5374999046325684,74.32959747314453,158.33599853515625
393.52459716796875,3.050800085067749,78.77539825439453,155.70790100097656
395.5893859863281,4.387199878692627,78.3781967163086,155.75559997558594
397.30999755859375,1.9270000457763672,78.36799621582031,155.7935028076172
398.10540771484375,3.80649995803833,81.60669708251953,155.38900756835938
400.60089111328125,4.705999851226807,77.31800079345703,153.8824005126953
402.2034912109375,1.30239999294281,70.71219635009766,156.1956024169922
406.38848876953125,3.0462000370025635,65.62590026855469,157.3585968017578
400.981201171875,1.4151999950408936,80.62640380859375,158.94070434570312
405.3799133300781,5.37470006942749,85.92769622802734,156.8726043701172
406.86370849609375,1.4156999588012695,73.51380157470703,154.84019470214844
405.591796875,2.853800058364868,79.9041976928711,158.06520080566406
401.9819030761719,3.808000087738037,101.96859741210938,155.55039978027344
402.1549987792969,6.6975998878479,101.21869659423828,150.00439453125
408.1239013671875,7.459799766540527,85.92549896240234,151.0522003173828
404.55828857421875,5.683800220489502,101.49140167236328,153.35049438476562
408.57049560546875,9.189000129699707,89.76629638671875,149.93890380859375
407.781494140625,5.783599853515625,101.10330200195312,153.4158935546875
405.6705017089844,8.766400337219238,102.26129913330078,151.70590209960938
411.1913146972656,10.333399772644043,90.2948989868164,154.06820678710938
414.7698059082031,9.29520034790039,92.50029754638672,149.6121063232422
420.269287109375,10.524100303649902,75.79450225830078,150.58770751953125
421.21868896484375,8.305100440979004,79.51080322265625,154.13560485839844
419.875,9.63599967956543,86.27290344238281,154.3524932861328
423.3525085449219,12.369400024414062,77.68479919433594,149.67579650878906
422.6830139160156,10.190500259399414,82.5468978881836,152.57940673828125
423.6383056640625,12.301799774169922,78.73359680175781,151.39599609375
426.1701965332031,12.702199935913086,77.03160095214844,153.3424072265625
426.75750732421875,11.647299766540527,75.8646011352539,154.5948944091797
428.8174133300781,11.064800262451172,73.56849670410156,154.5930938720703
430.0368957519531,15.063400268554688,73.3134994506836,157.20010375976562
435.20941162109375,14.885000228881836,67.38289642333984,153.25680541992188
435.7687072753906,14.463299751281738,68.30180358886719,153.32650756835938
437.65521240234375,18.136899948120117,69.6698989868164,152.27450561523438
435.73651123046875,16.887300491333008,75.31819915771484,149.60040283203125
438.71771240234375,18.432199478149414,70.58999633789062,151.30490112304688
438.8749084472656,22.786500930786133,74.3009033203125,150.26840209960938
441.46148681640625,24.819700241088867,72.27339935302734,143.69659423828125
443.75079345703125,21.213499069213867,72.51329803466797,148.2552032470703
445.5044860839844,25.00749969482422,74.9894027709961,145.40769958496094
450.1966857910156,22.515600204467773,62.49259948730469,149.6759033203125
450.214599609375,20.10540008544922,65.53630065917969,148.0032958984375
450.7383117675781,20.625999450683594,69.66940307617188,148.81109619140625
453.17010498046875,22.80940055847168,69.69709777832031,148.21730041503906
454.5492858886719,21.173500061035156,71.91629791259766,147.76220703125
458.8340148925781,20.125900268554688,65.20079803466797,152.29969787597656
459.0745849609375,22.238500595092773,68.82839965820312,147.5124969482422
460.0992126464844,21.612300872802734,69.31939697265625,149.10740661621094
462.4924011230469,23.628299713134766,69.21119689941406,144.73910522460938
461.7615051269531,19.916200637817383,72.06230163574219,146.5124969482422
464.4112854003906,23.701499938964844,73.21690368652344,141.7624969482422
464.7174072265625,23.408599853515625,73.44450378417969,144.3444061279297
467.0935974121094,25.41080093383789,69.90049743652344,141.72999572753906
467.05389404296875,18.709400177001953,69.47810363769531,148.90350341796875
469.29180908203125,25.319499969482422,68.63369750976562,145.29820251464844
469.9169921875,19.58139991760254,72.68209838867188,145.9420928955078
466.71258544921875,31.126800537109375,87.04650115966797,140.0968017578125
469.6903076171875,19.076799392700195,82.44239807128906,140.23599243164062
472.7077941894531,24.7987003326416,76.11329650878906,137.71060180664062
471.33099365234375,24.2268009185791,79.36399841308594,144.27029418945312
475.0885925292969,23.963699340820312,70.51599884033203,142.6201934814453
475.19610595703125,17.95159912109375,82.06600189208984,146.82040405273438
477.5517883300781,24.766799926757812,74.9655990600586,144.8072967529297
480.5787048339844,18.475900650024414,75.34329986572266,145.82110595703125
481.3937072753906,25.124500274658203,70.8644027709961,144.24940490722656
480.98651123046875,19.14550018310547,86.681396484375,145.63299560546875
483.105712890625,19.14349937438965,77.7708969116211,143.69009399414062
479.96759033203125,21.70479965209961,94.4490966796875,144.25830078125
483.47601318359375,18.60140037536621,86.92130279541016,144.55380249023438
484.4696044921875,22.311599731445312,89.65160369873047,142.5177001953125
487.5517883300781,23.508100509643555,83.19819641113281,140.0989990234375
484.1095886230469,23.798200607299805,89.7040023803711,139.38209533691406
482.6603088378906,28.841299057006836,102.45379638671875,136.8470001220703
482.1123046875,29.840900421142578,105.11969757080078,135.73199462890625
483.97491455078125,28.40959930419922,98.61949920654297,135.83120727539062
486.3157043457031,31.14109992980957,84.51580047607422,133.12210083007812
484.910888671875,29.67180061340332,93.78990173339844,132.61090087890625
483.7051086425781,26.72949981689453,99.91310119628906,137.37100219726562
487.9462890625,29.54050064086914,90.57759857177734,134.25970458984375
487.83709716796875,29.0718994140625,91.55079650878906,135.0128936767578
492.13739013671875,28.640199661254883,78.59040069580078,137.57339477539062
493.1722106933594,28.24810028076172,64.00830078125,138.28379821777344
490.8523864746094,25.31760025024414,73.55599975585938,137.3341064453125
490.1532897949219,28.431699752807617,74.41529846191406,138.6020050048828
485.610595703125,26.878299713134766,95.04080200195312,138.147705078125
487.223388671875,28.832399368286133,81.46289825439453,135.9803924560547
491.4028015136719,28.475000381469727,64.0552978515625,139.56809997558594
486.7825927734375,27.751699447631836,71.36150360107422,139.07989501953125
484.9424133300781,29.64929962158203,71.51010131835938,137.46409606933594
481.7268981933594,29.257699966430664,79.59239959716797,137.46530151367188
485.5375061035156,32.56549835205078,63.335601806640625,134.61160278320312
477.6257019042969,34.19260025024414,82.85659790039062,131.8076934814453
482.0710144042969,28.8257999420166,66.768798828125,136.2722930908203
474.01800537109375,30.11370086669922,80.46549987792969,137.13980102539062
476.54779052734375,33.072898864746094,72.77880096435547,132.60780334472656
475.51629638671875,30.8981990814209,75.7822036743164,135.654296875
471.9107971191406,32.84389877319336,87.10910034179688,134.50120544433594
480.2195129394531,32.84189987182617,60.655601501464844,135.75160217285156
474.93499755859375,28.419700622558594,70.66230010986328,136.97059631347656
473.5445861816406,32.991600036621094,69.36750030517578,135.3675994873047
474.32159423828125,29.918500900268555,71.22029876708984,137.54989624023438
469.3192138671875,30.505699157714844,74.23059844970703,138.23609924316406
475.9519958496094,28.499300003051758,63.23889923095703,137.85800170898438
479.9101867675781,25.373699188232422,55.13800048828125,142.6215057373047
473.8207092285156,25.70549964904785,67.14240264892578,139.75540161132812
472.4440002441406,24.155000686645508,67.09529876708984,140.92860412597656
475.17388916015625,27.175600051879883,58.04199981689453,141.12429809570312
474.07550048828125,27.566699981689453,62.962799072265625,138.37289428710938
477.23968505859375,24.664400100708008,56.010799407958984,143.11810302734375
479.1048889160156,25.844499588012695,53.46979904174805,144.06480407714844
477.6499938964844,27.454700469970703,56.121498107910156,139.32479858398438
475.5423889160156,26.208799362182617,56.74489974975586,142.6031036376953
474.7485046386719,22.484100341796875,58.070899963378906,146.29119873046875
474.064208984375,25.433399200439453,57.32270050048828,141.8311004638672
474.57598876953125,26.156099319458008,54.76649856567383,143.02310180664062
472.0166015625,26.047000885009766,58.85490036010742,142.13299560546875
472.3960876464844,25.584800720214844,53.527000427246094,142.8520050048828
468.7294006347656,27.416900634765625,58.15679931640625,142.26019287109375
468.7620849609375,29.3799991607666,56.34049987792969,136.87770080566406
467.2341003417969,29.747800827026367,53.70140075683594,139.37339782714844
465.589111328125,27.436100006103516,55.85430145263672,140.7906036376953
461.7112121582031,26.696800231933594,57.46900177001953,142.29820251464844
458.99951171875,28.735200881958008,60.73970031738281,140.3459014892578
458.48040771484375,24.672500610351562,56.79209899902344,142.30909729003906
456.2561950683594,28.298500061035156,54.76300048828125,137.8271942138672
451.15740966796875,26.296600341796875,63.48529815673828,140.8773956298828
448.7829895019531,27.382999420166016,61.72529983520508,140.80780029296875
444.8139953613281,27.215599060058594,62.88629913330078,139.75050354003906
444.072998046875,29.578399658203125,58.28300094604492,140.78610229492188
439.352294921875,29.33970069885254,60.847900390625,139.21359252929688
438.2489013671875,31.778799057006836,53.713199615478516,137.0821075439453
433.4089050292969,33.619998931884766,58.37379837036133,138.9199981689453
429.7149963378906,31.70400047302246,57.492801666259766,136.2664031982422
425.2420959472656,33.99530029296875,57.7510986328125,137.38119506835938
418.7242126464844,34.15140151977539,69.26339721679688,139.1903076171875
422.1907043457031,39.30160140991211,53.844600677490234,134.58749389648438
418.2344970703125,35.11600112915039,59.0802001953125,140.83399963378906
413.4179992675781,38.34270095825195,60.60300064086914,139.4250946044922
403.8562927246094,39.015201568603516,70.49739837646484,140.04100036621094
398.99591064453125,45.64739990234375,74.53849792480469,138.25289916992188
393.3005065917969,45.71900177001953,79.43280029296875,138.76539611816406
398.74468994140625,50.2223014831543,72.51699829101562,136.31719970703125
396.1559143066406,51.822200775146484,67.71199798583984,137.80520629882812
396.2515869140625,52.3932991027832,68.04810333251953,139.66969299316406
395.94580078125,51.3306999206543,61.09579849243164,141.7248992919922
389.7168884277344,53.95840072631836,66.293701171875,140.11810302734375
387.56329345703125,54.83869934082031,64.05180358886719,138.36529541015625
383.77740478515625,54.96879959106445,65.74479675292969,140.13780212402344
383.5295104980469,52.90700149536133,62.706199645996094,145.02169799804688
381.16790771484375,53.67789840698242,63.13290023803711,147.0294952392578
381.985107421875,58.39540100097656,57.08000183105469,142.6746063232422
378.96710205078125,61.35820007324219,61.18949890136719,140.58680725097656
376.6695861816406,61.14939880371094,61.22669982910156,142.46240234375
375.8700866699219,62.70240020751953,57.519901275634766,142.18389892578125
373.2997131347656,64.16079711914062,59.5635986328125,141.12660217285156
374.9938049316406,66.5427017211914,52.65480041503906,141.59469604492188
373.5203857421875,69.47969818115234,53.724098205566406,140.0467987060547
371.3399963378906,68.47730255126953,54.286598205566406,139.7021026611328
370.75628662109375,67.10340118408203,54.248600006103516,142.1656951904297
371.09051513671875,66.54209899902344,53.51219940185547,142.65480041503906
371.5671081542969,69.2947006225586,54.529998779296875,139.841796875
370.6694030761719,70.35759735107422,56.229801177978516,137.61070251464844
366.8749084472656,71.06880187988281,59.185298919677734,137.0498046875
367.5006103515625,70.84760284423828,60.845298767089844,137.6425018310547
368.4422912597656,69.09329986572266,60.40769958496094,138.8592987060547
368.7680969238281,70.36289978027344,58.4911994934082,138.47610473632812
371.58599853515625,70.35679626464844,57.66210174560547,138.27149963378906
365.76611328125,70.69989776611328,65.19920349121094,138.13169860839844
365.6072998046875,69.81670379638672,68.78900146484375,140.85260009765625
370.84051513671875,72.285400390625,58.605098724365234,140.77439880371094
365.5415954589844,72.73560333251953,60.57740020751953,139.03759765625
368.444091796875,72.61389923095703,58.7317008972168,138.1074981689453
369.747802734375,75.65399932861328,54.38990020751953,137.5825958251953
364.6370849609375,75.90470123291016,61.548301696777344,141.41940307617188
367.4147033691406,80.07170104980469,59.931800842285156,136.1685028076172
364.6968994140625,81.37210083007812,59.52109909057617,137.4904022216797
361.0990905761719,82.40440368652344,62.52220153808594,139.59390258789062
359.9205017089844,85.33709716796875,63.049198150634766,138.22250366210938
355.3869934082031,86.83000183105469,68.33470153808594,140.35830688476562
355.80340576171875,90.48560333251953,62.94710159301758,137.8592071533203
358.0517883300781,91.4292984008789,61.65999984741211,141.5457000732422
351.0960998535156,92.77120208740234,70.52320098876953,140.7451934814453
352.07440185546875,101.27999877929688,70.99310302734375,134.38690185546875
347.3930969238281,97.3865966796875,73.28679656982422,138.19949340820312
347.0174865722656,99.98200225830078,69.21600341796875,137.7126007080078
342.6506042480469,98.61299896240234,71.17859649658203,138.5594024658203
344.5710144042969,103.49620056152344,69.21700286865234,135.51539611816406
341.19439697265625,101.0468978881836,66.74620056152344,135.87100219726562
343.7156982421875,99.5282974243164,59.8385009765625,139.89210510253906
338.81781005859375,101.7666015625,64.62480163574219,136.7592010498047
342.5649108886719,100.6852035522461,53.20930099487305,136.36830139160156
339.3192138671875,97.91829681396484,54.54439926147461,140.4259033203125
334.90460205078125,101.49829864501953,63.00630187988281,138.75270080566406
335.35650634765625,101.47429656982422,68.32569885253906,136.21730041503906
333.7218933105469,104.41850280761719,75.20809936523438,140.66729736328125
332.85931396484375,102.01029968261719,76.1312026977539,137.46060180664062
333.87451171875,100.49539947509766,74.98079681396484,140.42860412597656
334.31390380859375,100.14510345458984,71.73079681396484,141.24530029296875
331.6524963378906,102.42960357666016,78.38819885253906,138.25869750976562
331.5888977050781,99.4092025756836,71.69000244140625,140.8126983642578
331.5657958984375,99.05919647216797,71.10749816894531,141.61489868164062
329.8916931152344,95.36070251464844,75.21900177001953,143.3251953125
330.5621032714844,92.27619934082031,78.59929656982422,148.39280700683594
323.48779296875,95.34919738769531,90.66459655761719,141.34829711914062
323.0616149902344,95.33360290527344,95.1177978515625,142.7845001220703
321.14739990234375,95.61129760742188,89.73660278320312,143.7967987060547
328.25201416015625,90.13680267333984,84.67420196533203,148.8997039794922
342.077392578125,94.35449981689453,72.802001953125,147.69590759277344
341.218994140625,89.99349975585938,65.7219009399414,153.3726043701172
340.6830139160156,89.85099792480469,70.5436019897461,152.22360229492188
344.8758850097656,90.70349884033203,66.47850036621094,151.82420349121094
341.4645080566406,88.83390045166016,74.88700103759766,156.55130004882812
341.9607849121094,91.28379821777344,77.260498046875,157.03050231933594
340.2225036621094,91.80229949951172,82.03299713134766,156.66319274902344
342.8175964355469,93.85820007324219,82.7593994140625,156.92469787597656
339.22198486328125,89.9729995727539,82.2343978881836,163.74969482421875
341.0150146484375,95.30049896240234,88.1498031616211,161.0529022216797
342.8193054199219,92.48970031738281,82.16709899902344,164.027099609375
341.4397888183594,97.04129791259766,90.72100067138672,165.2322998046875
343.6286926269531,95.25160217285156,88.83000183105469,162.0074005126953
345.3677062988281,96.96209716796875,82.94380187988281,165.8708038330078
352.33929443359375,95.82240295410156,76.37449645996094,168.0561981201172
352.9101867675781,90.93990325927734,75.28410339355469,172.82569885253906
352.1080017089844,91.5115966796875,77.23690032958984,173.4167938232422
357.006103515625,90.33149719238281,64.9030990600586,180.7886962890625
356.0857849121094,87.30599975585938,71.34829711914062,179.67050170898438
352.01348876953125,87.60820007324219,73.86530303955078,180.07640075683594
347.9527893066406,82.4719009399414,84.92479705810547,182.07290649414062
346.422607421875,82.23040008544922,87.92539978027344,183.20509338378906
345.181884765625,80.4291000366211,90.67320251464844,184.2935028076172
347.0978088378906,76.85649871826172,88.69819641113281,185.68299865722656
346.0461120605469,75.61940002441406,92.40969848632812,183.07029724121094
344.0497131347656,77.04429626464844,91.08499908447266,192.55560302734375
345.37530517578125,76.293701171875,84.22380065917969,189.95199584960938
344.6542053222656,67.9092025756836,89.91519927978516,195.24609375
344.8464050292969,69.54769897460938,84.19650268554688,197.8887939453125
346.8283996582031,71.58550262451172,81.4926986694336,198.4387969970703
342.7857971191406,69.50640106201172,95.02130126953125,196.12969970703125
344.2491149902344,67.81159973144531,90.74749755859375,201.4447021484375
343.4612121582031,65.09590148925781,97.67459869384766,199.78309631347656
344.4732971191406,67.51709747314453,93.73210144042969,204.8887939453125
345.0404968261719,63.75709915161133,97.18379974365234,213.30029296875
346.3031921386719,63.50630187988281,99.14409637451172,206.56809997558594
342.96551513671875,65.73629760742188,111.33190155029297,213.0364990234375
347.33990478515625,62.49290084838867,106.18990325927734,217.20050048828125
345.5050964355469,60.56520080566406,102.92479705810547,215.88279724121094
343.2684020996094,60.96969985961914,109.0833969116211,216.522705078125
340.83331298828125,60.683799743652344,107.11029815673828,216.9362030029297
344.6482849121094,55.5161018371582,105.40950012207031,224.523193359375
346.6864013671875,49.413299560546875,109.54340362548828,225.87210083007812
353.3642883300781,51.89550018310547,102.44560241699219,224.29100036621094
344.215087890625,47.05509948730469,116.35050201416016,228.3332061767578
350.25408935546875,47.11949920654297,105.36270141601562,233.88650512695312
347.87579345703125,47.77069854736328,112.94139862060547,232.0697021484375
349.3583984375,43.53730010986328,109.24230194091797,234.81039428710938
346.4158935546875,42.69089889526367,110.68560028076172,239.3607940673828
350.685791015625,43.92559814453125,107.90170288085938,235.77940368652344
345.4433898925781,38.5364990234375,112.93879699707031,236.47549438476562
346.50299072265625,36.00619888305664,126.57209777832031,240.7725067138672
349.4555969238281,33.21620178222656,105.69100189208984,247.8874053955078
353.0237121582031,34.29010009765625,105.86740112304688,246.52650451660156
353.9996032714844,37.47380065917969,108.07369995117188,243.86630249023438
346.37701416015625,37.969200134277344,131.7595977783203,245.94020080566406
355.9070129394531,39.139400482177734,112.4083023071289,242.02520751953125
348.23199462890625,32.40719985961914,132.0052032470703,252.69149780273438
349.168212890625,37.35200119018555,125.82730102539062,242.84950256347656
357.2598876953125,34.60960006713867,114.86630249023438,247.95089721679688
349.2500915527344,27.175899505615234,115.27629852294922,254.73609924316406
354.4576110839844,29.942100524902344,117.26850128173828,254.70750427246094
354.8041076660156,29.43079948425293,123.42739868164062,256.9316101074219
362.806884765625,32.67319869995117,110.09989929199219,251.64979553222656
350.2314147949219,37.211299896240234,126.5696029663086,248.68690490722656
357.86968994140625,40.647499084472656,119.80709838867188,251.33560180664062
352.3280944824219,37.4739990234375,125.60140228271484,253.10980224609375
362.3056945800781,41.830101013183594,114.6270980834961,251.1300048828125
365.1178894042969,41.92959976196289,116.89140319824219,249.43820190429688
361.60211181640625,41.332801818847656,125.13189697265625,249.01010131835938
368.1180114746094,37.360801696777344,118.66929626464844,253.69960021972656
371.59979248046875,29.257400512695312,121.3230972290039,262.27960205078125
374.7929992675781,31.53339958190918,104.54820251464844,264.9775085449219
378.3966064453125,38.34809875488281,105.08219909667969,254.17950439453125
381.27178955078125,38.00469970703125,103.97419738769531,256.3255920410156
378.5566101074219,37.0182991027832,111.5364990234375,255.63600158691406
384.67388916015625,37.935001373291016,104.90879821777344,258.87689208984375
384.410400390625,38.0369987487793,113.28520202636719,253.52749633789062
384.0137023925781,35.1422004699707,113.29900360107422,251.86300659179688
388.0304870605469,30.04129981994629,108.88159942626953,254.96490478515625
389.1966857910156,27.826799392700195,104.88400268554688,251.42959594726562
391.1051940917969,20.600400924682617,105.35459899902344,258.3953857421875
390.9165954589844,19.387100219726562,106.2708969116211,258.46240234375
388.66461181640625,21.38050079345703,109.47889709472656,258.2576904296875
391.53179931640625,22.04640007019043,111.67320251464844,260.2956848144531
398.48748779296875,24.13990020751953,100.447998046875,260.84649658203125
397.9202880859375,27.40060043334961,102.31770324707031,262.1734924316406
396.2560119628906,29.928300857543945,105.18370056152344,259.2337951660156
395.6789855957031,31.80389976501465,106.97650146484375,258.9659118652344
398.35650634765625,35.96310043334961,105.74739837646484,258.3446960449219
395.83990478515625,38.6692008972168,111.1240005493164,257.9984130859375
400.0439147949219,37.57529830932617,104.09300231933594,258.9031066894531
400.53350830078125,43.24470138549805,101.67790222167969,254.36480712890625
401.1944885253906,42.36009979248047,102.39340209960938,257.20440673828125
398.4632873535156,42.35129928588867,108.84100341796875,258.12109375
404.0393981933594,42.89670181274414,103.79229736328125,255.90240478515625
399.97491455078125,46.43899917602539,107.54660034179688,255.83389282226562
397.6795959472656,42.3572998046875,118.45030212402344,252.64559936523438
402.83758544921875,42.51919937133789,110.94309997558594,261.9722900390625
405.4453125,45.37670135498047,108.56950378417969,260.0423889160156
410.09320068359375,42.79119873046875,103.05249786376953,257.72149658203125
409.8503112792969,45.669898986816406,108.16649627685547,259.0694885253906
410.29339599609375,38.35179901123047,109.44999694824219,265.4776916503906
411.4649963378906,41.946998596191406,112.8125991821289,262.69488525390625
410.6617126464844,44.077301025390625,116.28230285644531,259.6427001953125
413.055908203125,37.375999450683594,117.74659729003906,262.6372985839844
413.6064147949219,38.606998443603516,119.22229766845703,264.8741149902344
419.177490234375,42.29779815673828,112.86029815673828,262.7685852050781
417.5421142578125,42.60110092163086,115.24579620361328,264.9222106933594
417.15478515625,43.0255012512207,121.32530212402344,263.5802917480469
419.0097961425781,43.508201599121094,123.13590240478516,258.6659851074219
420.51629638671875,43.896400451660156,122.06330108642578,266.49951171875
419.7416076660156,44.65729904174805,127.92579650878906,265.3288879394531
424.25640869140625,38.409000396728516,120.70189666748047,264.65899658203125
424.80810546875,37.89820098876953,118.30709838867188,265.2605895996094
425.9491882324219,39.947200775146484,113.61229705810547,271.01251220703125
425.7030944824219,45.809898376464844,117.10040283203125,259.4236145019531
427.5570983886719,45.68389892578125,114.28199768066406,268.7267150878906
429.8334045410156,42.180999755859375,117.64820098876953,260.9193115234375
430.9237060546875,47.580501556396484,113.31199645996094,261.9068908691406
428.1664123535156,46.219398498535156,120.24320220947266,258.3927917480469
428.13848876953125,47.39419937133789,121.23709869384766,260.8254089355469
430.6173095703125,44.9557991027832,123.57119750976562,257.1217041015625
435.1708984375,43.31930160522461,114.26740264892578,257.2615051269531
439.7605895996094,49.75669860839844,109.158203125,259.4992980957031
443.68109130859375,46.487300872802734,104.96240234375,262.8132019042969
433.40411376953125,46.51850128173828,119.67669677734375,257.3830871582031
440.1159973144531,42.60150146484375,110.91169738769531,259.4873046875
439.326904296875,43.45280075073242,106.08350372314453,265.0304870605469
440.4230041503906,41.93280029296875,106.73719787597656,262.99639892578125
426.7499084472656,39.44309997558594,129.5093994140625,261.3113098144531
432.7226867675781,38.76679992675781,105.9625015258789,257.3937072753906
431.6325988769531,39.205501556396484,109.10099792480469,259.6189880371094
433.72198486328125,34.24300003051758,108.2427978515625,261.3214111328125
424.2438049316406,34.57849884033203,121.6063003540039,258.0780029296875
419.5743103027344,25.2593994140625,136.19740295410156,261.2947998046875
423.25799560546875,24.041200637817383,112.37319946289062,262.0981140136719
428.4408874511719,23.182199478149414,108.84130096435547,257.8157958984375
420.8160095214844,16.98900032043457,119.3469009399414,262.68109130859375
427.6861877441406,16.509700775146484,109.16780090332031,262.63299560546875
433.1971130371094,12.801899909973145,99.52400207519531,259.73858642578125
435.4548034667969,11.494600296020508,101.32610321044922,263.3539123535156
428.30810546875,6.9517998695373535,106.5031967163086,262.601806640625
437.70770263671875,6.192399978637695,97.78009796142578,262.0754089355469
416.65618896484375,7.182300090789795,125.98400115966797,261.46038818359375
439.1348876953125,5.160799980163574,98.78849792480469,261.9193115234375
434.63128662109375,4.561999797821045,107.05069732666016,259.1427917480469
429.4825134277344,5.25570011138916,108.76409912109375,257.44610595703125
435.5574035644531,4.684800148010254,100.74649810791016,256.6296081542969
426.41619873046875,2.8931000232696533,113.79969787597656,258.42388916015625
436.3507080078125,0.5677000284194946,103.0020980834961,257.6094970703125
422.248291015625,1.5966999530792236,120.7343978881836,259.5950012207031
424.6756896972656,1.1389000415802002,121.10559844970703,256.8568115234375
425.0299072265625,-1.9492000341415405,120.70269775390625,256.8891906738281
419.9526062011719,-1.4639999866485596,129.25570678710938,252.5408935546875
415.5968933105469,4.735000133514404,133.60549926757812,251.2913055419922
419.3411865234375,1.0227999687194824,132.8704071044922,260.40350341796875
419.5093078613281,-0.06360000371932983,124.72319793701172,254.93930053710938
425.8747863769531,-8.13659954071045,116.87049865722656,255.5072021484375
424.54010009765625,-0.6766999959945679,120.15119934082031,254.87879943847656
424.4552917480469,-0.12160000205039978,123.37059783935547,253.13839721679688
427.7298889160156,-6.202899932861328,121.50140380859375,254.0218963623047
428.9974060058594,1.2171000242233276,116.61219787597656,255.57940673828125
438.6877136230469,0.2513999938964844,106.60260009765625,247.95399475097656
428.0138854980469,3.6389999389648438,121.7781982421875,251.5944061279297
426.3554992675781,-1.9213999509811401,127.6488037109375,252.85809326171875
426.7987976074219,4.342199802398682,130.09530639648438,251.10260009765625
426.03759765625,2.6723999977111816,130.66140747070312,250.58949279785156
422.1979064941406,1.656999945640564,140.30380249023438,252.9311981201172
427.9208068847656,6.8383002281188965,126.40779876708984,251.37879943847656
434.23309326171875,3.664099931716919,123.49340057373047,254.0977020263672
429.7384948730469,1.139299988746643,131.6051025390625,257.7893981933594
427.3595886230469,0.4083999991416931,134.20889282226562,255.38040161132812
439.06640625,9.808699607849121,118.83999633789062,249.03480529785156
425.7215881347656,8.705400466918945,138.75540161132812,261.5968933105469
432.4523010253906,5.335599899291992,128.16160583496094,254.2913055419922
434.1510925292969,11.16670036315918,124.48359680175781,256.06109619140625
434.3996887207031,9.013999938964844,127.193603515625,256.0589904785156
434.34710693359375,9.801899909973145,126.58930206298828,259.1184997558594
434.0987854003906,12.317000389099121,132.4272003173828,261.4851989746094
435.83929443359375,11.50570011138916,123.01909637451172,258.45220947265625
435.9291076660156,16.38010025024414,131.0153045654297,255.4936065673828
438.210205078125,23.044200897216797,124.9937973022461,260.8843078613281
445.95098876953125,23.023000717163086,108.2229995727539,254.2989044189453
437.6321105957031,19.496400833129883,121.70040130615234,262.0387878417969
433.1874084472656,20.458799362182617,129.01919555664062,265.71551513671875
426.3385925292969,29.643600463867188,144.3690948486328,263.93499755859375
430.5458068847656,28.89229965209961,129.52850341796875,255.2895965576172
429.8511047363281,29.771299362182617,128.04580688476562,262.02130126953125
424.3387145996094,40.80339813232422,135.95480346679688,260.1603088378906
423.1122131347656,38.56610107421875,135.99070739746094,254.43409729003906
430.7721862792969,44.62379837036133,123.30380249023438,249.35960388183594
431.2383117675781,39.59550094604492,122.5165023803711,258.03839111328125
429.6560974121094,39.024898529052734,123.28959655761719,264.38330078125
434.4895935058594,49.845401763916016,114.8324966430664,257.3741149902344
429.57958984375,40.05550003051758,122.07610321044922,255.87489318847656
427.9190979003906,52.874298095703125,120.62670135498047,251.9654998779297
432.565185546875,47.92890167236328,118.37449645996094,254.7471923828125
427.70208740234375,52.52170181274414,124.01309967041016,257.2474060058594
431.8700866699219,50.082000732421875,122.88159942626953,253.4781036376953
427.84271240234375,51.16569900512695,123.99810028076172,255.29539489746094
430.8034973144531,49.339698791503906,123.17849731445312,262.8830871582031
435.3523864746094,43.6338005065918,114.16850280761719,256.81640625
428.9541931152344,46.180999755859375,126.2947006225586,262.25408935546875
427.8406066894531,51.54100036621094,125.48919677734375,252.9969024658203
429.66290283203125,49.23469924926758,127.43779754638672,256.431884765625
422.735595703125,55.01449966430664,144.0446014404297,256.239013671875
432.2455139160156,45.793701171875,117.68569946289062,257.2287902832031
430.3262939453125,45.974098205566406,125.57839965820312,261.1806945800781
428.59820556640625,43.32680130004883,130.4958038330078,258.74639892578125
431.54791259765625,53.35110092163086,123.77970123291016,257.7432861328125
429.927001953125,44.53519821166992,131.0758056640625,266.15679931640625
429.91900634765625,51.24620056152344,128.62489318847656,254.75149536132812
433.2044982910156,40.88180160522461,123.52159881591797,263.6706848144531
437.5152893066406,52.536598205566406,118.78710174560547,257.10101318359375
429.2290954589844,40.95989990234375,134.0989990234375,262.22479248046875
440.5105895996094,57.404998779296875,116.47760009765625,252.98260498046875
440.5054016113281,50.278900146484375,115.58100128173828,252.88690185546875
433.2593994140625,43.149898529052734,121.0708999633789,260.1163024902344
445.51129150390625,48.496498107910156,108.85089874267578,256.69439697265625
433.6625061035156,49.867698669433594,124.14299774169922,259.3066101074219
438.9632873535156,47.48929977416992,120.73789978027344,254.2397003173828
433.2524108886719,47.79679870605469,125.80229949951172,263.12701416015625
440.625,48.44919967651367,125.10900115966797,254.57020568847656
437.8099060058594,47.95009994506836,126.34290313720703,258.75048828125
433.84490966796875,53.327301025390625,133.877197265625,254.689697265625
435.92620849609375,49.30220031738281,122.42230224609375,254.30270385742188
433.87249755859375,50.03340148925781,132.54310607910156,256.4173889160156
437.8844909667969,53.097599029541016,114.41010284423828,254.47630310058594
436.0766906738281,49.10860061645508,119.32659912109375,258.68170166015625
432.98291015625,48.7406005859375,115.9646987915039,256.1055908203125
435.9551086425781,49.3306999206543,114.30760192871094,250.43820190429688
436.1886901855469,56.4827995300293,106.76809692382812,250.0717010498047
432.38360595703125,52.24369812011719,110.38729858398438,245.86900329589844
426.6734924316406,55.5088996887207,117.23739624023438,247.49330139160156
424.3699951171875,54.212501525878906,122.106201171875,246.7375946044922
425.35308837890625,63.189998626708984,111.83170318603516,237.42160034179688
417.989501953125,61.982200622558594,118.45590209960938,235.50509643554688
419.9071960449219,65.57260131835938,114.1260986328125,234.0487060546875
417.56170654296875,65.35700225830078,117.64759826660156,234.4965057373047
416.77459716796875,62.8468017578125,112.71179962158203,237.97479248046875
415.6123046875,74.44090270996094,114.60209655761719,228.64649963378906
411.40679931640625,68.99909973144531,114.75330352783203,227.13479614257812
407.2228088378906,69.0177001953125,120.2562026977539,227.85130310058594
407.4139099121094,78.6010971069336,115.52729797363281,223.0294952392578
404.235595703125,76.37120056152344,118.618896484375,223.94529724121094
399.6863098144531,73.74839782714844,121.23580169677734,222.80499267578125
398.944091796875,81.7853012084961,127.0376968383789,218.27059936523438
397.97210693359375,77.84929656982422,121.95960235595703,218.65220642089844
398.748291015625,78.6780014038086,116.17269897460938,225.4232940673828
398.2572937011719,77.87419891357422,110.34980010986328,224.22509765625
394.2680969238281,79.2437973022461,119.43000030517578,220.535400390625
396.025390625,77.84110260009766,114.70079803466797,219.73519897460938
394.0539855957031,79.91010284423828,120.6489028930664,218.39419555664062
391.8800964355469,80.91999816894531,119.845703125,219.39280700683594
391.94329833984375,79.46929931640625,112.46150207519531,218.9604034423828
389.93011474609375,78.57050323486328,112.46080017089844,225.6956024169922
389.0934143066406,79.67330169677734,115.11000061035156,223.88650512695312
390.63140869140625,74.81340026855469,111.34609985351562,228.16929626464844
389.02740478515625,79.87760162353516,107.35759735107422,225.43919372558594
391.3185119628906,78.20860290527344,102.37570190429688,223.23800659179688
389.8316955566406,76.29759979248047,101.73560333251953,226.48089599609375
390.2222900390625,75.4636001586914,99.64109802246094,226.64930725097656
389.6330871582031,79.25270080566406,97.03070068359375,226.53570556640625
389.1968994140625,80.0967025756836,95.347900390625,226.67959594726562
387.8959045410156,78.97550201416016,100.02069854736328,222.67239379882812
380.5697937011719,80.63710021972656,107.29309844970703,223.6031036376953
382.6471862792969,80.71589660644531,103.00579833984375,225.4279022216797
383.9158935546875,80.9845962524414,99.46749877929688,221.48739624023438
371.8572082519531,87.74759674072266,114.9092025756836,225.8988037109375
377.4429931640625,85.65370178222656,109.3041000366211,216.48939514160156
372.7875061035156,87.71379852294922,109.37220001220703,219.589599609375
368.198486328125,84.71610260009766,118.28230285644531,219.8018035888672
367.74749755859375,90.94940185546875,113.76419830322266,216.8385009765625
369.1158142089844,83.63729858398438,111.20179748535156,221.8365020751953
360.3514099121094,87.16790008544922,111.93599700927734,219.1457061767578
363.6946105957031,85.0468978881836,104.15699768066406,223.51280212402344
358.10198974609375,88.04229736328125,111.08509826660156,215.86639404296875
356.53619384765625,79.62889862060547,111.88059997558594,218.39669799804688
356.4981994628906,84.4845962524414,107.4229965209961,221.908203125
349.6612854003906,93.9011001586914,110.8678970336914,217.00169372558594
345.860107421875,84.779296875,116.4374008178711,220.02569580078125
344.1029968261719,90.21910095214844,113.48079681396484,218.33059692382812
342.5267028808594,85.82949829101562,116.50959777832031,215.49049377441406
337.6820983886719,89.62149810791016,118.9291000366211,216.8343963623047
329.9717102050781,95.1406021118164,132.3903045654297,208.7136993408203
326.05731201171875,99.78820037841797,123.47879791259766,203.63079833984375
318.9316101074219,90.2759017944336,133.9824981689453,209.33050537109375
311.29791259765625,99.81410217285156,159.00669860839844,201.99070739746094
313.8370056152344,103.44869995117188,192.6407928466797,191.88760375976562
305.91650390625,97.40709686279297,194.66819763183594,201.4897003173828
286.590087890625,88.04550170898438,175.17999267578125,202.22830200195312
295.2127990722656,96.04540252685547,192.9582977294922,197.42320251464844
293.6205139160156,92.21929931640625,184.29310607910156,202.50889587402344
286.1506042480469,94.03359985351562,178.03289794921875,200.5885009765625
278.5303039550781,91.18820190429688,194.46890258789062,203.06959533691406
275.8533020019531,91.56749725341797,178.1824951171875,199.35899353027344
269.6192932128906,79.59049987792969,146.2147979736328,209.7769012451172
274.0212097167969,77.29889678955078,122.66280364990234,211.3491973876953
268.61761474609375,85.57250213623047,125.82420349121094,205.2635955810547
264.46490478515625,75.47799682617188,127.50550079345703,213.0498046875
257.8055114746094,85.63680267333984,129.90609741210938,207.00619506835938
247.00950622558594,82.52629852294922,144.79969787597656,208.18069458007812
233.5742950439453,93.89320373535156,157.6699981689453,199.04469299316406
233.97169494628906,86.95220184326172,148.12100219726562,201.0771942138672
240.0655975341797,84.0457992553711,133.4490966796875,208.17160034179688
234.91639709472656,77.23269653320312,135.7989959716797,212.47650146484375
232.6383056640625,82.80339813232422,135.3018035888672,209.10440063476562
232.38479614257812,82.38680267333984,130.75819396972656,209.32350158691406
229.33999633789062,82.16259765625,132.94119262695312,208.5959014892578
227.38479614257812,84.63400268554688,131.00779724121094,209.78919982910156
231.28599548339844,80.70919799804688,126.65660095214844,208.80690002441406
231.3842010498047,78.65869903564453,121.0354995727539,216.29379272460938
227.90330505371094,72.47570037841797,123.58650207519531,219.68359375
224.30819702148438,72.32969665527344,127.11599731445312,222.54690551757812
223.1309051513672,79.36299896240234,125.02660369873047,213.86109924316406
222.58189392089844,79.3375015258789,122.72940063476562,216.04600524902344
221.0500946044922,84.17680358886719,121.5020980834961,209.74200439453125
223.5561065673828,91.177001953125,112.03099822998047,205.148193359375
222.3470001220703,86.1980972290039,113.447998046875,210.4987030029297
221.89540100097656,96.20960235595703,114.38600158691406,204.48570251464844
218.47500610351562,95.70189666748047,117.86620330810547,200.66819763183594
216.38229370117188,103.37000274658203,118.81600189208984,197.40980529785156
222.28599548339844,102.8822021484375,106.56690216064453,200.41619873046875
218.2873992919922,100.66570281982422,111.62979888916016,202.3365936279297
213.02560424804688,104.42649841308594,124.59490203857422,201.5930938720703
215.92230224609375,103.31759643554688,124.75129699707031,201.19200134277344
213.74769592285156,108.4625015258789,125.00350189208984,202.52450561523438
212.33169555664062,106.88469696044922,136.74729919433594,203.2050018310547
210.11990356445312,112.20020294189453,146.0653076171875,201.79409790039062
209.1378936767578,115.61699676513672,140.2967071533203,198.99659729003906
206.2532958984375,115.72200012207031,149.0059051513672,197.5240936279297
207.43460083007812,114.46369934082031,145.63250732421875,198.84950256347656
207.28050231933594,117.75800323486328,149.7902069091797,201.58529663085938
209.9857940673828,119.28500366210938,140.18589782714844,197.51539611816406
203.4694061279297,118.76789855957031,155.9031982421875,196.1053009033203
210.21539306640625,125.00789642333984,142.95089721679688,201.033203125
212.49969482421875,125.9751968383789,132.42149353027344,192.81179809570312
208.25950622558594,124.33650207519531,144.17970275878906,199.67649841308594
212.8155975341797,127.18769836425781,131.31280517578125,194.4149932861328
209.7198028564453,132.0550994873047,134.54100036621094,194.51080322265625
214.2259979248047,127.66519927978516,131.2655029296875,188.8957977294922
212.49440002441406,129.1697998046875,128.62759399414062,193.93359375
221.85000610351562,130.55039978027344,112.841796875,194.52139282226562
213.85890197753906,123.1604995727539,120.5155029296875,199.6750946044922
217.21270751953125,131.07009887695312,111.75779724121094,195.2093048095703
217.27940368652344,123.61689758300781,111.76380157470703,204.88999938964844
211.58839416503906,120.83390045166016,116.80740356445312,208.9196014404297
204.98129272460938,129.5240020751953,123.3739013671875,200.9250030517578
204.44000244140625,129.85450744628906,121.24230194091797,195.6864013671875
204.0659942626953,132.5447998046875,118.10800170898438,193.8867950439453
202.410400390625,130.46299743652344,113.90740203857422,197.79629516601562
204.68490600585938,126.40889739990234,109.29109954833984,200.4613037109375
196.652099609375,131.0863037109375,120.8489990234375,199.0166015625
193.93389892578125,132.6125946044922,116.67410278320312,195.55589294433594
201.09730529785156,128.73800659179688,103.22229766845703,205.02670288085938
199.0010986328125,133.08859252929688,104.32109832763672,205.3975067138672
199.27420043945312,124.42530059814453,105.29740142822266,205.99270629882812
196.40379333496094,132.16839599609375,101.31680297851562,197.44070434570312
196.2465057373047,128.15159606933594,100.13690185546875,201.0749969482422
200.90310668945312,126.80590057373047,88.73419952392578,202.18960571289062
205.02310180664062,127.16069793701172,89.95960235595703,199.17860412597656
207.17469787597656,129.04100036621094,77.70059967041016,195.1165008544922
204.79359436035156,128.44940185546875,82.9717025756836,197.4669952392578
187.4405059814453,121.51170349121094,102.3770980834961,202.07769775390625
176.20899963378906,101.30110168457031,119.40619659423828,221.1403045654297
167.85150146484375,68.44080352783203,138.51780700683594,250.9958953857422
169.38099670410156,56.61869812011719,138.66769409179688,260.5751953125
182.77699279785156,49.58620071411133,114.8280029296875,266.36871337890625
191.55250549316406,46.622398376464844,111.62439727783203,264.7922058105469
192.49249267578125,38.391300201416016,104.21179962158203,274.8677062988281
206.11160278320312,33.502498626708984,87.82460021972656,280.8734130859375
215.7303924560547,28.076200485229492,83.96959686279297,276.7701110839844
225.7799072265625,27.264699935913086,74.11250305175781,282.4195861816406
190.3946990966797,77.02020263671875,93.3384017944336,295.220703125
183.1732940673828,85.96330261230469,111.16230010986328,273.0461120605469
174.5084991455078,98.2593002319336,131.73779296875,233.6240997314453
180.3751983642578,95.96389770507812,110.8584976196289,205.0876007080078
191.17100524902344,98.95870208740234,77.09310150146484,195.69180297851562
183.82859802246094,94.45999908447266,87.47039794921875,193.05299377441406
183.7843017578125,95.02439880371094,85.67849731445312,193.34039306640625
184.51220703125,91.2759017944336,88.51809692382812,193.62770080566406
184.1186981201172,85.6990966796875,88.57749938964844,195.5457000732422
179.46359252929688,87.01840209960938,91.87249755859375,195.7707977294922
182.81809997558594,84.36250305175781,86.30690002441406,200.17919921875
179.9217071533203,82.81420135498047,85.70320129394531,199.24819946289062
183.56649780273438,84.63860321044922,78.13780212402344,197.3863067626953
169.0124053955078,80.87860107421875,97.91239929199219,200.22470092773438
170.07150268554688,81.07009887695312,91.21700286865234,199.59779357910156
170.10389709472656,76.21540069580078,90.52909851074219,198.94000244140625
168.68409729003906,76.75890350341797,89.0259017944336,200.51559448242188
173.3347930908203,81.10990142822266,79.73909759521484,194.8538055419922
155.8509979248047,77.04229736328125,101.46640014648438,198.52059936523438
161.1190948486328,75.48069763183594,92.57340240478516,200.51400756835938
163.65609741210938,76.92720031738281,83.68289947509766,198.01919555664062
161.78500366210938,75.88400268554688,83.19950103759766,197.49510192871094
159.50929260253906,84.70890045166016,82.79630279541016,196.89199829101562
149.80160522460938,75.56279754638672,96.61399841308594,196.781494140625
152.82400512695312,72.80999755859375,91.90889739990234,191.75160217285156
156.1425018310547,75.17109680175781,86.03350067138672,195.02670288085938
160.61990356445312,74.7781982421875,77.66449737548828,189.61770629882812
158.41749572753906,71.6636962890625,81.08409881591797,190.39869689941406
158.0467987060547,72.67340087890625,76.80269622802734,192.44500732421875
149.88909912109375,68.69819641113281,84.82369995117188,197.19659423828125
147.8043975830078,70.76119995117188,88.45469665527344,190.7519989013672
148.94630432128906,75.01969909667969,81.70580291748047,189.00439453125
149.97039794921875,66.59369659423828,74.39109802246094,190.8654022216797
151.88209533691406,73.5989990234375,72.552001953125,188.2113037109375
151.1967010498047,72.43389892578125,69.35340118408203,193.65859985351562
149.0789031982422,73.38469696044922,70.66429901123047,194.86830139160156
146.55810546875,77.80970001220703,72.42320251464844,187.63169860839844
145.19580078125,81.66999816894531,74.09420013427734,184.36390686035156
146.58970642089844,83.779296875,70.51370239257812,185.5894012451172
148.47430419921875,82.47010040283203,67.8593978881836,187.7017059326172
140.87420654296875,85.0801010131836,76.64080047607422,187.43040466308594
134.22760009765625,86.35449981689453,79.87670135498047,184.61380004882812
139.5303955078125,90.56610107421875,75.99649810791016,181.79930114746094
125.63169860839844,91.59700012207031,89.81909942626953,178.2530059814453
130.0531005859375,92.53150177001953,77.22139739990234,182.6761016845703
124.23400115966797,94.04080200195312,83.13970184326172,182.1573028564453
125.44509887695312,93.42269897460938,75.94390106201172,183.13900756835938
125.68609619140625,98.08589935302734,71.99420166015625,177.0115966796875
124.51679992675781,95.76490020751953,73.48529815673828,185.61180114746094
114.68409729003906,101.29139709472656,82.36289978027344,178.31109619140625
101.99479675292969,101.81770324707031,96.99440002441406,183.5417938232422
96.63729858398438,97.8240966796875,106.52950286865234,186.8966064453125
105.16429901123047,105.06269836425781,88.99210357666016,182.18060302734375
97.17070007324219,105.93389892578125,102.13490295410156,180.16119384765625
99.15789794921875,109.07219696044922,96.24299621582031,177.07130432128906
104.11150360107422,107.68049621582031,86.84850311279297,186.98829650878906
103.33460235595703,111.29419708251953,83.97969818115234,180.79119873046875
103.42489624023438,114.15910339355469,84.7146987915039,173.51019287109375
104.00140380859375,114.9739990234375,82.11389923095703,175.27420043945312
103.91909790039062,117.11019897460938,82.94290161132812,173.5113067626953
103.61930084228516,116.9292984008789,84.08419799804688,166.83529663085938
103.15910339355469,116.08380126953125,82.56310272216797,170.8553009033203
105.8865966796875,117.35299682617188,78.11620330810547,180.84530639648438
104.69509887695312,119.21820068359375,82.67169952392578,176.4781036376953
102.75569915771484,119.08609771728516,86.1719970703125,169.09800720214844
103.97049713134766,118.368896484375,82.7605972290039,176.5417938232422
102.59649658203125,119.743896484375,88.01139831542969,177.92770385742188
100.74430084228516,119.70800018310547,91.53510284423828,180.26930236816406
101.71330261230469,116.44640350341797,90.3739013671875,186.07200622558594
99.4166030883789,117.86640167236328,100.14700317382812,181.47259521484375
99.55229949951172,117.94139862060547,95.88639831542969,178.72450256347656
95.56939697265625,121.2428970336914,110.96659851074219,172.15719604492188
100.66500091552734,124.36029815673828,101.47820281982422,171.9940948486328
95.84870147705078,134.70660400390625,132.6947021484375,166.82359313964844
91.5239028930664,128.8574981689453,135.556396484375,171.05569458007812
94.51080322265625,140.05059814453125,133.3773956298828,160.4813995361328
103.76740264892578,142.5178985595703,115.697998046875,158.62460327148438
106.76589965820312,139.0760955810547,109.60890197753906,163.62510681152344
109.6635971069336,142.99839782714844,105.04219818115234,159.6468048095703
114.75129699707031,146.00570678710938,96.09609985351562,158.8607940673828
110.56559753417969,142.2541046142578,104.23269653320312,164.08749389648438
113.02999877929688,141.1551055908203,99.143798828125,165.06039428710938
115.86029815673828,145.11929321289062,97.39289855957031,158.06170654296875
121.09200286865234,148.9586944580078,90.2417984008789,148.71580505371094
118.99669647216797,153.41310119628906,94.2842025756836,154.44290161132812
118.90750122070312,154.0991973876953,93.87539672851562,155.0771026611328
118.77490234375,154.158203125,93.67140197753906,155.49740600585938
115.70809936523438,153.1239013671875,100.58619689941406,146.28160095214844
118.00289916992188,151.7532958984375,97.6509017944336,152.12649536132812
121.62960052490234,155.46600341796875,93.08260345458984,144.87460327148438
120.3009033203125,152.5946044921875,95.18109893798828,156.64280700683594
116.76860046386719,154.9582977294922,102.61759948730469,147.94309997558594
118.72200012207031,157.80409240722656,97.44920349121094,132.11770629882812
116.56340026855469,155.3072967529297,105.63359832763672,141.96620178222656
121.76629638671875,156.8498992919922,94.76319885253906,133.82310485839844
117.18840026855469,156.39979553222656,104.80290222167969,142.1721954345703
117.96520233154297,156.68519592285156,98.66649627685547,143.0308074951172
116.50180053710938,155.02969360351562,100.28630065917969,135.69039916992188
120.96549987792969,154.07359313964844,95.0280990600586,145.52720642089844
115.38480377197266,156.20140075683594,99.93550109863281,137.8647003173828
115.41919708251953,149.90969848632812,101.66320037841797,152.90069580078125
114.91919708251953,152.7729949951172,99.43990325927734,139.9456024169922
119.35279846191406,154.197998046875,94.3563003540039,140.25259399414062
118.54129791259766,154.568603515625,95.564697265625,140.59390258789062
113.92289733886719,155.56640625,102.37660217285156,131.73519897460938
115.39129638671875,153.2156982421875,101.32929992675781,136.91720581054688
114.12200164794922,153.02430725097656,105.25869750976562,145.79739379882812
116.65229797363281,151.4322967529297,100.8541030883789,143.02169799804688
119.10449981689453,153.6215057373047,95.84300231933594,150.0177001953125
117.03079986572266,156.8863983154297,96.36620330810547,136.93699645996094
119.70700073242188,154.89979553222656,96.81729888916016,150.7397003173828
117.38970184326172,156.19900512695312,101.627197265625,141.16110229492188
122.13390350341797,154.54649353027344,92.23970031738281,150.18960571289062
120.67379760742188,157.80459594726562,91.17340087890625,135.2469940185547
124.37030029296875,155.79510498046875,88.2113037109375,140.13600158691406
122.57260131835938,155.15179443359375,89.56900024414062,143.27630615234375
117.96929931640625,155.53610229492188,97.11479949951172,139.3979949951172
121.64250183105469,156.82269287109375,88.51409912109375,134.1804962158203
121.13059997558594,154.1614990234375,89.11160278320312,138.75999450683594
122.87830352783203,160.0511016845703,88.69969940185547,126.38020324707031
118.94550323486328,154.54269409179688,91.63480377197266,135.42930603027344
122.70159912109375,154.1945037841797,83.36730194091797,136.94520568847656
115.01850128173828,150.0352020263672,89.14600372314453,147.6710968017578
102.98320007324219,149.45120239257812,93.37059783935547,146.3632049560547
99.19889831542969,147.26370239257812,91.54769897460938,151.73269653320312
118.67849731445312,150.6381072998047,80.89299774169922,143.1873016357422
119.4520034790039,155.08169555664062,82.46160125732422,139.20660400390625
