1
274.7882080078125,144.5677947998047,52.10139846801758,170.1248016357422
276.9375915527344,137.13429260253906,53.83649826049805,173.38890075683594
278.3919982910156,145.6403045654297,53.53129959106445,165.67759704589844
277.7410888671875,146.7115936279297,57.124298095703125,165.5782012939453
281.99481201171875,148.0095977783203,52.654598236083984,162.0395050048828
277.99798583984375,144.42849731445312,56.445899963378906,173.04139709472656
278.5365905761719,143.89010620117188,58.36159896850586,167.5644989013672
275.744384765625,144.5251007080078,59.69779968261719,173.6125030517578
276.275390625,144.30079650878906,58.433799743652344,173.33189392089844
273.9805908203125,148.08160400390625,59.142398834228516,168.63429260253906
273.9695129394531,150.39120483398438,59.662200927734375,166.64759826660156
271.98431396484375,147.01300048828125,66.2654037475586,171.2418975830078
269.9045104980469,149.54159545898438,73.5291976928711,163.91070556640625
269.0718994140625,145.31759643554688,77.82890319824219,172.35589599609375
269.51800537109375,148.81210327148438,78.16220092773438,167.6522979736328
271.0603942871094,154.970703125,77.73999786376953,164.68690490722656
272.2273864746094,152.77589416503906,82.07219696044922,160.20840454101562
270.4106140136719,158.06619262695312,83.99810028076172,162.46119689941406
270.8828125,159.09689331054688,88.27429962158203,160.50489807128906
271.73480224609375,153.62649536132812,87.80829620361328,167.8538055419922
272.4664001464844,151.4918975830078,87.01180267333984,170.37579345703125
276.7134094238281,152.21080017089844,82.26129913330078,168.9694061279297
280.0430908203125,159.3721923828125,77.470703125,166.66310119628906
279.6465148925781,151.3618927001953,77.30020141601562,169.76730346679688
280.65521240234375,155.80279541015625,76.29989624023438,165.20230102539062
278.03369140625,156.96299743652344,78.97530364990234,159.52389526367188
272.720703125,152.9801025390625,85.35310363769531,169.81829833984375
276.7991027832031,149.8074951171875,78.62799835205078,167.96499633789062
275.544189453125,153.1584014892578,80.15570068359375,171.2888946533203
274.6178894042969,143.56829833984375,82.30030059814453,174.05929565429688
276.9200134277344,153.49769592285156,78.33270263671875,174.1049041748047
284.2535095214844,148.5771942138672,70.03040313720703,172.88330078125
290.1637878417969,147.24749755859375,64.60030364990234,174.5388946533203
293.96380615234375,155.67050170898438,62.88359832763672,170.1842041015625
295.8044128417969,152.81239318847656,61.41790008544922,169.83230590820312
296.1694030761719,150.62060546875,62.39870071411133,173.343505859375
295.3774108886719,149.54400634765625,63.10710144042969,175.2091064453125
295.54071044921875,151.54209899902344,63.707298278808594,171.23500061035156
295.9010009765625,154.6970977783203,61.576499938964844,172.548095703125
293.98388671875,150.86849975585938,66.06590270996094,173.3968048095703
294.84259033203125,153.92919921875,62.953800201416016,172.08419799804688
295.673095703125,158.11929321289062,62.51020050048828,165.74029541015625
294.7101135253906,159.4311065673828,63.17660140991211,166.89759826660156
292.2475891113281,162.17129516601562,78.12529754638672,162.6938018798828
292.5625915527344,163.30599975585938,74.41619873046875,163.36000061035156
289.2500915527344,163.46299743652344,66.62560272216797,160.62339782714844
291.3034973144531,156.84500122070312,49.52519989013672,164.39100646972656
289.81439208984375,159.39089965820312,52.222599029541016,159.3887939453125
289.12689208984375,159.78089904785156,54.336700439453125,160.20750427246094
288.39019775390625,157.7541961669922,54.869300842285156,161.1031951904297
283.664794921875,161.24530029296875,63.87969970703125,158.34539794921875
278.80389404296875,153.1027069091797,79.87979888916016,166.7220001220703
280.8016052246094,155.2174072265625,89.51119995117188,166.44720458984375
283.15948486328125,151.93370056152344,96.65019989013672,170.69119262695312
293.37860107421875,138.6331024169922,99.56500244140625,182.75210571289062
305.1794128417969,124.30000305175781,93.22679901123047,190.96389770507812
299.5705871582031,123.41570281982422,100.06169891357422,196.92379760742188
301.0960998535156,125.07319641113281,107.15509796142578,197.9019012451172
301.16729736328125,131.27960205078125,106.82319641113281,190.66659545898438
301.06219482421875,136.91510009765625,103.37770080566406,183.15289306640625
296.7442932128906,129.8520965576172,104.62740325927734,190.99830627441406
303.1058044433594,141.0413055419922,92.88420104980469,184.9622039794922
292.19781494140625,130.06739807128906,101.93170166015625,188.4503936767578
290.1935119628906,138.5531005859375,99.7134017944336,187.49920654296875
288.2959899902344,136.97950744628906,98.39219665527344,184.74459838867188
278.4543151855469,132.8011932373047,108.3042984008789,192.70030212402344
277.7727966308594,137.25039672851562,107.72769927978516,184.5511932373047
270.77288818359375,146.6157989501953,116.59249877929688,176.06649780273438
262.3926086425781,131.92210388183594,122.15260314941406,191.96420288085938
257.5685119628906,136.0677032470703,133.2938995361328,187.9449005126953
251.5030059814453,137.7628936767578,135.98240661621094,187.93919372558594
261.59869384765625,150.5155029296875,127.81729888916016,179.0614013671875
252.02850341796875,153.40159606933594,138.343505859375,174.87660217285156
258.5426025390625,160.24110412597656,131.41050720214844,168.73330688476562
289.3157958984375,156.02420043945312,93.96900177001953,167.06170654296875
303.2200927734375,157.8282012939453,73.27549743652344,166.3513946533203
303.0653991699219,165.8300018310547,72.84880065917969,159.84190368652344
306.58441162109375,166.47430419921875,70.8281021118164,157.1114959716797
307.5321044921875,159.1118927001953,71.00569915771484,163.51409912109375
311.010986328125,158.91709899902344,67.23580169677734,168.2509002685547
309.2698974609375,160.91209411621094,71.64340209960938,167.69020080566406
311.6850891113281,159.57640075683594,71.32559967041016,165.43190002441406
312.1221923828125,160.0814971923828,71.34819793701172,170.7969970703125
315.43341064453125,156.47889709472656,70.61039733886719,168.4709014892578
320.231689453125,161.65980529785156,67.0342025756836,168.89739990234375
321.9002990722656,163.98890686035156,66.22029876708984,166.89280700683594
322.2579040527344,162.64720153808594,67.61820220947266,168.13699340820312
327.0716857910156,163.95140075683594,62.739601135253906,162.91189575195312
328.1211853027344,161.92050170898438,64.44819641113281,169.46319580078125
330.1787109375,164.41189575195312,66.54730224609375,165.2176971435547
331.8882141113281,158.72830200195312,67.5167007446289,171.2595977783203
333.04638671875,169.59519958496094,68.94550323486328,167.8303985595703
335.3075866699219,161.243896484375,69.26599884033203,171.9727020263672
334.9753112792969,166.27490234375,71.3458023071289,168.377197265625
337.372802734375,167.1569061279297,70.1488037109375,164.98199462890625
338.7445983886719,166.28729248046875,69.7029037475586,166.5644989013672
339.78240966796875,165.4633026123047,69.38729858398438,167.5625
342.435791015625,167.55270385742188,66.32430267333984,165.6282958984375
341.9383850097656,162.9550018310547,68.20230102539062,172.5854949951172
343.95770263671875,162.31329345703125,67.5365982055664,170.22610473632812
343.7463073730469,161.0478057861328,70.46410369873047,175.62359619140625
345.7838134765625,165.51100158691406,70.38020324707031,166.5343017578125
350.2002868652344,161.97140502929688,68.50879669189453,170.6815948486328
356.2764892578125,164.343994140625,63.87120056152344,171.35609436035156
357.4580993652344,159.8321075439453,66.84480285644531,172.27679443359375
360.5867004394531,161.74090576171875,67.7042007446289,174.25079345703125
364.15850830078125,161.22509765625,66.50420379638672,173.2845001220703
365.41229248046875,160.88710021972656,67.94049835205078,173.52259826660156
370.2027893066406,160.23939514160156,67.06890106201172,172.4040069580078
372.4909973144531,164.97140502929688,65.52279663085938,170.49510192871094
378.7821960449219,161.30580139160156,61.55659866333008,172.31739807128906
379.1659851074219,164.81590270996094,63.67369842529297,173.9105987548828
384.07769775390625,161.78179931640625,61.8650016784668,171.29539489746094
386.5278015136719,162.02520751953125,58.809200286865234,176.3376007080078
387.8086853027344,163.02749633789062,60.858001708984375,173.9705047607422
391.02569580078125,162.8491973876953,59.82160186767578,172.11390686035156
388.9112854003906,161.51980590820312,66.62889862060547,174.56289672851562
392.0929870605469,161.48199462890625,65.52510070800781,176.52960205078125
390.5575866699219,164.4221954345703,73.62049865722656,175.08279418945312
389.16839599609375,164.8614044189453,80.18199920654297,172.67489624023438
389.6921081542969,170.64959716796875,82.01589965820312,164.24600219726562
388.4613952636719,173.78579711914062,86.15010070800781,167.59469604492188
392.7373046875,173.9113006591797,80.87139892578125,162.3571014404297
392.4247131347656,173.7613067626953,86.87220001220703,160.8527069091797
394.7137145996094,176.69850158691406,87.34480285644531,160.35060119628906
394.284912109375,179.2200927734375,95.08769989013672,154.41029357910156
392.010986328125,179.4344024658203,101.96880340576172,156.32850646972656
401.3316955566406,177.5229034423828,96.41580200195312,156.19200134277344
400.9713134765625,175.19090270996094,98.4303970336914,163.15359497070312
402.6567077636719,176.58909606933594,99.20580291748047,159.63429260253906
410.510986328125,174.0832977294922,92.0634994506836,161.42849731445312
412.17041015625,169.80850219726562,92.60169982910156,167.97900390625
415.4493103027344,164.8647003173828,89.98690032958984,171.92269897460938
419.560791015625,163.1968994140625,85.28900146484375,176.19119262695312
423.6936950683594,160.13429260253906,79.98390197753906,175.10049438476562
426.43951416015625,160.04440307617188,77.98719787597656,178.14920043945312
427.8102111816406,163.0919952392578,72.92919921875,176.585693359375
428.3424987792969,156.70669555664062,74.07499694824219,181.26390075683594
428.0259094238281,162.43150329589844,76.69229888916016,176.06419372558594
426.0793151855469,160.2196044921875,72.7322006225586,183.6916046142578
426.034912109375,156.65379333496094,72.62640380859375,185.36239624023438
424.59539794921875,157.8513946533203,75.0978012084961,183.23410034179688
425.8146057128906,157.60130310058594,71.2822036743164,183.24830627441406
426.85528564453125,159.84939575195312,65.85710144042969,182.03269958496094
424.0338134765625,158.3654022216797,67.29239654541016,184.24510192871094
421.4634094238281,157.05760192871094,65.19979858398438,187.14219665527344
418.57708740234375,155.93569946289062,68.55979919433594,186.9210968017578
417.8193054199219,158.35609436035156,65.68830108642578,182.57310485839844
415.39691162109375,159.87249755859375,64.28569793701172,183.28729248046875
411.1382141113281,160.5196990966797,66.15779876708984,181.2301025390625
405.00299072265625,158.52099609375,71.25489807128906,185.14529418945312
403.7076110839844,155.9261932373047,67.21589660644531,188.3365020751953
401.4624938964844,153.9376983642578,65.43000030517578,190.66639709472656
399.1488037109375,155.3157958984375,63.44089889526367,191.9622039794922
395.8659973144531,156.3800048828125,68.43409729003906,187.23309326171875
393.00531005859375,153.9324951171875,69.48149871826172,188.76600646972656
391.2908935546875,155.1569061279297,69.71910095214844,189.65780639648438
391.0824890136719,154.13699340820312,68.59940338134766,189.47509765625
392.0692138671875,155.1927032470703,66.60700225830078,189.08030700683594
391.7679138183594,155.30340576171875,68.5386962890625,188.71240234375
391.7160949707031,151.20489501953125,65.83000183105469,191.6732940673828
390.9501953125,153.25140380859375,68.04090118408203,188.25140380859375
391.62969970703125,157.2449951171875,66.96320343017578,188.40919494628906
391.86090087890625,154.4221954345703,69.39620208740234,188.12530517578125
389.9554138183594,151.4290008544922,72.06289672851562,188.4322052001953
391.86358642578125,149.72850036621094,69.66709899902344,190.14549255371094
393.5700988769531,147.7509002685547,69.17070007324219,192.56979370117188
393.256591796875,149.5312042236328,69.36009979248047,194.0657958984375
395.2239074707031,146.43409729003906,67.77760314941406,192.31149291992188
395.57049560546875,149.48260498046875,67.07589721679688,195.67379760742188
393.70831298828125,147.49749755859375,71.1343002319336,193.05960083007812
395.5425109863281,146.2657012939453,68.4114990234375,196.91819763183594
395.2726135253906,143.83470153808594,73.21089935302734,197.88270568847656
393.71270751953125,146.2895050048828,76.50489807128906,194.1833038330078
395.6523132324219,144.28179931640625,72.2760009765625,195.43589782714844
396.63629150390625,145.46389770507812,69.18699645996094,194.2895965576172
395.97021484375,144.5052947998047,66.32949829101562,195.7104949951172
396.3866882324219,138.28480529785156,68.52429962158203,195.16229248046875
396.52301025390625,141.4871063232422,68.07869720458984,193.93479919433594
395.3959045410156,149.97360229492188,71.25689697265625,184.97079467773438
398.3800048828125,142.86349487304688,70.0698013305664,192.90609741210938
399.45111083984375,143.14559936523438,68.91670227050781,192.601806640625
400.85699462890625,141.74400329589844,66.76370239257812,193.8726043701172
400.1518859863281,138.54139709472656,70.73290252685547,191.96240234375
397.5231018066406,152.84719848632812,74.64669799804688,183.4927978515625
401.0270080566406,138.8227996826172,73.21040344238281,192.7729034423828
398.0660095214844,146.36849975585938,79.01380157470703,190.7834014892578
398.5268859863281,133.8614044189453,78.05740356445312,195.51170349121094
402.9825134277344,136.5688018798828,73.5906982421875,195.6085968017578
404.5286865234375,134.3791046142578,73.93180084228516,198.91439819335938
403.1697998046875,135.49740600585938,76.12539672851562,195.14370727539062
405.08099365234375,133.57919311523438,77.52989959716797,194.70509338378906
409.2587890625,135.9951934814453,71.6343994140625,192.40170288085938
413.3357849121094,131.3159942626953,68.6864013671875,194.818603515625
409.9364929199219,135.32420349121094,74.97239685058594,198.67359924316406
410.0723876953125,130.93350219726562,76.0322036743164,194.81329345703125
404.28240966796875,132.7799072265625,81.33899688720703,197.16639709472656
403.55718994140625,134.047607421875,79.96880340576172,196.34669494628906
404.470703125,129.10659790039062,77.16059875488281,196.55960083007812
400.1979064941406,134.21389770507812,79.97899627685547,196.56829833984375
394.61138916015625,127.4802017211914,82.75599670410156,198.99569702148438
393.798095703125,129.3542022705078,80.08419799804688,193.81919860839844
389.3839111328125,129.7617950439453,79.89820098876953,190.03489685058594
386.12689208984375,129.61289978027344,77.3147964477539,189.50599670410156
383.7409973144531,128.9105987548828,80.3197021484375,191.6829071044922
380.12451171875,127.74510192871094,79.4791030883789,189.718505859375
378.2981872558594,127.53720092773438,75.56680297851562,190.897705078125
375.56280517578125,124.52179718017578,79.23899841308594,195.16000366210938
373.2641906738281,123.69229888916016,80.39440155029297,192.7740020751953
372.4963073730469,124.16929626464844,65.79070281982422,187.39920043945312
369.2781982421875,123.66999816894531,72.66110229492188,188.81350708007812
370.06060791015625,119.45330047607422,64.12069702148438,194.51080322265625
367.294189453125,121.63770294189453,71.806396484375,194.62429809570312
365.95819091796875,120.72560119628906,73.60700225830078,194.5146942138672
366.7948913574219,118.91120147705078,66.79930114746094,193.62530517578125
365.4877014160156,117.34030151367188,69.5363998413086,197.2196044921875
365.59381103515625,115.52909851074219,69.17120361328125,192.10479736328125
361.185791015625,119.9563980102539,75.1227035522461,190.1304931640625
362.8222961425781,115.66840362548828,71.14399719238281,190.59939575195312
362.0093078613281,114.5071029663086,69.3053970336914,195.1602020263672
360.3633117675781,111.32779693603516,72.50540161132812,196.65719604492188
362.510498046875,110.05039978027344,65.9136962890625,194.8345947265625
358.58819580078125,116.92829895019531,70.34970092773438,197.57550048828125
356.3283996582031,114.0647964477539,73.49099731445312,190.09429931640625
358.1029052734375,115.18329620361328,68.25630187988281,188.04620361328125
358.1919860839844,111.83470153808594,69.16110229492188,193.4862060546875
356.5826110839844,113.04429626464844,68.62809753417969,191.0529022216797
356.4330139160156,113.5177001953125,66.92179870605469,189.60989379882812
354.5049133300781,118.1771011352539,66.0647964477539,190.7469024658203
353.03399658203125,115.13279724121094,73.36630249023438,188.029296875
353.7679138183594,113.16069793701172,66.27230072021484,189.54339599609375
353.6726989746094,114.32599639892578,66.26300048828125,192.52999877929688
351.6637878417969,113.73739624023438,68.04930114746094,194.44830322265625
349.66351318359375,113.45130157470703,66.55560302734375,192.07510375976562
345.42889404296875,120.50430297851562,69.3198013305664,191.65919494628906
348.5343017578125,115.50910186767578,66.84380340576172,188.9062042236328
346.6592102050781,118.03790283203125,61.81719970703125,193.21600341796875
348.889892578125,116.79910278320312,62.32270050048828,190.64169311523438
345.4429016113281,120.0302963256836,57.44309997558594,192.19749450683594
344.24530029296875,116.23069763183594,63.50519943237305,195.24130249023438
344.569091796875,130.85890197753906,55.49729919433594,185.88040161132812
343.4466857910156,121.93589782714844,54.4822998046875,194.697998046875
342.6737976074219,116.52899932861328,54.55339813232422,193.5836944580078
338.25531005859375,119.99250030517578,53.58810043334961,192.79859924316406
336.7004089355469,118.05030059814453,57.51380157470703,194.3592987060547
332.2486877441406,119.79440307617188,56.372501373291016,189.97210693359375
328.2980041503906,117.69020080566406,55.65399932861328,190.7093048095703
329.06298828125,115.07379913330078,55.26100158691406,189.91799926757812
323.3266906738281,119.1852035522461,52.61520004272461,182.86160278320312
319.7226867675781,119.07019805908203,55.332000732421875,188.0926055908203
315.8398132324219,121.65899658203125,58.293701171875,192.96710205078125
314.17950439453125,117.40280151367188,54.412200927734375,197.08770751953125
312.7720031738281,120.93479919433594,55.480098724365234,190.66090393066406
309.4112854003906,122.11150360107422,53.16659927368164,193.8468017578125
305.50531005859375,123.9894027709961,55.062801361083984,189.55760192871094
301.2153015136719,125.01439666748047,53.85639953613281,184.6074981689453
297.99371337890625,123.91169738769531,57.45899963378906,185.80560302734375
295.45318603515625,124.17389678955078,56.673099517822266,185.7425994873047
290.89068603515625,125.32279968261719,63.12590026855469,184.87429809570312
287.51129150390625,125.92330169677734,64.49579620361328,188.3173065185547
288.497802734375,123.52040100097656,60.26070022583008,187.55130004882812
287.7687072753906,125.56819915771484,63.543399810791016,186.62840270996094
284.4869079589844,126.18080139160156,75.12000274658203,181.9886932373047
283.34368896484375,127.84829711914062,73.1864013671875,180.94940185546875
278.3304138183594,131.28419494628906,76.51139831542969,178.46499633789062
275.09521484375,132.96730041503906,81.75879669189453,178.10479736328125
273.7904968261719,133.88099670410156,78.33200073242188,176.0572052001953
276.1619873046875,134.9355010986328,76.78140258789062,175.15390014648438
276.6424865722656,136.39340209960938,82.06159973144531,172.9176025390625
274.4908142089844,135.49899291992188,84.58529663085938,172.79710388183594
275.87750244140625,135.4864044189453,80.80030059814453,175.1822967529297
279.7658996582031,133.44949340820312,72.20020294189453,174.2678985595703
276.51470947265625,136.60389709472656,76.90519714355469,170.07969665527344
275.9259033203125,135.77589416503906,75.58429718017578,172.66929626464844
275.1448059082031,137.22569274902344,72.22760009765625,171.89849853515625
268.8117980957031,138.36849975585938,89.34290313720703,169.06640625
269.47808837890625,136.93699645996094,81.59739685058594,173.4951934814453
266.7054138183594,138.9936065673828,75.5114974975586,171.5592041015625
266.9150085449219,140.53089904785156,67.59750366210938,173.65269470214844
264.82611083984375,140.6345977783203,73.2218017578125,174.11630249023438
261.83770751953125,143.58140563964844,77.08090209960938,171.72259521484375
259.78741455078125,143.9324951171875,80.9292984008789,170.60350036621094
261.55218505859375,142.5426025390625,75.89350128173828,171.25180053710938
259.47760009765625,143.1956024169922,78.11540222167969,172.01499938964844
259.0682067871094,145.59030151367188,77.372802734375,170.4853057861328
257.4115905761719,146.9770050048828,78.06600189208984,173.6510009765625
257.0703125,148.431396484375,76.3490982055664,165.40879821777344
257.4458923339844,149.2335968017578,74.31109619140625,160.3341064453125
259.5382995605469,151.54550170898438,71.33699798583984,159.53509521484375
257.7659912109375,148.38760375976562,74.2500991821289,171.42349243164062
259.6830139160156,150.0832061767578,73.63200378417969,178.38729858398438
259.24951171875,151.96470642089844,75.5020980834961,175.10879516601562
262.5686950683594,153.18460083007812,71.80770111083984,170.7218017578125
260.8857116699219,152.47579956054688,73.15769958496094,174.1959991455078
264.29840087890625,153.14199829101562,71.4636001586914,172.52560424804688
265.8211975097656,153.69329833984375,71.66459655761719,172.33790588378906
267.923095703125,152.50070190429688,68.04820251464844,180.627197265625
271.3982849121094,149.1566925048828,67.13890075683594,180.4980010986328
273.6925964355469,145.93710327148438,64.07929992675781,191.57139587402344
275.50360107421875,145.22169494628906,63.72560119628906,189.5767059326172
276.7301025390625,144.25469970703125,63.68730163574219,188.52879333496094
278.9934997558594,144.91000366210938,60.76459884643555,178.1092987060547
278.18359375,143.19419860839844,60.71369934082031,175.79859924316406
277.1802062988281,141.326904296875,63.0640983581543,180.3563995361328
280.89471435546875,142.55130004882812,53.38629913330078,184.81959533691406
274.85089111328125,137.5601043701172,65.25450134277344,186.06320190429688
276.54681396484375,142.49420166015625,59.11520004272461,187.58120727539062
275.8002014160156,142.23109436035156,56.91559982299805,189.2071075439453
274.24578857421875,135.14100646972656,56.10660171508789,197.6428985595703
272.04791259765625,134.0605010986328,57.29819869995117,198.9700927734375
269.9787902832031,131.65420532226562,60.27149963378906,203.76190185546875
265.7244873046875,137.79930114746094,64.57839965820312,199.0937042236328
263.92669677734375,139.01609802246094,61.30400085449219,200.6029052734375
261.4646911621094,139.86720275878906,60.61249923706055,199.53070068359375
257.0526123046875,135.39950561523438,66.63040161132812,206.03709411621094
254.868896484375,139.18089294433594,68.18360137939453,203.30169677734375
252.8292999267578,134.4676055908203,65.2979965209961,205.95010375976562
254.23699951171875,135.05409240722656,61.38199996948242,198.96449279785156
250.60009765625,137.76939392089844,67.74759674072266,196.3218994140625
251.43080139160156,132.90460205078125,70.99199676513672,202.52810668945312
252.2209014892578,137.23109436035156,63.948699951171875,198.53289794921875
247.83380126953125,138.77720642089844,71.66590118408203,196.2509002685547
250.3206024169922,137.5959930419922,68.37449645996094,201.42520141601562
248.97079467773438,131.51809692382812,71.12449645996094,210.42039489746094
251.6875,127.02880096435547,67.68260192871094,219.4600067138672
249.8571014404297,116.48739624023438,69.89739990234375,228.31100463867188
254.30599975585938,115.49720001220703,67.23760223388672,231.37350463867188
252.94920349121094,104.82620239257812,68.87010192871094,241.80389404296875
256.69781494140625,90.83889770507812,63.2760009765625,254.54409790039062
256.30731201171875,106.23699951171875,65.92900085449219,240.19039916992188
259.4090881347656,98.78620147705078,61.65359878540039,250.96009826660156
257.2137145996094,121.74639892578125,63.719200134277344,229.2686004638672
255.5605010986328,111.9728012084961,67.0364990234375,234.67779541015625
257.0614013671875,99.61039733886719,65.33380126953125,247.9821014404297
254.3852996826172,99.07219696044922,64.9718017578125,249.03900146484375
252.13499450683594,97.83080291748047,69.94180297851562,247.091796875
253.11279296875,97.2593002319336,66.49130249023438,247.79220581054688
250.21539306640625,102.5459976196289,67.4917984008789,239.05690002441406
250.20309448242188,104.10140228271484,63.89120101928711,234.93170166015625
242.92739868164062,89.1937026977539,72.46119689941406,246.07150268554688
244.44810485839844,97.5302963256836,69.67340087890625,231.83990478515625
241.49710083007812,108.2760009765625,70.3749008178711,217.6201934814453
239.91709899902344,98.7428970336914,68.6001968383789,223.06480407714844
236.02749633789062,91.1572036743164,71.0470962524414,222.47129821777344
238.42770385742188,85.8053970336914,68.48310089111328,227.8137969970703
239.27479553222656,87.00559997558594,66.04039764404297,224.7032012939453
237.75390625,82.91120147705078,65.02490234375,228.61570739746094
236.33949279785156,99.84300231933594,65.3333969116211,212.79319763183594
241.3260955810547,85.9448013305664,58.35020065307617,226.42820739746094
237.1063995361328,72.37770080566406,69.63990020751953,240.67599487304688
231.73370361328125,62.52190017700195,76.1676025390625,243.71530151367188
236.61900329589844,88.05740356445312,70.17019653320312,218.3491973876953
228.63279724121094,65.45709991455078,90.11139678955078,240.048095703125
231.21519470214844,104.34529876708984,85.69519805908203,205.81649780273438
233.51010131835938,78.81210327148438,80.47799682617188,228.24400329589844
242.17210388183594,65.54190063476562,66.25379943847656,244.63070678710938
242.4936065673828,96.72949981689453,73.07980346679688,213.81460571289062
243.76499938964844,89.83879852294922,70.44629669189453,219.6405029296875
244.3433074951172,70.9800033569336,70.55239868164062,236.43719482421875
244.8762969970703,77.08910369873047,68.79100036621094,232.96209716796875
249.2480010986328,77.14900207519531,63.684200286865234,227.5406951904297
249.61019897460938,73.8938980102539,62.153499603271484,234.71060180664062
251.206298828125,67.59249877929688,58.709598541259766,236.9508056640625
252.5596923828125,64.26380157470703,59.23590087890625,240.3018035888672
252.16510009765625,52.92300033569336,59.03239822387695,248.03399658203125
250.239501953125,59.08530044555664,63.16669845581055,237.39280700683594
252.147705078125,64.79180145263672,59.65169906616211,224.98800659179688
255.84939575195312,77.43260192871094,56.96390151977539,214.04690551757812
256.6335144042969,83.73509979248047,54.204200744628906,206.75399780273438
255.71690368652344,81.23410034179688,56.526798248291016,205.87680053710938
251.99940490722656,82.20549774169922,65.1792984008789,203.35260009765625
250.6573944091797,82.6332015991211,67.59600067138672,204.627197265625
251.5216064453125,82.67440032958984,65.93199920654297,206.47189331054688
251.32730102539062,84.77010345458984,65.50469970703125,202.8470001220703
251.7052001953125,81.35890197753906,66.53399658203125,206.69329833984375
248.49850463867188,82.69860076904297,69.7697982788086,203.9176025390625
250.17320251464844,83.84819793701172,67.25379943847656,202.13510131835938
249.82859802246094,82.66500091552734,63.297298431396484,203.5164031982422
248.531005859375,87.41699981689453,62.83000183105469,196.58729553222656
248.38099670410156,85.59700012207031,61.958499908447266,198.6304931640625
247.6938018798828,86.51909637451172,59.77349853515625,196.5659942626953
248.4145965576172,84.29750061035156,55.732398986816406,194.95089721679688
248.3529052734375,85.8156967163086,51.11970138549805,192.57870483398438
246.4846954345703,79.9928970336914,52.78670120239258,196.7812042236328
246.0218048095703,76.36399841308594,56.72100067138672,196.70590209960938
246.0426025390625,74.32929992675781,58.094200134277344,196.37890625
243.43960571289062,73.37560272216797,63.6619987487793,189.5540008544922
246.0572967529297,68.02690124511719,61.810001373291016,186.25010681152344
239.11900329589844,70.78199768066406,71.80180358886719,186.556396484375
236.88299560546875,69.92919921875,70.84010314941406,180.94259643554688
238.6260986328125,64.14559936523438,65.21080017089844,186.59950256347656
235.1782989501953,55.562198638916016,68.84339904785156,193.2194061279297
233.90589904785156,56.895198822021484,66.45110321044922,192.41580200195312
236.51669311523438,55.79130172729492,58.698299407958984,193.2570037841797
233.79049682617188,56.37200164794922,62.07870101928711,192.47360229492188
232.6367950439453,59.54349899291992,61.659698486328125,188.62420654296875
229.10699462890625,58.437400817871094,68.54039764404297,190.51730346679688
231.7602996826172,62.51890182495117,61.76240158081055,190.7445068359375
231.34039306640625,60.69710159301758,65.04229736328125,190.17909240722656
227.9586944580078,55.251399993896484,68.0552978515625,193.36709594726562
230.9541015625,56.227500915527344,59.97600173950195,194.37860107421875
229.82150268554688,54.56829833984375,64.95189666748047,186.55259704589844
227.08340454101562,53.92599868774414,67.96980285644531,193.3282012939453
226.3105010986328,52.557498931884766,69.86319732666016,194.68260192871094
229.57179260253906,50.52909851074219,61.52799987792969,192.60780334472656
227.17039489746094,48.48550033569336,67.09239959716797,189.54209899902344
228.16799926757812,44.37269973754883,64.89140319824219,183.347900390625
227.86419677734375,43.6442985534668,67.91919708251953,180.53469848632812
228.19129943847656,44.31880187988281,65.01339721679688,173.7696990966797
229.0742950439453,40.29719924926758,63.85029983520508,177.49749755859375
226.55810546875,40.7338981628418,70.89109802246094,177.54330444335938
227.2010040283203,34.69240188598633,69.05049896240234,181.77149963378906
224.48109436035156,37.600101470947266,70.87650299072266,183.60299682617188
224.34719848632812,32.62810134887695,70.05239868164062,183.3105010986328
224.9044952392578,36.96120071411133,66.07420349121094,178.88890075683594
221.76589965820312,35.905799865722656,66.78309631347656,184.22450256347656
220.16769409179688,32.06050109863281,71.14679718017578,185.92599487304688
219.8852996826172,34.80950164794922,71.45050048828125,181.45989990234375
218.4553985595703,33.04140090942383,71.49140167236328,183.71640014648438
217.72569274902344,37.737300872802734,68.2490005493164,180.01600646972656
218.00270080566406,33.778900146484375,65.8678970336914,184.6269073486328
218.81399536132812,35.45600128173828,62.32339859008789,184.1313018798828
219.73109436035156,31.47450065612793,55.7593994140625,184.8531036376953
215.408203125,28.131500244140625,65.67610168457031,185.5023956298828
214.62240600585938,27.324800491333008,63.66640090942383,187.58859252929688
214.893798828125,30.108299255371094,60.95389938354492,190.53390502929688
217.2030029296875,26.83099937438965,59.2411994934082,187.9174041748047
219.12049865722656,24.762699127197266,58.683799743652344,181.15890502929688
217.73390197753906,24.004499435424805,58.26470184326172,176.4871063232422
218.33030700683594,22.385700225830078,59.71179962158203,172.2480010986328
220.8612060546875,21.330299377441406,56.731201171875,170.56509399414062
220.8927001953125,18.944599151611328,55.745601654052734,171.26010131835938
218.56370544433594,19.661500930786133,60.20719909667969,173.66799926757812
220.26600646972656,15.431099891662598,55.29130172729492,175.55099487304688
216.68020629882812,16.703100204467773,63.7494010925293,176.40150451660156
217.75830078125,12.399299621582031,62.45790100097656,181.0847930908203
216.69129943847656,11.147700309753418,65.08979797363281,184.95260620117188
214.70359802246094,14.464799880981445,70.63200378417969,180.7808074951172
215.87559509277344,19.207500457763672,68.52860260009766,178.0592041015625
215.64390563964844,20.046600341796875,69.1498031616211,174.54840087890625
212.83859252929688,23.527799606323242,74.59120178222656,176.029296875
221.5959014892578,24.868200302124023,63.77909851074219,171.71389770507812
219.05140686035156,22.3656005859375,67.01010131835938,174.64419555664062
215.9425048828125,30.353599548339844,69.6688003540039,169.36180114746094
221.125,25.214000701904297,61.81999969482422,169.70089721679688
219.668701171875,27.355300903320312,63.49089813232422,174.05760192871094
217.0738067626953,28.482999801635742,66.4905014038086,173.92930603027344
217.6396026611328,28.862899780273438,65.722900390625,166.86160278320312
220.43690490722656,26.25510025024414,62.42499923706055,173.4398956298828
219.8968048095703,24.746000289916992,63.83110046386719,173.3948974609375
218.7010955810547,27.152099609375,66.40850067138672,166.773193359375
216.99839782714844,25.63960075378418,69.32540130615234,165.55369567871094
215.72579956054688,23.679500579833984,71.34649658203125,166.16600036621094
216.70339965820312,23.170700073242188,69.65029907226562,164.7335968017578
218.7581024169922,25.654499053955078,67.7146987915039,159.0897979736328
218.6240997314453,25.74169921875,66.2343978881836,162.1094970703125
218.4145050048828,27.756999969482422,65.71929931640625,153.8148956298828
218.78860473632812,28.943599700927734,63.47330093383789,151.80690002441406
217.40859985351562,30.984600067138672,66.243896484375,144.08290100097656
219.8571014404297,33.57529830932617,64.1156005859375,140.84219360351562
221.74549865722656,36.32099914550781,62.74380111694336,139.6719970703125
221.63870239257812,49.5619010925293,61.597900390625,151.2191925048828
222.77780151367188,43.41490173339844,63.928001403808594,163.80020141601562
222.80479431152344,48.22990036010742,65.14659881591797,167.58819580078125
224.65480041503906,48.794898986816406,64.11430358886719,164.53140258789062
223.5509033203125,51.022098541259766,64.4260025024414,173.92849731445312
226.5417938232422,48.340999603271484,61.22779846191406,171.75869750976562
227.5718994140625,53.77050018310547,61.80350112915039,170.5655059814453
227.3325958251953,49.727699279785156,61.66640090942383,166.60020446777344
234.3834991455078,55.77040100097656,55.08380126953125,164.18780517578125
233.77549743652344,53.52560043334961,60.5703010559082,159.2122039794922
234.63250732421875,51.426998138427734,65.38379669189453,162.5966033935547
237.36529541015625,51.74689865112305,65.12680053710938,153.40809631347656
240.585693359375,53.44029998779297,63.05350112915039,154.98260498046875
239.97439575195312,51.22840118408203,70.82420349121094,157.5240020751953
240.3612060546875,53.77939987182617,79.62200164794922,147.78990173339844
239.89010620117188,55.78030014038086,85.90769958496094,147.79879760742188
245.3347930908203,58.01060104370117,75.08380126953125,151.21249389648438
246.6519012451172,55.64149856567383,73.23909759521484,152.33270263671875
248.4833984375,54.242401123046875,79.02429962158203,155.0677032470703
250.0688018798828,59.289100646972656,85.11000061035156,151.67379760742188
249.48330688476562,66.08260345458984,106.60420227050781,139.14259338378906
245.0854034423828,63.18190002441406,117.50440216064453,140.44639587402344
232.54989624023438,57.25310134887695,130.81350708007812,150.74459838867188
239.2541961669922,67.90979766845703,128.66490173339844,141.57440185546875
242.80169677734375,65.36100006103516,127.41829681396484,143.38319396972656
232.57029724121094,59.88140106201172,140.8448028564453,148.6280975341797
239.36050415039062,47.012298583984375,135.3300018310547,161.30599975585938
248.75669860839844,64.46800231933594,129.2863006591797,143.52369689941406
255.8173065185547,64.77850341796875,123.02069854736328,136.13450622558594
250.85350036621094,57.108699798583984,130.2799072265625,147.1905975341797
236.40829467773438,42.86579895019531,144.16879272460938,159.43960571289062
247.99049377441406,51.330299377441406,140.83889770507812,148.3135986328125
234.80050659179688,33.75019836425781,150.69129943847656,164.43800354003906
248.53579711914062,27.325899124145508,144.24530029296875,170.46949768066406
259.9418029785156,17.909500122070312,123.17310333251953,178.3029022216797
270.4534912109375,9.081199645996094,109.2217025756836,186.648193359375
275.70269775390625,15.700699806213379,100.8125,180.731201171875
277.7251892089844,10.852999687194824,97.74829864501953,183.6627960205078
283.693115234375,9.356100082397461,95.05149841308594,185.9696044921875
285.5537109375,11.406299591064453,96.86640167236328,184.1490936279297
285.6344909667969,9.811300277709961,97.98249816894531,182.9622039794922
289.09149169921875,12.493399620056152,99.8499984741211,182.9102020263672
288.02630615234375,14.313799858093262,105.47360229492188,176.3271026611328
292.1737976074219,13.890700340270996,118.58899688720703,180.6551055908203
286.5295104980469,21.24020004272461,122.71369934082031,172.65130615234375
298.4945068359375,3.278899908065796,96.247802734375,185.91250610351562
293.8938903808594,20.870100021362305,109.60230255126953,172.95480346679688
301.6117858886719,11.661600112915039,100.46219635009766,180.74270629882812
294.09478759765625,12.985799789428711,130.0469970703125,181.35670471191406
295.310791015625,14.778400421142578,134.0363006591797,177.59500122070312
288.2362976074219,20.305700302124023,147.25289916992188,170.88340759277344
290.6282958984375,13.614700317382812,147.0706024169922,179.1468048095703
296.93438720703125,16.04330062866211,142.5821075439453,183.02499389648438
306.2650146484375,10.232000350952148,123.84559631347656,182.456298828125
302.7486877441406,13.639399528503418,136.34280395507812,183.42529296875
301.2029113769531,12.830599784851074,142.95509338378906,178.72569274902344
303.84991455078125,22.33340072631836,137.22279357910156,177.1929931640625
308.5812072753906,10.725899696350098,132.19760131835938,182.25729370117188
307.36761474609375,10.597999572753906,134.03529357910156,179.535400390625
305.95941162109375,14.32800006866455,133.9503936767578,179.5189971923828
313.51409912109375,6.183199882507324,119.1989974975586,181.67630004882812
314.8367004394531,11.121500015258789,121.37789916992188,184.3332977294922
308.86871337890625,9.668899536132812,130.21910095214844,177.64889526367188
305.6300048828125,22.421899795532227,135.0740966796875,171.94949340820312
307.2098083496094,18.257999420166016,134.90060424804688,175.80239868164062
308.41778564453125,19.77720069885254,129.35560607910156,171.42640686035156
309.3340148925781,18.752199172973633,121.90640258789062,171.93589782714844
306.0975036621094,26.095699310302734,131.96299743652344,164.345703125
310.647705078125,16.773099899291992,119.41410064697266,174.5594940185547
310.0184020996094,21.38789939880371,122.66829681396484,172.72250366210938
310.28839111328125,25.781099319458008,117.71009826660156,164.53379821777344
309.2524108886719,29.507099151611328,124.38159942626953,165.76280212402344
313.6095886230469,23.052499771118164,115.79440307617188,173.1947021484375
301.57489013671875,25.865999221801758,132.13369750976562,163.62669372558594
313.452392578125,26.314199447631836,113.08699798583984,174.63519287109375
314.7575988769531,23.631799697875977,109.45030212402344,170.1855010986328
312.6610107421875,31.120899200439453,113.45790100097656,171.0811004638672
314.2814025878906,22.906099319458008,102.07360076904297,169.97959899902344
317.341796875,20.079999923706055,94.42559814453125,183.71400451660156
319.0439147949219,14.027899742126465,83.32270050048828,183.9355926513672
323.19549560546875,12.57800006866455,80.72200012207031,185.09210205078125
323.0880126953125,11.987000465393066,80.543701171875,188.2366943359375
325.40179443359375,11.460000038146973,77.98210144042969,185.20799255371094
325.1567077636719,14.164199829101562,82.16729736328125,184.035400390625
327.8612060546875,15.013500213623047,77.35079956054688,185.5823974609375
323.5181884765625,12.32859992980957,86.45469665527344,188.61129760742188
329.9657897949219,18.04680061340332,80.45800018310547,180.11439514160156
331.8240966796875,19.642099380493164,74.92980194091797,178.87649536132812
331.0910949707031,13.228400230407715,75.3324966430664,185.093994140625
333.18951416015625,16.040000915527344,74.62480163574219,182.6519012451172
330.4483947753906,23.8080997467041,78.67050170898438,174.84750366210938
338.701904296875,24.302400588989258,68.52149963378906,175.04840087890625
335.6805114746094,27.916900634765625,71.33190155029297,169.58839416503906
335.63189697265625,19.422199249267578,70.04840087890625,178.47900390625
333.9927062988281,16.859100341796875,73.67459869384766,180.27090454101562
335.2618103027344,11.503800392150879,71.89029693603516,184.2689971923828
335.9901123046875,13.951199531555176,71.10690307617188,180.51780700683594
336.3221130371094,9.997099876403809,71.1719970703125,184.00390625
333.6144104003906,6.693900108337402,74.51139831542969,184.2467041015625
334.53448486328125,5.1234002113342285,72.9124984741211,184.57699584960938
336.6466064453125,5.231599807739258,70.21640014648438,185.44430541992188
337.1730041503906,2.7190001010894775,71.04650115966797,189.13980102539062
338.0329895019531,2.033900022506714,70.07890319824219,188.09109497070312
333.82659912109375,1.642799973487854,77.9802017211914,186.88499450683594
336.71710205078125,0.25360000133514404,75.55609893798828,182.97830200195312
335.7793884277344,4.179299831390381,78.05290222167969,178.9250030517578
340.6466979980469,6.924799919128418,70.47480010986328,176.37750244140625
354.56451416015625,23.520200729370117,54.38330078125,160.3607940673828
352.43548583984375,17.058700561523438,58.47710037231445,165.93359375
352.8207092285156,9.972900390625,58.188201904296875,167.53550720214844
359.16729736328125,16.050899505615234,50.56809997558594,158.39959716796875
355.9576110839844,13.48069953918457,54.309600830078125,160.4456024169922
359.2047119140625,17.716299057006836,50.30070114135742,154.19110107421875
359.6083984375,16.45549964904785,50.21760177612305,150.77220153808594
361.3192138671875,14.777799606323242,45.697898864746094,149.46530151367188
362.5497131347656,16.761600494384766,45.63370132446289,150.37559509277344
360.6697998046875,17.085899353027344,48.932098388671875,148.72799682617188
361.2507019042969,13.35159969329834,48.90359878540039,154.05589294433594
360.4706115722656,16.67289924621582,51.23360061645508,148.95030212402344
358.1413879394531,17.089599609375,55.574798583984375,149.33340454101562
358.9067077636719,18.668699264526367,53.05699920654297,151.46800231933594
359.23309326171875,13.368499755859375,52.24919891357422,153.25289916992188
358.1326904296875,16.193599700927734,52.16109848022461,151.470703125
357.4399108886719,20.361900329589844,53.04209899902344,148.75489807128906
355.3830871582031,20.260299682617188,56.9635009765625,147.9281005859375
356.84161376953125,17.87779998779297,54.844200134277344,150.24749755859375
354.9574890136719,16.976900100708008,56.57400131225586,154.64630126953125
357.3688049316406,16.1023006439209,51.80509948730469,154.17120361328125
356.2460021972656,15.503000259399414,53.035099029541016,158.4506072998047
355.9281921386719,5.869500160217285,53.51839828491211,163.96249389648438
355.78448486328125,7.249899864196777,54.69620132446289,167.4259033203125
356.38470458984375,8.827799797058105,55.949100494384766,164.0236053466797
353.2926025390625,9.461099624633789,59.5880012512207,166.50570678710938
354.30279541015625,7.137700080871582,59.27989959716797,170.39500427246094
352.1011047363281,12.159600257873535,62.750301361083984,164.97970581054688
357.38751220703125,5.99970006942749,57.827301025390625,170.9102020263672
354.7856140136719,1.6102999448776245,62.73210144042969,173.7592010498047
353.60931396484375,1.7305999994277954,65.64939880371094,173.9051055908203
356.9193115234375,2.3810999393463135,59.596900939941406,171.64610290527344
354.6355895996094,4.333399772644043,63.28779983520508,172.97250366210938
357.00531005859375,5.3653998374938965,60.96670150756836,170.1884002685547
358.38018798828125,6.7820000648498535,60.959800720214844,170.57040405273438
355.4540100097656,15.646300315856934,64.91739654541016,162.4792938232422
355.35369873046875,10.831100463867188,69.40560150146484,163.8657989501953
356.2594909667969,19.598899841308594,67.71659851074219,155.29739379882812
356.2326965332031,13.737799644470215,69.53829956054688,161.85989379882812
355.15679931640625,22.82270050048828,71.4905014038086,153.01429748535156
358.1907958984375,18.97480010986328,69.418701171875,155.80050659179688
358.6005859375,14.594300270080566,69.16079711914062,159.90989685058594
357.60931396484375,24.489200592041016,63.72819900512695,150.81089782714844
358.841796875,16.765399932861328,67.24520111083984,158.28599548339844
359.2244873046875,13.01990032196045,70.15370178222656,162.79559326171875
360.01568603515625,12.87279987335205,72.87210083007812,163.5988006591797
358.0768127441406,16.60890007019043,80.79940032958984,160.33529663085938
359.7485046386719,16.10379981994629,82.11900329589844,162.80799865722656
361.6080017089844,13.0201997756958,76.27249908447266,166.27049255371094
363.44830322265625,9.944199562072754,76.622802734375,166.01710510253906
363.3902893066406,10.249500274658203,78.38629913330078,164.13600158691406
361.7535095214844,15.101499557495117,80.27980041503906,163.34230041503906
360.5032043457031,10.507499694824219,82.1572036743164,167.74029541015625
368.01708984375,9.326499938964844,74.15750122070312,170.7781982421875
365.814697265625,13.64799976348877,78.13240051269531,165.1103973388672
356.2746887207031,15.359100341796875,93.86530303955078,164.3365020751953
362.212890625,10.841500282287598,88.7155990600586,162.70449829101562
355.3800048828125,23.435800552368164,98.57029724121094,151.9700927734375
353.5783996582031,14.248800277709961,104.27950286865234,159.49859619140625
356.7464904785156,18.073999404907227,105.29209899902344,156.30380249023438
362.15850830078125,14.330499649047852,100.04029846191406,158.89849853515625
377.3494873046875,12.965399742126465,81.36090087890625,160.57620239257812
378.94488525390625,9.118599891662598,84.2500991821289,165.16600036621094
385.86639404296875,8.711000442504883,71.42749786376953,162.1114044189453
385.0981140136719,5.066199779510498,75.8656005859375,162.56680297851562
388.1658935546875,6.730000019073486,70.65650177001953,161.7012939453125
389.78570556640625,3.5905001163482666,68.3322982788086,162.8822021484375
390.3118896484375,1.5841000080108643,69.40139770507812,164.10850524902344
392.2333984375,-0.4781000018119812,67.36820220947266,165.0771026611328
336.849609375,22.925500869750977,39.17689895629883,146.85780334472656
335.5867004394531,35.92530059814453,39.42559814453125,128.7729949951172
334.0537109375,37.07529830932617,38.69279861450195,126.34320068359375
333.44549560546875,34.37929916381836,38.641998291015625,127.22460174560547
330.5392150878906,35.14500045776367,39.754798889160156,127.60579681396484
329.6065979003906,32.75749969482422,39.4119987487793,126.98690032958984
326.41949462890625,34.18360137939453,42.38880157470703,127.04620361328125
324.448486328125,33.945701599121094,43.795799255371094,131.58090209960938
324.46868896484375,33.2963981628418,42.460201263427734,127.33200073242188
320.4879150390625,34.77470016479492,45.926998138427734,131.30870056152344
321.627685546875,32.71160125732422,40.18980026245117,130.58389282226562
322.65069580078125,34.89910125732422,36.46500015258789,128.9178009033203
320.03570556640625,36.066200256347656,37.88119888305664,126.19429779052734
317.43231201171875,39.030799865722656,40.499000549316406,124.26200103759766
315.4473876953125,35.80759811401367,40.292598724365234,123.08999633789062
311.2792053222656,37.130401611328125,44.125099182128906,123.5791015625
312.3279113769531,35.55419921875,40.38959884643555,123.97720336914062
308.2974853515625,34.71070098876953,43.38130187988281,125.97460174560547
307.6614074707031,37.85940170288086,41.67879867553711,126.0073013305664
307.8681945800781,34.77939987182617,39.86119842529297,124.08820343017578
305.6164855957031,39.551700592041016,39.553199768066406,121.6969985961914
304.73541259765625,40.531700134277344,38.26940155029297,121.45760345458984
302.12451171875,38.38719940185547,41.203800201416016,122.50959777832031
301.1868896484375,41.05820083618164,40.19269943237305,123.09300231933594
301.18780517578125,36.07440185546875,38.10749816894531,125.10800170898438
299.5625915527344,36.36539840698242,36.9995002746582,127.0364990234375
299.09521484375,40.6599006652832,36.43840026855469,121.779296875
297.1827087402344,38.74420166015625,37.14419937133789,122.95919799804688
291.2304992675781,34.94340133666992,44.25490188598633,130.54200744628906
285.2842102050781,38.18840026855469,49.061500549316406,129.03030395507812
277.2181091308594,32.513301849365234,54.64179992675781,131.78390502929688
269.29150390625,33.04349899291992,61.23419952392578,133.63099670410156
274.28619384765625,34.02539825439453,57.57709884643555,128.52049255371094
275.2862854003906,36.631500244140625,54.77090072631836,133.97900390625
273.6153869628906,33.133201599121094,58.31100082397461,132.32650756835938
277.7535095214844,35.75230026245117,51.49369812011719,135.89439392089844
278.605712890625,36.937801361083984,50.84579849243164,132.08859252929688
278.79888916015625,40.7056999206543,52.6343994140625,132.73179626464844
280.1553955078125,36.66460037231445,50.94409942626953,134.2917022705078
278.849609375,44.947898864746094,54.490501403808594,130.2353057861328
278.3194885253906,43.1531982421875,55.43220138549805,129.55270385742188
280.215087890625,41.85660171508789,53.283199310302734,131.31900024414062
278.5545959472656,42.82820129394531,58.96689987182617,133.3031005859375
279.36761474609375,39.28900146484375,59.941898345947266,136.58270263671875
280.106201171875,42.23889923095703,61.33530044555664,130.85130310058594
279.9075927734375,42.68830108642578,65.96160125732422,132.4678955078125
283.194091796875,39.32979965209961,65.08529663085938,135.50100708007812
281.6257019042969,44.18199920654297,71.00959777832031,133.345703125
276.1726989746094,41.69559860229492,81.1229019165039,133.74879455566406
275.3764953613281,47.47779846191406,84.45829772949219,129.0438995361328
275.07049560546875,45.018798828125,87.30130004882812,129.73060607910156
278.5777893066406,40.24259948730469,82.58209991455078,129.0561981201172
283.41558837890625,39.75809860229492,79.01229858398438,134.13929748535156
282.5987854003906,45.85499954223633,79.6489028930664,132.44439697265625
284.8009948730469,40.52149963378906,77.61470031738281,129.87559509277344
288.5423889160156,43.423500061035156,73.66529846191406,132.62359619140625
278.08099365234375,34.19049835205078,85.59159851074219,135.74169921875
291.2298889160156,40.05720138549805,73.85440063476562,129.45559692382812
289.87200927734375,37.62089920043945,74.18499755859375,135.21080017089844
277.8140869140625,34.836299896240234,88.1968002319336,137.22120666503906
279.3450012207031,33.51530075073242,84.90360260009766,139.77529907226562
277.32269287109375,29.041500091552734,90.43379974365234,141.62010192871094
278.2157897949219,31.70560073852539,90.322998046875,141.86520385742188
279.1217956542969,38.618900299072266,89.06580352783203,134.69439697265625
282.8464050292969,39.22420120239258,85.02400207519531,132.21270751953125
284.4381103515625,36.14659881591797,85.03839874267578,132.4799041748047
287.6658020019531,36.666099548339844,90.19170379638672,135.04409790039062
295.4447937011719,34.74549865722656,80.33319854736328,132.67880249023438
292.7962951660156,35.78519821166992,82.22129821777344,137.3227996826172
294.743896484375,39.73979949951172,82.1865005493164,129.27560424804688
300.12939453125,37.67279815673828,75.13030242919922,134.072998046875
304.8125,36.37950134277344,72.77549743652344,133.91439819335938
307.764892578125,37.60449981689453,72.43779754638672,134.04949951171875
310.85931396484375,34.77730178833008,71.59850311279297,131.87440490722656
311.1763916015625,40.36709976196289,73.38169860839844,128.97569274902344
309.9432067871094,36.282100677490234,76.19860076904297,129.83030700683594
313.9866943359375,42.82279968261719,71.1906967163086,128.42449951171875
313.0246887207031,39.706600189208984,72.17410278320312,129.49960327148438
312.7096862792969,42.811100006103516,73.36689758300781,129.3549041748047
317.2138977050781,38.20050048828125,65.9489974975586,129.13929748535156
316.6965026855469,41.4202995300293,70.43309783935547,130.79209899902344
319.7952880859375,37.496700286865234,66.97669982910156,128.2877960205078
319.8891906738281,44.539100646972656,65.4032974243164,129.5532989501953
322.51141357421875,39.354000091552734,62.89339828491211,128.47540283203125
323.3066101074219,42.44089889526367,62.42169952392578,131.67529296875
324.0032958984375,42.70209884643555,62.54159927368164,131.139892578125
324.4783020019531,40.139801025390625,59.28390121459961,128.95809936523438
328.15789794921875,44.98379898071289,49.05220031738281,128.4718017578125
328.92230224609375,39.83440017700195,49.90850067138672,131.15780639648438
331.4122009277344,37.18280029296875,47.24580001831055,134.94679260253906
328.6408996582031,35.040401458740234,54.359500885009766,136.2928924560547
328.1101989746094,41.221500396728516,55.81809997558594,130.46409606933594
330.3818054199219,44.549400329589844,53.902000427246094,128.30479431152344
330.4938049316406,41.260501861572266,53.15299987792969,133.451904296875
331.0663146972656,47.1879997253418,51.363399505615234,124.80609893798828
332.4981994628906,56.027198791503906,49.38610076904297,118.60759735107422
335.2886962890625,53.378501892089844,46.244598388671875,119.50189971923828
338.4668884277344,53.717098236083984,41.153499603271484,118.83540344238281
342.61810302734375,57.31489944458008,35.28730010986328,116.82510375976562
342.0707092285156,55.60319900512695,40.53900146484375,114.95919799804688
341.4106140136719,58.83689880371094,48.66659927368164,114.22650146484375
343.3616027832031,69.002197265625,48.930599212646484,103.7217025756836
346.7143859863281,66.85820007324219,44.56159973144531,104.29669952392578
348.41790771484375,63.67539978027344,40.8932991027832,104.37480163574219
350.5408020019531,66.49130249023438,37.01250076293945,104.9292984008789
351.7489013671875,63.489498138427734,36.5791015625,109.35420227050781
353.3882141113281,64.44280242919922,35.71110153198242,106.4114990234375
355.2078857421875,65.58390045166016,34.769901275634766,102.04170227050781
359.47491455078125,62.899200439453125,30.643800735473633,103.99349975585938
363.7945861816406,61.762699127197266,27.994400024414062,104.4009017944336
367.0415954589844,61.83829879760742,27.12820053100586,106.05889892578125
369.779296875,63.39789962768555,27.61910057067871,107.91390228271484
372.39459228515625,60.78519821166992,29.088899612426758,108.39219665527344
373.6123962402344,63.835899353027344,30.931800842285156,108.34870147705078
377.0072937011719,61.36640167236328,31.865299224853516,108.90959930419922
378.6922912597656,64.78479766845703,31.980600357055664,105.75170135498047
380.87451171875,65.70919799804688,31.28809928894043,103.69709777832031
384.489013671875,63.32109832763672,30.156600952148438,104.28890228271484
386.1883850097656,64.98419952392578,31.14780044555664,106.91960144042969
388.6119079589844,64.51930236816406,30.57229995727539,104.5291976928711
391.6430969238281,65.43270111083984,28.719499588012695,101.82360076904297
392.8717041015625,64.464599609375,27.851900100708008,106.58519744873047
395.0935974121094,63.1172981262207,32.9276008605957,108.3478012084961
394.355712890625,64.68589782714844,40.25960159301758,108.0552978515625
396.3583984375,64.05359649658203,43.17720031738281,108.1791000366211
397.69659423828125,64.60700225830078,45.268798828125,106.81890106201172
398.7455139160156,65.75749969482422,43.8130989074707,105.58319854736328
399.2069091796875,65.13150024414062,43.40079879760742,105.75980377197266
398.5693054199219,64.88410186767578,41.60309982299805,106.87090301513672
397.07391357421875,66.37960052490234,42.1963005065918,106.1947021484375
397.78228759765625,65.95960235595703,40.871700286865234,107.72630310058594
396.9927978515625,68.02690124511719,40.26279830932617,106.67350006103516
395.3658142089844,67.74430084228516,42.6973991394043,107.61380004882812
397.1866149902344,66.61499786376953,36.25910186767578,107.23919677734375
397.1260070800781,66.23429870605469,36.10049819946289,108.10749816894531
396.6742858886719,66.91799926757812,33.29330062866211,106.70339965820312
395.4910888671875,67.21980285644531,34.78730010986328,107.84020233154297
393.9054870605469,71.76580047607422,34.975799560546875,106.12190246582031
390.0244140625,69.5,40.543701171875,107.84380340576172
391.8955993652344,69.55259704589844,36.77349853515625,107.94879913330078
391.47088623046875,70.25630187988281,36.48400115966797,110.25789642333984
391.4085998535156,74.0823974609375,36.32929992675781,105.73280334472656
391.05841064453125,73.56179809570312,36.21649932861328,107.19010162353516
390.55999755859375,75.73660278320312,37.16830062866211,108.04830169677734
391.39788818359375,77.20079803466797,37.006900787353516,108.30349731445312
390.8695983886719,82.27459716796875,37.68450164794922,105.02880096435547
391.2679138183594,84.35469818115234,35.91120147705078,103.80960083007812
391.4464111328125,86.841796875,36.29570007324219,103.5978012084961
391.1217956542969,86.77459716796875,36.809200286865234,104.2759017944336
391.2961120605469,86.92610168457031,33.66170120239258,107.99970245361328
389.6720886230469,87.81909942626953,36.342498779296875,108.0615005493164
388.54681396484375,90.5521011352539,38.479698181152344,105.66490173339844
388.34539794921875,90.44309997558594,38.94390106201172,108.75890350341797
388.2590026855469,94.08100128173828,36.07749938964844,105.99240112304688
387.29168701171875,93.62030029296875,36.27259826660156,107.00789642333984
387.0741882324219,95.72930145263672,36.37689971923828,106.53559875488281
385.78759765625,97.83370208740234,37.85649871826172,104.66259765625
384.9533996582031,100.91310119628906,40.67539978027344,104.47989654541016
384.99578857421875,100.58879852294922,39.24679946899414,104.34819793701172
384.7120056152344,101.81410217285156,37.952999114990234,104.9583969116211
383.2771911621094,99.88719940185547,43.39789962768555,108.38770294189453
383.064208984375,100.1884994506836,41.21630096435547,106.86920166015625
382.306396484375,103.06430053710938,44.0260009765625,104.70690155029297
382.3645935058594,103.71869659423828,42.744598388671875,105.17759704589844
384.69378662109375,102.9697036743164,40.626399993896484,104.30380249023438
386.3734130859375,105.20760345458984,40.0463981628418,103.37049865722656
385.99591064453125,104.37889862060547,43.7848014831543,103.82579803466797
388.2796936035156,106.55049896240234,38.60540008544922,104.29830169677734
389.6982116699219,107.72360229492188,38.6890983581543,100.57019805908203
389.3727111816406,110.71410369873047,41.25149917602539,100.89810180664062
392.0129089355469,107.71649932861328,37.77289962768555,102.14070129394531
391.4841003417969,113.47530364990234,38.536598205566406,99.26959991455078
390.12451171875,112.59400177001953,41.44620132446289,98.31559753417969
391.17919921875,112.85320281982422,40.31010055541992,97.1875991821289
390.6675109863281,113.91799926757812,39.54349899291992,99.92350006103516
391.07958984375,114.33529663085938,38.36259841918945,100.08560180664062
390.2416076660156,117.1978988647461,39.53049850463867,97.15489959716797
390.29150390625,119.12560272216797,38.5275993347168,97.85089874267578
389.0177917480469,121.63870239257812,37.8754997253418,98.09839630126953
388.0163879394531,125.08280181884766,37.46860122680664,95.64810180664062
387.2608947753906,123.97350311279297,35.565399169921875,99.26730346679688
385.42401123046875,127.27510070800781,33.42380142211914,98.95459747314453
385.9179992675781,129.4886016845703,30.78809928894043,99.45279693603516
384.23919677734375,130.79559326171875,32.743900299072266,100.57510375976562
382.4031982421875,134.3184051513672,39.96379852294922,98.06279754638672
381.01580810546875,135.5106964111328,48.84080123901367,99.543701171875
384.27099609375,142.1549072265625,42.58810043334961,94.54440307617188
383.6932067871094,139.86380004882812,39.55970001220703,95.53469848632812
383.8277893066406,143.11709594726562,35.15760040283203,95.4916000366211
382.9216003417969,144.08509826660156,32.49879837036133,93.9751968383789
382.909912109375,144.006103515625,29.51930046081543,94.11859893798828
380.8385925292969,145.4644012451172,32.012001037597656,93.43789672851562
379.7869873046875,145.27239990234375,30.130300521850586,95.4269027709961
377.0555114746094,147.30239868164062,32.81269836425781,93.17890167236328
373.8568115234375,143.57229614257812,41.23749923706055,95.81310272216797
372.2362976074219,146.92649841308594,46.72890090942383,92.83689880371094
369.1736145019531,150.45289611816406,46.86240005493164,92.2479019165039
369.0093078613281,149.23219299316406,49.701900482177734,91.0115966796875
369.1680908203125,149.29490661621094,45.97819900512695,91.597900390625
368.0422058105469,148.95889282226562,45.414798736572266,90.94730377197266
368.52239990234375,152.19129943847656,45.03020095825195,87.77729797363281
366.8912048339844,149.29519653320312,41.333099365234375,90.32849884033203
367.2771911621094,143.93609619140625,37.16559982299805,94.35600280761719
365.4728088378906,141.79600524902344,38.218299865722656,98.1980972290039
361.8739013671875,140.68080139160156,43.82170104980469,99.83180236816406
362.0002136230469,134.53469848632812,43.029998779296875,102.97470092773438
361.681396484375,135.26829528808594,45.94329833984375,103.2885971069336
361.1376037597656,129.78689575195312,51.712501525878906,107.55789947509766
359.2757873535156,132.28810119628906,60.019901275634766,108.80789947509766
356.0329895019531,129.33169555664062,62.19620132446289,108.19339752197266
356.2367858886719,134.5290985107422,65.33889770507812,105.32430267333984
353.893310546875,129.1367950439453,68.12999725341797,111.1530990600586
353.17230224609375,130.72250366210938,65.54109954833984,110.73159790039062
356.3330993652344,130.69509887695312,62.70669937133789,110.818603515625
358.34368896484375,130.32009887695312,63.93790054321289,114.31590270996094
360.44189453125,133.5395965576172,63.604000091552734,112.33280181884766
360.78369140625,132.585693359375,65.20600128173828,114.43599700927734
361.9079895019531,135.54209899902344,66.55750274658203,112.90640258789062
362.7253112792969,131.02430725097656,68.05979919433594,117.96990203857422
363.8797912597656,134.51669311523438,69.3187026977539,118.6353988647461
366.8240966796875,136.91879272460938,58.19919967651367,117.90509796142578
365.5942077636719,135.2187042236328,57.76340103149414,124.56340026855469
365.66839599609375,133.95469665527344,59.69309997558594,121.8427963256836
368.7427978515625,135.54690551757812,55.787498474121094,124.2666015625
370.0945129394531,132.93710327148438,55.322601318359375,129.910400390625
370.1153869628906,136.1457977294922,56.92940139770508,129.00680541992188
370.37548828125,135.0092010498047,60.72869873046875,122.37149810791016
371.6404113769531,136.05230712890625,56.7052001953125,130.16900634765625
372.5469970703125,136.2895050048828,55.36130142211914,129.3946075439453
369.08538818359375,133.32310485839844,62.82659912109375,129.5330047607422
372.723388671875,143.62939453125,59.14649963378906,128.42860412597656
372.1636047363281,141.86090087890625,63.379798889160156,122.2603988647461
375.8599853515625,137.0789031982422,58.012901306152344,127.2614974975586
379.897705078125,135.5135955810547,53.605098724365234,124.41329956054688
380.32611083984375,135.9163055419922,55.19770050048828,126.41000366210938
383.07861328125,137.6990966796875,52.768798828125,124.44960021972656
385.1285095214844,136.1907958984375,53.79349899291992,131.04840087890625
389.16778564453125,130.11090087890625,51.229000091552734,129.7523956298828
390.7605895996094,137.13870239257812,58.74380111694336,128.53390502929688
396.33880615234375,132.37159729003906,46.29859924316406,135.90089416503906
397.2856140136719,129.43609619140625,49.91120147705078,141.38999938964844
392.93798828125,136.1085968017578,65.60649871826172,137.9385986328125
396.0508117675781,136.36019897460938,62.808101654052734,129.89190673828125
398.5465087890625,139.00729370117188,63.403900146484375,132.83990478515625
400.6091003417969,147.6439971923828,64.12640380859375,129.04730224609375
402.4171142578125,135.81539916992188,59.31269836425781,137.6186065673828
404.0216064453125,135.7136993408203,57.67570114135742,140.6531982421875
403.81689453125,130.9158935546875,58.45650100708008,146.40480041503906
402.2945861816406,128.91619873046875,62.58399963378906,151.0688934326172
404.03839111328125,129.18919372558594,56.02899932861328,146.75160217285156
402.029296875,122.08300018310547,53.55030059814453,154.2366943359375
400.72479248046875,131.09100341796875,57.6797981262207,151.514404296875
399.37530517578125,119.6156005859375,54.1327018737793,156.7176971435547
397.385986328125,124.09310150146484,62.673500061035156,153.53700256347656
398.49261474609375,122.3115005493164,56.9297981262207,155.39300537109375
397.5354919433594,114.64769744873047,61.76110076904297,162.00250244140625
396.02459716796875,122.20480346679688,57.86439895629883,157.97079467773438
396.75860595703125,117.01860046386719,57.83639907836914,162.139404296875
395.1048889160156,115.46269989013672,65.7345962524414,168.6262969970703
393.22918701171875,113.84639739990234,69.25340270996094,168.0478057861328
394.5328063964844,111.44049835205078,64.6270980834961,170.04209899902344
394.73309326171875,109.7437973022461,62.19200134277344,169.0352020263672
399.4400939941406,106.8053970336914,54.753299713134766,173.96449279785156
403.5885009765625,104.61000061035156,53.992401123046875,171.118896484375
403.8598937988281,105.72940063476562,56.642398834228516,173.13270568847656
402.4516906738281,109.5509033203125,60.577999114990234,175.10769653320312
405.1138000488281,111.2665023803711,57.72760009765625,170.92660522460938
407.287109375,111.70110321044922,57.26470184326172,174.94039916992188
407.3638916015625,109.35639953613281,60.054298400878906,174.31179809570312
405.8185119628906,110.61820220947266,65.32260131835938,174.5135955810547
407.3035888671875,105.46299743652344,58.631500244140625,172.59849548339844
405.8570861816406,109.82450103759766,61.73789978027344,176.41639709472656
405.4436950683594,104.69029998779297,64.10179901123047,176.64549255371094
399.42010498046875,109.78900146484375,72.69850158691406,176.74249267578125
403.5166931152344,111.61000061035156,69.99579620361328,175.96730041503906
401.9866027832031,110.68800354003906,72.97530364990234,175.85450744628906
403.0181884765625,113.60040283203125,71.75060272216797,176.39810180664062
401.8807067871094,114.62830352783203,77.18190002441406,175.2761993408203
403.256591796875,114.09410095214844,76.1759033203125,179.2469024658203
407.7597961425781,118.5863037109375,73.20120239257812,179.52879333496094
410.364990234375,118.66829681396484,69.10199737548828,172.78489685058594
411.8800964355469,122.82250213623047,70.04029846191406,170.45950317382812
419.0107116699219,120.74569702148438,64.7332992553711,175.52499389648438
409.5683898925781,119.98970031738281,78.0602035522461,173.22230529785156
413.23529052734375,124.32230377197266,77.33049774169922,172.84100341796875
417.3857116699219,122.93679809570312,74.56050109863281,166.6475067138672
408.8738098144531,124.4197998046875,86.42639923095703,172.847900390625
411.27520751953125,120.03790283203125,86.4636001586914,170.14959716796875
412.5575866699219,120.66069793701172,85.81510162353516,172.48309326171875
416.6242980957031,112.69020080566406,80.29650115966797,176.21339416503906
417.489013671875,107.70950317382812,77.2499008178711,174.49960327148438
419.48638916015625,104.94000244140625,72.72000122070312,175.86410522460938
419.70709228515625,104.60079956054688,70.31210327148438,172.90350341796875
418.5874938964844,105.8761978149414,68.0885009765625,172.74609375
415.823486328125,102.3759994506836,65.88259887695312,176.5509033203125
415.8305969238281,104.09629821777344,72.68060302734375,178.72149658203125
419.34381103515625,106.65149688720703,69.41100311279297,176.81719970703125
417.0775146484375,107.82689666748047,75.11170196533203,178.12139892578125
414.418701171875,107.76249694824219,73.99019622802734,180.7205047607422
415.0285949707031,108.24829864501953,74.76580047607422,183.7574005126953
417.0981140136719,113.81649780273438,74.46260070800781,180.60569763183594
414.6293029785156,117.46690368652344,81.58719635009766,179.81700134277344
411.6199951171875,115.7968978881836,87.57730102539062,184.12319946289062
413.1408996582031,116.71279907226562,78.5531997680664,182.68170166015625
419.30279541015625,120.20269775390625,62.923301696777344,179.6486053466797
415.97601318359375,118.19120025634766,68.972900390625,182.7552947998047
413.56610107421875,125.45189666748047,72.77420043945312,177.84959411621094
411.5278015136719,121.15180206298828,77.72810363769531,182.168701171875
408.49560546875,123.1676025390625,84.48930358886719,179.97979736328125
412.7596130371094,121.62960052490234,78.54540252685547,182.2666015625
409.8927001953125,123.49700164794922,83.65119934082031,178.7711944580078
410.3056945800781,125.39579772949219,83.29399871826172,179.68890380859375
409.860595703125,123.9718017578125,88.59839630126953,181.11380004882812
410.6990966796875,123.01029968261719,89.58609771728516,183.24070739746094
415.0617980957031,123.55229949951172,88.1989974975586,181.21620178222656
418.943115234375,120.20670318603516,83.20189666748047,185.91259765625
419.6510925292969,124.56230163574219,85.75849914550781,179.63510131835938
420.2908935546875,119.76300048828125,83.31379699707031,184.1634063720703
418.9997863769531,120.97039794921875,89.54119873046875,183.69520568847656
417.95001220703125,119.40499877929688,94.12699890136719,186.8280029296875
420.35540771484375,121.7593994140625,90.02890014648438,184.0854034423828
423.11279296875,122.4801025390625,85.7113037109375,184.7808074951172
423.5697021484375,122.49610137939453,81.9385986328125,186.18319702148438
422.965087890625,125.36990356445312,86.48639678955078,181.8907928466797
424.2052917480469,124.26920318603516,84.84660339355469,182.2987060546875
422.006103515625,127.75540161132812,86.63590240478516,180.0644073486328
424.66009521484375,122.86900329589844,83.52110290527344,183.16929626464844
421.7167053222656,126.25189971923828,81.69010162353516,180.90179443359375
427.15728759765625,128.17300415039062,67.35569763183594,178.61050415039062
428.07611083984375,127.13520050048828,65.83350372314453,178.06370544433594
427.93780517578125,129.50100708007812,63.41120147705078,174.13720703125
427.5376892089844,126.20999908447266,64.04129791259766,180.3011016845703
426.7622985839844,128.50059509277344,61.97129821777344,176.7097930908203
427.1164855957031,129.9152069091797,60.56460189819336,176.7675018310547
427.0716857910156,133.59649658203125,60.65060043334961,170.72430419921875
427.381103515625,132.5019989013672,61.41120147705078,172.51119995117188
428.94329833984375,136.38760375976562,53.98889923095703,167.45809936523438
427.3424072265625,137.63079833984375,56.610599517822266,165.77310180664062
426.36090087890625,141.49859619140625,58.37329864501953,162.3618927001953
424.1081848144531,131.12420654296875,56.85200119018555,169.0469970703125
422.3200988769531,133.8762969970703,57.3932991027832,168.72779846191406
422.470703125,124.73889923095703,55.3302001953125,176.42860412597656
417.15350341796875,118.68009948730469,58.6172981262207,180.15060424804688
415.7698974609375,117.9303970336914,56.57210159301758,177.88780212402344
414.3407897949219,118.9561996459961,54.5635986328125,175.03280639648438
408.6919860839844,116.27400207519531,60.68410110473633,174.1721954345703
409.00140380859375,106.85540008544922,57.5724983215332,183.00779724121094
407.4263916015625,108.1675033569336,58.076900482177734,177.4927978515625
407.1671142578125,104.1323013305664,57.24610137939453,177.81570434570312
404.8160095214844,101.0802993774414,61.583499908447266,179.5706024169922
406.95159912109375,98.72329711914062,61.966400146484375,179.339599609375
409.9525146484375,95.38269805908203,57.99620056152344,179.6938934326172
411.9682922363281,95.69950103759766,57.422401428222656,178.13839721679688
414.36761474609375,93.24960327148438,58.83449935913086,177.06849670410156
416.7143859863281,94.6458969116211,56.09769821166992,171.0540008544922
409.7049865722656,88.82779693603516,66.14769744873047,176.51210021972656
410.65460205078125,87.64910125732422,66.49210357666016,175.27980041503906
414.9173889160156,92.20480346679688,62.599700927734375,168.81260681152344
416.82281494140625,86.99710083007812,59.93790054321289,175.5966033935547
418.9023132324219,87.6343002319336,57.83420181274414,173.26119995117188
418.427490234375,84.6697998046875,57.35430145263672,173.40809631347656
415.3039855957031,85.88240051269531,61.827301025390625,172.70469665527344
414.3935852050781,89.58080291748047,61.966800689697266,167.68499755859375
415.9827880859375,87.1520004272461,60.4286994934082,168.285400390625
415.63360595703125,83.62860107421875,59.30630111694336,174.10000610351562
413.6512145996094,86.69200134277344,64.83869934082031,168.9716033935547
414.3277893066406,88.4364013671875,63.13719940185547,164.64840698242188
415.2992858886719,87.5031967163086,62.10580062866211,168.581298828125
416.7239990234375,80.73280334472656,58.966400146484375,172.45849609375
418.0380859375,78.25199890136719,57.46310043334961,177.49830627441406
417.4833984375,77.14550018310547,59.91279983520508,174.24099731445312
419.3380126953125,75.48989868164062,56.862998962402344,175.3394012451172
419.5039978027344,83.3739013671875,57.49079895019531,168.9488983154297
419.9704895019531,77.5093002319336,59.4275016784668,171.8220977783203
420.0044860839844,79.51239776611328,61.197601318359375,172.91259765625
417.6883850097656,80.73829650878906,65.74749755859375,171.9113006591797
417.18499755859375,84.62830352783203,69.0707015991211,165.17100524902344
417.1966857910156,89.04119873046875,69.57969665527344,160.77760314941406
424.5202941894531,77.40440368652344,58.984100341796875,172.15440368652344
424.4833984375,79.68879699707031,55.86159896850586,175.8621063232422
422.8855895996094,84.78209686279297,59.093299865722656,170.35580444335938
425.309814453125,85.23509979248047,57.90620040893555,166.44839477539062
424.1243896484375,87.21869659423828,58.23189926147461,168.6968994140625
421.5768127441406,93.02649688720703,61.454898834228516,163.7947998046875
424.01708984375,90.73699951171875,60.64580154418945,164.82119750976562
422.4858093261719,93.30280303955078,60.39889907836914,166.110107421875
422.0118103027344,90.9175033569336,61.98139953613281,169.70880126953125
425.7585144042969,87.40630340576172,57.0536003112793,171.98739624023438
424.0021057128906,90.76480102539062,61.686500549316406,172.53990173339844
425.8230895996094,90.9645004272461,59.20669937133789,171.60899353027344
425.1993103027344,93.2520980834961,58.220298767089844,171.87399291992188
422.2206115722656,95.63249969482422,63.76250076293945,172.60549926757812
423.5080871582031,97.72360229492188,64.1614990234375,171.88699340820312
426.0257873535156,96.5198974609375,59.72529983520508,177.05960083007812
424.59820556640625,103.03739929199219,61.05509948730469,171.07339477539062
424.32220458984375,106.27349853515625,61.71540069580078,173.16119384765625
421.32659912109375,113.68060302734375,65.61750030517578,167.7386016845703
423.01348876953125,116.72209930419922,62.940101623535156,162.17449951171875
421.297607421875,118.16809844970703,63.599098205566406,166.12559509277344
418.8013916015625,122.00969696044922,66.31529998779297,164.55740356445312
417.5519104003906,126.11540222167969,66.04859924316406,159.3939971923828
417.5152893066406,122.26570129394531,63.535701751708984,168.59869384765625
420.684814453125,122.75250244140625,59.89440155029297,169.65150451660156
419.06219482421875,129.05799865722656,61.2781982421875,167.0312042236328
418.08758544921875,133.32569885253906,61.58919906616211,166.24049377441406
414.8205871582031,131.56419372558594,65.16580200195312,171.44610595703125
416.4454040527344,134.7834014892578,62.864498138427734,165.92930603027344
415.4176940917969,134.8607940673828,63.533199310302734,169.4774932861328
416.522705078125,138.34320068359375,62.20709991455078,160.88059997558594
415.9685974121094,135.41029357910156,63.00790023803711,169.0305938720703
419.656494140625,136.63040161132812,60.75130081176758,163.71009826660156
419.17559814453125,136.69529724121094,58.89500045776367,168.68850708007812
420.3750915527344,135.8350067138672,58.06570053100586,168.12539672851562
419.91571044921875,133.99659729003906,57.89979934692383,171.22140502929688
418.95721435546875,140.1208953857422,59.730899810791016,163.7447052001953
418.5054931640625,137.20779418945312,63.1328010559082,167.9178009033203
416.08819580078125,143.71499633789062,66.35549926757812,158.8444061279297
420.543212890625,137.67860412597656,61.56779861450195,164.31399536132812
418.1925964355469,141.48919677734375,62.59939956665039,162.7698974609375
421.14599609375,140.0009002685547,60.06449890136719,161.78070068359375
421.3467102050781,139.8094024658203,60.733001708984375,165.31570434570312
422.9205017089844,140.30889892578125,59.42490005493164,165.55020141601562
423.0896911621094,145.95790100097656,57.96659851074219,160.09860229492188
424.7239074707031,139.0637969970703,57.660400390625,167.42030334472656
425.68780517578125,146.80599975585938,55.549400329589844,160.03579711914062
426.14788818359375,138.1470947265625,56.459999084472656,168.14039611816406
426.7460021972656,142.87660217285156,56.14509963989258,162.09910583496094
427.8671875,135.06619262695312,52.896400451660156,169.72450256347656
429.59381103515625,133.38279724121094,52.7578010559082,169.96170043945312
425.8710021972656,137.14300537109375,59.2140007019043,165.54310607910156
427.7760925292969,138.74609375,55.94879913330078,165.35000610351562
426.84619140625,132.73829650878906,56.35929870605469,170.91209411621094
427.09649658203125,136.10159301757812,54.365699768066406,166.5832061767578
424.77459716796875,132.5290985107422,59.955299377441406,170.07040405273438
425.20770263671875,136.88729858398438,59.03300094604492,166.01780700683594
428.1694030761719,131.62139892578125,53.83789825439453,171.32240295410156
426.6618957519531,127.61849975585938,56.969200134277344,174.50680541992188
425.14068603515625,130.43800354003906,59.7495002746582,172.7310028076172
426.7882080078125,132.05850219726562,56.10139846801758,170.39649963378906
426.8705139160156,132.5919952392578,52.88719940185547,170.06089782714844
425.10528564453125,137.5847930908203,55.32149887084961,163.93260192871094
425.02880859375,132.3798065185547,53.947898864746094,169.64549255371094
425.2414855957031,135.28480529785156,50.25120162963867,166.30360412597656
424.65618896484375,131.01609802246094,47.29010009765625,168.69369506835938
421.6340026855469,122.72489929199219,55.37110137939453,181.19000244140625
424.2051086425781,131.73919677734375,47.326900482177734,167.30059814453125
421.9984130859375,128.62249755859375,48.87730026245117,170.34339904785156
418.0309143066406,131.72329711914062,53.531700134277344,165.76609802246094
406.639892578125,132.78359985351562,67.60559844970703,164.35260009765625
406.5585021972656,134.20419311523438,69.43409729003906,163.03610229492188
408.9530029296875,133.2541046142578,64.42919921875,164.8426971435547
408.2521057128906,135.7191925048828,65.4126968383789,163.0222930908203
408.5592956542969,135.24490356445312,65.34230041503906,161.7324981689453
412.06298828125,135.531494140625,59.457401275634766,160.9105987548828
405.65838623046875,135.7050018310547,66.31549835205078,162.73480224609375
411.4368896484375,135.79190063476562,57.57389831542969,161.2675018310547
406.473388671875,131.01060485839844,65.783203125,168.93370056152344
404.2383117675781,140.5634002685547,70.82630157470703,158.19439697265625
405.206787109375,141.51170349121094,68.93710327148438,159.89100646972656
400.1617126464844,131.19070434570312,83.65599822998047,171.06629943847656
397.70379638671875,128.5657958984375,92.02649688720703,176.8195037841797
397.1328125,117.57830047607422,100.14230346679688,182.37319946289062
394.5887145996094,97.43450164794922,115.6594009399414,200.1248016357422
397.2330017089844,82.56169891357422,118.92449951171875,216.3419952392578
401.4302062988281,76.7761001586914,110.52279663085938,222.6822052001953
402.84588623046875,75.05130004882812,101.5864028930664,224.45419311523438
399.90509033203125,75.61759948730469,105.72319793701172,224.9508056640625
399.70220947265625,73.32959747314453,99.81099700927734,227.98300170898438
396.8747863769531,76.03900146484375,103.82630157470703,225.718994140625
396.61529541015625,76.33799743652344,106.20950317382812,225.7667999267578
397.64111328125,77.79989624023438,97.2145004272461,225.0529022216797
398.3114013671875,77.36119842529297,95.52559661865234,222.95779418945312
390.3825988769531,79.364501953125,110.16560363769531,230.8302001953125
398.680908203125,75.79049682617188,92.81269836425781,230.42849731445312
399.4767150878906,77.65480041503906,89.42559814453125,224.4449005126953
395.1413879394531,77.42430114746094,91.5363998413086,225.2895050048828
394.9903869628906,78.99729919433594,92.73429870605469,222.71240234375
394.8528137207031,76.51020050048828,89.89230346679688,229.26649475097656
385.7710876464844,89.37870025634766,107.09629821777344,216.45120239257812
390.6205139160156,84.43659973144531,95.79419708251953,217.92349243164062
384.4151916503906,107.31880187988281,102.96040344238281,198.1907958984375
386.5289001464844,84.39649963378906,96.05650329589844,217.4145965576172
383.1705017089844,88.35859680175781,96.96189880371094,213.94590759277344
378.3883056640625,89.50360107421875,101.0916976928711,216.9113006591797
378.0392150878906,85.4884033203125,103.93769836425781,217.0758056640625
370.6560974121094,95.43299865722656,103.81900024414062,211.143798828125
380.6647033691406,84.85710144042969,89.12429809570312,223.35150146484375
362.82269287109375,84.9823989868164,105.2927017211914,219.3450927734375
365.0213928222656,79.90299987792969,101.79949951171875,221.14810180664062
368.6317138671875,87.47260284423828,96.24980163574219,219.42140197753906
363.6565856933594,80.34510040283203,102.15670013427734,219.9156951904297
361.8013000488281,97.82689666748047,105.43080139160156,204.81219482421875
349.3547058105469,86.50250244140625,117.62629699707031,216.19970703125
346.7641906738281,90.42859649658203,114.85990142822266,215.09339904785156
346.02911376953125,85.12590026855469,108.97129821777344,216.2613983154297
338.285400390625,92.56909942626953,118.74629974365234,213.64990234375
334.3985900878906,90.74579620361328,118.9542007446289,212.82550048828125
328.2130126953125,103.22339630126953,137.89390563964844,199.3968963623047
325.319091796875,104.7572021484375,144.0467987060547,197.21429443359375
323.27911376953125,106.90489959716797,180.07150268554688,197.0511932373047
304.68798828125,107.51010131835938,201.7884979248047,195.9468994140625
307.8656005859375,97.4884033203125,190.41879272460938,196.74819946289062
304.31689453125,98.82649993896484,187.1907958984375,197.25709533691406
296.8244934082031,95.36250305175781,178.9208984375,197.1123046875
299.9767150878906,102.70580291748047,196.01919555664062,190.6840057373047
289.7499084472656,96.96170043945312,194.22189331054688,193.04559326171875
274.7904052734375,97.89140319824219,196.73789978027344,193.16000366210938
310.6564025878906,109.04570007324219,182.53680419921875,182.48480224609375
353.25628662109375,125.4197998046875,157.9290008544922,166.2364959716797
355.32958984375,119.38760375976562,163.4541015625,171.1269989013672
353.4031066894531,131.6125946044922,126.29840087890625,155.8419952392578
363.6781921386719,121.37480163574219,105.15630340576172,162.57119750976562
366.0060119628906,119.05919647216797,96.33100128173828,166.0167999267578
368.2511901855469,115.96189880371094,90.17379760742188,168.0216064453125
374.0986022949219,115.25640106201172,84.54429626464844,169.57420349121094
373.4154968261719,113.27410125732422,74.96289825439453,169.58389282226562
373.87640380859375,113.91329956054688,69.91410064697266,169.8966064453125
370.9735107421875,112.13059997558594,69.01719665527344,174.2790985107422
369.31658935546875,114.78179931640625,67.45390319824219,171.3072052001953
366.8277893066406,118.3292007446289,67.17939758300781,165.16310119628906
361.9867858886719,114.3479995727539,68.95330047607422,170.98480224609375
361.0445861816406,116.64630126953125,66.87030029296875,170.8155975341797
356.7672119140625,114.56790161132812,69.61019897460938,170.610595703125
355.5956115722656,115.95659637451172,69.33789825439453,169.52960205078125
356.277099609375,112.32420349121094,67.04640197753906,169.32730102539062
353.19171142578125,113.7925033569336,69.05780029296875,171.64109802246094
352.27069091796875,109.16629791259766,70.78810119628906,176.07839965820312
351.2304992675781,116.13909912109375,71.51619720458984,171.4503936767578
347.4363098144531,118.57630157470703,75.94529724121094,169.6652069091797
352.70819091796875,120.11920166015625,70.45010375976562,173.1781005859375
357.035400390625,119.533203125,69.6530990600586,171.4539031982422
364.0755920410156,124.84700012207031,60.785301208496094,166.81109619140625
369.25311279296875,124.06939697265625,57.15380096435547,172.09950256347656
370.4132080078125,126.2239990234375,58.13859939575195,170.22000122070312
374.6304931640625,125.57160186767578,59.02479934692383,170.65440368652344
374.0347900390625,127.58309936523438,58.5077018737793,173.37640380859375
376.9794921875,126.04399871826172,57.86840057373047,172.22500610351562
376.839111328125,131.65980529785156,61.56439971923828,168.985595703125
374.87310791015625,139.68429565429688,63.027400970458984,161.30140686035156
379.010986328125,138.70069885253906,57.230899810791016,166.38710021972656
375.43328857421875,134.7801971435547,61.886600494384766,169.5084991455078
375.13470458984375,140.83819580078125,61.712398529052734,168.6522979736328
373.93701171875,143.8867950439453,62.62900161743164,167.5489044189453
377.305908203125,145.13290405273438,60.39189910888672,163.3988037109375
375.8778076171875,148.68209838867188,62.52989959716797,166.601806640625
374.860595703125,144.5758056640625,65.93710327148438,166.10830688476562
376.5889892578125,145.5614013671875,63.924800872802734,169.1649932861328
378.598388671875,146.88009643554688,62.32160186767578,166.63319396972656
381.38739013671875,147.29539489746094,61.04880142211914,170.57809448242188
383.15008544921875,146.7415008544922,60.809600830078125,168.28089904785156
385.7030029296875,154.3856964111328,59.762901306152344,162.97439575195312
388.1470031738281,151.05279541015625,58.0015983581543,165.72760009765625
387.32611083984375,156.4185028076172,62.0453987121582,164.36160278320312
391.4580993652344,157.156494140625,59.260799407958984,159.98699951171875
390.82940673828125,165.64630126953125,60.30590057373047,156.44509887695312
392.5541076660156,163.0229949951172,59.84579849243164,155.6750946044922
395.59759521484375,169.00180053710938,56.84040069580078,152.66490173339844
397.45849609375,172.85690307617188,56.54460144042969,147.62109375
394.408203125,179.70449829101562,63.87630081176758,140.6342010498047
397.7333984375,184.468994140625,58.06370162963867,139.18389892578125
393.4010925292969,177.70620727539062,65.8093032836914,143.4248046875
394.98809814453125,179.52740478515625,62.115299224853516,140.9947052001953
395.76361083984375,182.25360107421875,58.98429870605469,139.2241973876953
395.0462951660156,181.0644989013672,60.3661003112793,137.84140014648438
396.56640625,179.9058074951172,58.303199768066406,141.78359985351562
394.1133117675781,178.55029296875,60.47169876098633,143.05169677734375
393.7110900878906,181.43280029296875,60.56740188598633,140.81260681152344
391.1966857910156,180.4873046875,64.13079833984375,142.8907928466797
393.9841003417969,180.35499572753906,61.6244010925293,146.7006072998047
391.9065856933594,175.63040161132812,62.23789978027344,153.11959838867188
390.537109375,178.2707061767578,64.22250366210938,146.00559997558594
394.2226867675781,175.13360595703125,58.58869934082031,147.29649353027344
387.36370849609375,178.1909942626953,65.8396987915039,147.42160034179688
384.7489013671875,174.42689514160156,65.84459686279297,146.50379943847656
380.0945129394531,176.41200256347656,71.24459838867188,143.1343994140625
377.4299011230469,177.4508056640625,78.42729949951172,143.36099243164062
377.53680419921875,174.7895965576172,72.95490264892578,143.6884002685547
377.1622009277344,179.8845977783203,66.57669830322266,136.5635986328125
374.2148132324219,183.57969665527344,71.21820068359375,130.12559509277344
375.777099609375,177.9940948486328,63.588199615478516,132.38400268554688
374.7312927246094,175.16050720214844,63.99580001831055,131.2581024169922
372.7886047363281,169.50379943847656,65.72509765625,136.7397003173828
369.9728088378906,169.02780151367188,69.53569793701172,133.6165008544922
371.4309997558594,163.20950317382812,65.95800018310547,133.91879272460938
372.86810302734375,163.5032958984375,62.04750061035156,133.50360107421875
371.99639892578125,160.60150146484375,62.75080108642578,135.85369873046875
372.3678894042969,163.0904998779297,60.738800048828125,130.6295928955078
373.90478515625,158.3513946533203,58.64289855957031,131.93780517578125
373.26190185546875,153.16769409179688,59.31449890136719,133.08790588378906
373.9200134277344,147.4427947998047,55.520198822021484,139.22950744628906
372.351806640625,142.21730041503906,57.42490005493164,142.05929565429688
372.1405944824219,138.83470153808594,53.894100189208984,149.66580200195312
368.6719970703125,138.5778045654297,60.965999603271484,135.08200073242188
372.11749267578125,138.9217987060547,57.29309844970703,136.0435028076172
374.0869140625,141.4857940673828,54.7588996887207,131.61599731445312
377.1361999511719,140.67539978027344,53.72560119628906,129.01510620117188
385.5793151855469,147.6125030517578,43.642799377441406,122.00540161132812
392.0295104980469,150.85499572753906,35.97639846801758,118.08820343017578
396.5072937011719,146.0679931640625,31.62350082397461,120.25250244140625
401.3121032714844,153.8946990966797,25.507099151611328,111.9843978881836
404.3673095703125,157.17730712890625,21.773300170898438,107.13809967041016
403.3164978027344,155.53419494628906,23.326799392700195,106.17469787597656
400.4136047363281,169.22740173339844,28.902099609375,93.11620330810547
393.20001220703125,178.04299926757812,38.66120147705078,84.92890167236328
377.2659912109375,148.9073028564453,26.50629997253418,84.23860168457031
403.0567932128906,184.32879638671875,31.012699127197266,75.85440063476562
408.7298889160156,183.10940551757812,34.656898498535156,76.31210327148438
416.66400146484375,185.89230346679688,46.62710189819336,73.5385971069336
403.63140869140625,183.94859313964844,53.32659912109375,74.51100158691406
378.206298828125,138.9210968017578,49.88589859008789,94.00599670410156
374.6134033203125,134.00729370117188,56.39799880981445,103.3458023071289
377.2536926269531,132.82339477539062,54.96730041503906,121.8749008178711
376.99029541015625,128.05250549316406,51.954898834228516,126.55870056152344
376.11279296875,136.1522979736328,51.506500244140625,121.4926986694336
373.29669189453125,140.85330200195312,55.547298431396484,114.28009796142578
372.0686950683594,145.46670532226562,54.88059997558594,111.98870086669922
370.61248779296875,141.77769470214844,52.910400390625,112.97380065917969
370.5260925292969,137.13720703125,50.17499923706055,114.91210174560547
370.2654113769531,137.9998016357422,49.63840103149414,118.11589813232422
367.4139099121094,137.49989318847656,51.0452995300293,117.72219848632812
365.3569030761719,136.7095947265625,51.7223014831543,119.10769653320312
361.4851989746094,138.3842010498047,55.42190170288086,118.6416015625
354.8030090332031,136.2301025390625,62.3927001953125,120.97059631347656
355.9281005859375,139.52020263671875,59.18090057373047,120.25569915771484
356.02911376953125,137.80470275878906,57.86880111694336,121.24559783935547
355.184814453125,137.48980712890625,58.222599029541016,125.13990020751953
355.0697021484375,130.59710693359375,55.42789840698242,129.98190307617188
354.31671142578125,138.90049743652344,56.525901794433594,126.506103515625
354.97918701171875,131.20370483398438,55.412200927734375,132.22239685058594
355.5939025878906,139.19509887695312,53.528099060058594,129.5634002685547
353.9324951171875,137.36410522460938,55.437599182128906,131.5446014404297
354.8004150390625,138.06910705566406,54.02750015258789,132.7447052001953
352.69189453125,139.55360412597656,56.373199462890625,133.7230987548828
353.1502990722656,138.37669372558594,56.05649948120117,137.25540161132812
352.79168701171875,138.95860290527344,55.80229949951172,138.04400634765625
353.92510986328125,142.22219848632812,54.23860168457031,136.3092041015625
353.5351867675781,143.9868927001953,54.32360076904297,134.23899841308594
351.50531005859375,143.8126983642578,55.267601013183594,135.51199340820312
349.2331848144531,151.19720458984375,59.980201721191406,130.7938995361328
351.95880126953125,150.75320434570312,54.087100982666016,132.85769653320312
350.080810546875,153.37060546875,55.90769958496094,131.00819396972656
352.3572998046875,155.5594024658203,54.37009811401367,130.62030029296875
350.9601135253906,157.63540649414062,54.41600036621094,130.32040405273438
351.6711120605469,154.1638946533203,54.23109817504883,134.01429748535156
350.5498046875,160.76840209960938,54.018699645996094,128.39410400390625
349.3865966796875,159.1304931640625,57.228599548339844,130.46629333496094
350.1995849609375,161.53550720214844,53.482398986816406,128.310302734375
348.62249755859375,164.2008056640625,56.974700927734375,125.51959991455078
348.6890869140625,158.78579711914062,54.38130187988281,133.1195068359375
348.52349853515625,164.02059936523438,54.14970016479492,127.33200073242188
348.5151062011719,164.43389892578125,53.16299819946289,128.7469940185547
347.64910888671875,164.10690307617188,52.51449966430664,128.83590698242188
347.7190856933594,165.2362060546875,50.902099609375,127.75679779052734
346.9393005371094,168.30690002441406,50.672298431396484,125.48899841308594
347.25189208984375,167.3488006591797,49.950401306152344,124.87979888916016
345.0960998535156,166.4470977783203,51.61429977416992,124.97370147705078
343.6059875488281,166.92059326171875,51.09769821166992,125.21649932861328
342.08441162109375,164.21449279785156,51.833099365234375,128.79530334472656
342.46759033203125,164.90370178222656,51.050899505615234,129.30340576171875
341.45489501953125,165.68179321289062,51.32109832763672,129.85299682617188
339.3109130859375,167.08990478515625,52.12860107421875,128.4656982421875
335.59051513671875,168.88319396972656,55.46189880371094,129.0131072998047
335.0929870605469,172.798095703125,53.429100036621094,125.01629638671875
333.5107116699219,172.91470336914062,55.02840042114258,126.76589965820312
331.7275085449219,175.45889282226562,54.673301696777344,124.29609680175781
329.3935852050781,173.34759521484375,56.820701599121094,125.40679931640625
327.2715148925781,178.27130126953125,57.5275993347168,124.81069946289062
326.3559875488281,173.71009826660156,57.029701232910156,128.68919372558594
325.86859130859375,179.23410034179688,57.009700775146484,121.5082015991211
322.9961853027344,177.40359497070312,59.27790069580078,126.12000274658203
322.17340087890625,179.46249389648438,57.969200134277344,124.96029663085938
321.314697265625,182.93739318847656,54.43439865112305,123.76419830322266
320.7466125488281,177.88780212402344,54.25899887084961,127.00260162353516
320.0745849609375,176.2418975830078,52.18960189819336,131.00250244140625
316.8819885253906,183.30209350585938,52.800498962402344,123.60070037841797
315.2372131347656,177.97000122070312,53.08570098876953,129.19140625
312.0863037109375,184.62770080566406,53.92649841308594,123.8739013671875
310.3125,182.02609252929688,52.705299377441406,128.07699584960938
308.3193054199219,181.62339782714844,51.2859992980957,127.65640258789062
305.27569580078125,186.09469604492188,53.4296989440918,124.33799743652344
301.535400390625,188.11520385742188,54.38209915161133,123.00060272216797
300.08599853515625,181.73599243164062,53.16740036010742,129.19129943847656
296.8476867675781,181.23150634765625,53.05889892578125,129.12950134277344
294.8594055175781,183.822998046875,51.18370056152344,124.93229675292969
292.9068908691406,189.19630432128906,50.913299560546875,119.756103515625
291.6947021484375,184.06350708007812,51.33940124511719,124.00289916992188
288.3577880859375,184.60679626464844,51.218299865722656,124.14939880371094
285.92279052734375,185.4813995361328,50.21229934692383,124.18240356445312
282.6506042480469,183.4375,52.906700134277344,124.5895004272461
281.05499267578125,184.35890197753906,49.331600189208984,125.0553970336914
279.0191955566406,184.2886962890625,49.74530029296875,123.96440124511719
274.169189453125,184.31260681152344,54.18960189819336,125.99929809570312
274.6358947753906,183.8155975341797,49.12969970703125,127.03600311279297
273.59130859375,184.63800048828125,47.985801696777344,123.7948989868164
270.7048034667969,185.55979919433594,47.570098876953125,124.33000183105469
268.40899658203125,190.32530212402344,47.005699157714844,119.48670196533203
265.0932922363281,187.289306640625,48.63059997558594,121.19100189208984
262.9128112792969,190.30470275878906,48.747398376464844,120.0551986694336
259.7681884765625,190.51060485839844,47.43349838256836,119.76200103759766
255.79330444335938,193.3654022216797,49.99079895019531,118.04669952392578
254.28900146484375,191.05209350585938,48.11149978637695,119.04000091552734
251.43580627441406,192.8679962158203,47.987701416015625,117.56159973144531
249.39199829101562,194.4152069091797,49.15620040893555,116.24759674072266
245.63340759277344,193.85679626464844,50.126800537109375,118.0011978149414
243.79159545898438,194.01939392089844,50.15079879760742,117.28800201416016
240.58740234375,198.03219604492188,51.79169845581055,113.81639862060547
239.17210388183594,196.74920654296875,48.875701904296875,114.19490051269531
236.7375946044922,200.00950622558594,50.33570098876953,112.82859802246094
234.7550048828125,198.90130615234375,49.17319869995117,115.4448013305664
231.0677032470703,198.48179626464844,50.911598205566406,111.38639831542969
228.697998046875,197.20899963378906,50.998199462890625,115.84339904785156
228.98719787597656,197.53439331054688,48.654300689697266,113.03079986572266
