1
183.0325,349.1432,64.5131,132.5660
195.3694,353.1596,55.3182,149.6213
196.5551,342.9019,58.0734,164.7908
200.8728,336.4359,67.4277,177.5472
217.2463,335.8868,58.2372,177.7278
221.5218,348.0474,75.6172,156.4484
233.6691,353.7282,69.7916,164.6505
245.7579,345.7850,64.3640,185.2069
259.7308,333.8873,71.0880,202.2331
273.2745,329.5256,67.1840,203.2043
284.7346,327.3833,71.1322,198.5397
296.7939,319.7781,80.5393,195.7702
314.3604,330.0951,88.1069,181.2850
328.4366,333.7333,91.7908,187.5007
345.8379,337.0898,96.5981,198.4914
370.7599,329.7896,88.9328,214.7463
387.3914,351.7213,88.9454,207.0869
403.1379,377.5795,80.4756,195.7083
408.5694,368.6755,100.0494,217.0429
403.4392,375.8783,125.5087,214.2857
409.5609,354.5349,163.6870,222.8320
439.6815,381.0996,165.5805,191.9509
437.4774,384.7617,181.8832,182.2433
430.8994,330.1779,201.6348,239.2924
460.9331,315.9034,178.5922,269.3832
465.5974,316.0901,182.4500,268.9185
479.7479,333.4004,153.2778,259.0877
494.1501,310.8412,130.3078,282.5977
479.3361,311.7705,173.0408,285.6909
481.0601,291.4544,200.4977,303.5584
470.2804,335.4333,225.3029,251.5318
487.2294,317.4460,229.0757,230.9760
495.2751,340.5614,259.6194,225.2591
549.4950,369.8214,247.3455,257.5486
575.7147,367.0052,187.2804,270.1471
587.9932,372.6002,150.7733,265.9604
592.0120,347.2323,145.0106,283.9058
606.7273,279.3958,133.4501,309.5649
599.2858,273.8450,152.9838,288.0584
569.9205,276.3757,156.6525,256.1466
598.3424,234.5888,209.3034,269.1222
584.3648,257.5467,233.0561,238.8597
2
0
0
0
0
1
663.0369,57.4104,148.9924,392.1871
670.7426,85.1953,172.3884,337.2726
621.3051,94.0698,214.5072,343.5831
533.9496,111.2822,258.0740,317.1797
533.9130,140.2462,318.4615,265.4227
510.1108,180.4995,356.9052,247.2794
533.8520,183.6521,310.9579,284.1410
555.4100,210.2809,294.2411,320.9889
500.9528,193.4895,233.2803,330.8283
511.7872,231.6161,212.7549,358.5895
558.0361,180.5563,184.9602,350.8325
512.2128,192.1898,242.9147,316.7355
468.9894,209.0037,252.4679,282.6496
497.1170,168.1662,284.8936,246.0998
475.8612,162.6387,281.7573,204.9362
513.5914,132.3122,266.6227,253.4740
581.6982,169.6996,243.3358,269.5465
601.2975,142.9775,200.6138,299.8243
638.0182,158.2753,175.5646,343.3405
671.0871,192.8881,173.6948,342.6462
659.2523,233.6858,210.6869,336.9921
659.5215,289.4621,211.8880,300.0451
2
0
0
0
0
1
663.4229,438.3307,228.7611,232.2504
665.4922,444.1320,212.1064,221.5052
680.5793,426.9944,188.3852,238.8522
685.5016,423.4595,185.9839,241.4773
686.1428,418.1580,187.8628,254.1618
671.2186,403.4094,197.4485,258.1599
692.7849,416.3785,171.9789,245.6932
667.4908,412.1343,201.4129,240.0621
660.0143,387.8216,205.1285,266.8121
663.9540,367.4503,207.8452,286.8397
640.7271,389.9937,239.4928,263.5127
650.8271,392.4046,215.8392,251.2565
659.8477,394.3303,205.7048,251.2251
663.0278,389.5339,211.3307,254.6991
650.8746,400.2537,232.0930,238.4692
645.1511,396.5356,237.2859,237.7567
648.2886,401.3089,246.2699,239.5091
647.2444,392.7877,244.1266,249.6166
642.5076,386.9901,242.0844,251.3145
643.4529,388.4222,240.8270,244.9877
656.9243,377.3971,213.3133,253.7410
652.0234,370.9313,230.2760,262.4865
637.7643,374.8353,245.7909,260.9340
628.6177,370.1529,243.4479,265.1132
637.2493,373.3082,225.9035,258.3430
647.4882,370.7966,212.2495,263.6049
639.9316,373.6473,223.3119,260.5785
656.0203,373.8255,196.5956,257.1770
646.5079,380.2080,211.4065,259.3660
648.5498,377.0992,211.0628,257.9082
652.2088,381.9133,220.1253,254.2861
637.8682,384.9073,230.2409,251.0820
642.0096,380.2268,231.0358,249.9736
642.6244,380.6637,222.9411,248.3280
647.5980,384.0108,227.8686,244.4727
644.4636,388.3115,233.9374,237.1734
638.4729,382.9031,245.5976,238.5965
629.5437,383.8119,257.9009,233.5569
615.5039,389.1648,251.1602,218.3172
617.5531,395.7675,281.9686,220.5213
605.9245,386.1587,294.1035,233.9529
