1
318.9964904785156,112.0062026977539,100.57649993896484,228.9163055419922
316.9912109375,111.79900360107422,103.34480285644531,220.24119567871094
320.03228759765625,103.38130187988281,100.91220092773438,223.4597930908203
322.18121337890625,122.15840148925781,90.05400085449219,215.1031036376953
329.9513854980469,113.39540100097656,85.51229858398438,214.00999450683594
333.3161926269531,117.90499877929688,87.11389923095703,205.27059936523438
335.72698974609375,121.65540313720703,94.6072998046875,200.84950256347656
340.8370056152344,119.40070343017578,98.7822036743164,203.3383026123047
343.7130126953125,115.28800201416016,101.19039916992188,208.49789428710938
347.45721435546875,117.50659942626953,96.893798828125,204.4351043701172
349.1476135253906,115.37319946289062,106.7157974243164,210.26100158691406
354.8487854003906,116.40959930419922,103.42179870605469,206.01939392089844
358.9692077636719,115.01399993896484,104.23179626464844,208.07000732421875
364.8797912597656,114.90070343017578,100.60189819335938,203.4940948486328
367.4154052734375,109.7603988647461,108.74330139160156,213.99609375
369.1653137207031,109.50910186767578,112.6250991821289,211.7843017578125
380.5683898925781,109.04419708251953,104.3749008178711,211.70260620117188
372.52349853515625,111.34539794921875,119.3760986328125,217.05320739746094
386.8432922363281,119.877197265625,102.01219940185547,205.23129272460938
381.99481201171875,110.42330169677734,114.0719985961914,208.7783966064453
385.576904296875,116.9437026977539,110.19539642333984,206.76390075683594
379.7997131347656,112.43199920654297,121.20359802246094,207.58970642089844
380.3406982421875,114.66300201416016,123.79209899902344,208.7519989013672
371.4768981933594,113.80650329589844,137.3925018310547,206.80259704589844
377.10589599609375,108.72699737548828,135.47720336914062,216.9694061279297
380.118408203125,110.26850128173828,133.13180541992188,222.68569946289062
373.0650939941406,116.71420288085938,150.01480102539062,204.10479736328125
374.3749084472656,115.80879974365234,154.66940307617188,201.4575958251953
378.918701171875,108.26679992675781,146.68190002441406,216.86070251464844
380.3330078125,113.3396987915039,135.43910217285156,216.0279998779297
379.1659851074219,106.53079986572266,126.02159881591797,217.39500427246094
382.1448059082031,122.28399658203125,104.87539672851562,199.56219482421875
384.2467956542969,112.83000183105469,97.77320098876953,207.18069458007812
384.2688903808594,115.12960052490234,94.20760345458984,204.19830322265625
380.5939025878906,126.08309936523438,96.17400360107422,193.00120544433594
383.1592102050781,114.62200164794922,80.07969665527344,208.772705078125
379.01141357421875,116.77580261230469,97.75370025634766,204.23170471191406
378.3026123046875,114.34040069580078,89.72239685058594,208.64219665527344
375.7839050292969,117.9010009765625,106.35240173339844,200.40179443359375
378.2112121582031,122.26210021972656,89.60099792480469,194.0854034423828
380.9267883300781,120.40879821777344,84.87560272216797,199.02310180664062
380.2325134277344,116.63970184326172,67.04409790039062,205.0653076171875
377.3074951171875,118.24259948730469,68.54419708251953,202.99159240722656
379.8642883300781,117.42420196533203,65.62989807128906,201.37600708007812
378.89068603515625,115.8102035522461,64.33609771728516,206.939697265625
380.602294921875,119.1177978515625,64.01329803466797,198.9571075439453
379.8481140136719,120.57659912109375,61.00410079956055,200.93890380859375
379.79730224609375,118.89700317382812,58.20869827270508,205.76260375976562
379.64019775390625,122.87889862060547,55.38140106201172,204.0574951171875
380.2508850097656,119.5188980102539,55.30110168457031,206.16749572753906
378.0660095214844,118.22920227050781,59.618900299072266,208.6768035888672
378.8218994140625,115.89330291748047,58.09130096435547,213.39450073242188
378.80511474609375,114.68399810791016,58.40890121459961,213.16709899902344
377.75579833984375,116.76139831542969,62.5609016418457,210.39990234375
378.3066101074219,123.40899658203125,58.40840148925781,206.40769958496094
376.0768127441406,115.7157974243164,63.49300003051758,210.08120727539062
377.88800048828125,115.23760223388672,65.54209899902344,211.38400268554688
379.618408203125,117.19730377197266,59.416099548339844,207.88160705566406
377.5044860839844,118.88980102539062,64.44349670410156,203.35040283203125
378.5697021484375,118.4540023803711,60.677799224853516,204.48129272460938
378.7687072753906,112.7261962890625,61.31660079956055,211.2895050048828
374.706298828125,112.697998046875,68.47709655761719,210.50070190429688
375.22430419921875,112.47319793701172,64.35569763183594,211.95530700683594
374.1415100097656,112.67729949951172,67.4740982055664,209.72630310058594
373.635498046875,111.69869995117188,63.70320129394531,211.6278076171875
373.06719970703125,111.19110107421875,65.92759704589844,208.63729858398438
371.480712890625,113.38749694824219,63.91849899291992,203.8874053955078
366.81549072265625,114.26499938964844,71.22339630126953,209.3533935546875
366.8313903808594,118.92739868164062,68.45469665527344,198.94630432128906
365.630615234375,122.13089752197266,68.7916030883789,192.53900146484375
362.48370361328125,117.67880249023438,72.20690155029297,198.7008056640625
365.9934997558594,127.80039978027344,68.3270034790039,191.7678985595703
358.7589111328125,135.91400146484375,77.95169830322266,188.1967010498047
354.955810546875,135.55160522460938,82.95860290527344,180.1533966064453
353.039794921875,136.29530334472656,84.92620086669922,178.26220703125
346.48388671875,142.4010009765625,95.0425033569336,168.98410034179688
343.3099060058594,135.3437957763672,97.2686996459961,177.35549926757812
342.9784851074219,133.32640075683594,96.91929626464844,183.1884002685547
344.19488525390625,130.9351043701172,94.72540283203125,185.20269775390625
343.785400390625,133.69749450683594,93.10379791259766,177.61630249023438
342.2955017089844,133.90980529785156,90.28209686279297,178.96929931640625
334.1957092285156,143.1938934326172,103.36309814453125,169.69869995117188
330.1747131347656,136.55979919433594,107.8198013305664,176.88340759277344
322.9291076660156,129.31480407714844,121.40609741210938,184.33419799804688
315.502197265625,127.67630004882812,131.87210083007812,187.54150390625
317.4460144042969,132.70309448242188,131.6790008544922,184.7541046142578
304.54058837890625,131.50320434570312,140.6197967529297,180.3144073486328
307.9464111328125,133.49349975585938,137.1531982421875,181.0093994140625
313.4056091308594,133.19639587402344,129.80209350585938,176.0637969970703
303.2898864746094,135.34979248046875,138.3166961669922,177.07650756835938
313.57080078125,131.56689453125,126.20570373535156,179.2736053466797
310.1116027832031,132.0023956298828,120.8667984008789,182.9049072265625
319.9219970703125,124.9385986328125,115.48760223388672,187.32789611816406
310.4830017089844,133.66140747070312,104.91619873046875,178.50270080566406
313.8965148925781,133.2362060546875,107.07640075683594,177.06410217285156
312.9324951171875,133.127197265625,106.72709655761719,177.9915008544922
310.1239929199219,144.58920288085938,101.7427978515625,172.59390258789062
316.7210998535156,141.54649353027344,100.15840148925781,175.72470092773438
313.01220703125,134.04730224609375,103.17649841308594,180.42550659179688
317.6073913574219,132.94070434570312,92.589599609375,181.7404022216797
312.5917053222656,130.1103973388672,102.83910369873047,183.210693359375
315.2561950683594,132.93809509277344,99.59429931640625,179.67410278320312
312.7214050292969,135.0093994140625,108.5082015991211,176.31979370117188
317.1958923339844,133.2617950439453,105.70480346679688,177.9174041748047
313.9836120605469,135.39500427246094,104.58779907226562,178.16259765625
317.7681884765625,134.05360412597656,106.29129791259766,175.2707061767578
318.6033020019531,141.18519592285156,110.32779693603516,169.54600524902344
322.74261474609375,138.67950439453125,113.34010314941406,168.1417999267578
326.3323059082031,141.88409423828125,97.44049835205078,170.45249938964844
328.55999755859375,138.02340698242188,85.91780090332031,170.89920043945312
331.3127136230469,134.1345977783203,80.28949737548828,174.4178009033203
332.0274963378906,139.7467041015625,96.30049896240234,169.80239868164062
332.37420654296875,137.1699981689453,125.46859741210938,169.6051025390625
334.9895935058594,138.18809509277344,138.49920654296875,167.872802734375
331.3562927246094,134.33909606933594,122.38739776611328,169.31430053710938
337.7239074707031,140.1956024169922,109.5802001953125,167.26229858398438
338.58709716796875,134.77940368652344,119.04399871826172,169.43499755859375
337.0898132324219,133.44650268554688,118.57990264892578,176.29469299316406
337.8836975097656,131.4470977783203,111.61589813232422,172.75669860839844
337.8340148925781,133.61180114746094,111.2760009765625,167.7097930908203
334.0555114746094,142.0742950439453,110.135498046875,165.16549682617188
339.4884033203125,140.33250427246094,101.48400115966797,159.8101043701172
342.18121337890625,135.50270080566406,99.77880096435547,162.57240295410156
346.3421936035156,137.43589782714844,88.78240203857422,161.4716033935547
345.4375915527344,138.4095001220703,92.0645980834961,163.00050354003906
346.46148681640625,127.035400390625,90.57460021972656,167.08450317382812
342.572509765625,131.56370544433594,95.23259735107422,167.72869873046875
341.293212890625,139.30630493164062,96.13899993896484,160.1768035888672
341.6265869140625,131.0054931640625,94.12349700927734,165.8074951171875
341.158203125,130.8842010498047,95.8010025024414,166.09719848632812
348.43798828125,137.7615966796875,88.02079772949219,158.74989318847656
348.0179138183594,143.1403045654297,87.60230255126953,157.56239318847656
352.427490234375,134.8730010986328,80.97100067138672,161.80230712890625
352.49810791015625,135.7935028076172,80.60279846191406,165.52149963378906
352.4620056152344,137.26390075683594,83.74859619140625,162.67770385742188
350.66558837890625,142.25120544433594,87.26409912109375,159.8336944580078
347.0466003417969,131.50379943847656,92.71309661865234,169.0626983642578
341.3428955078125,129.17030334472656,103.02010345458984,177.06089782714844
333.89068603515625,126.23560333251953,117.15059661865234,185.99339294433594
335.33050537109375,124.4645004272461,119.15670013427734,187.21949768066406
341.2424011230469,121.74340057373047,105.49549865722656,192.33889770507812
338.25909423828125,127.464599609375,118.54979705810547,193.3643035888672
340.0408020019531,124.61229705810547,116.55149841308594,193.17990112304688
353.2511901855469,123.99639892578125,100.68090057373047,201.1112060546875
340.6686096191406,128.2144012451172,116.28679656982422,200.85389709472656
347.21490478515625,123.08879852294922,118.35240173339844,201.122802734375
341.16400146484375,116.82150268554688,131.80430603027344,209.46090698242188
346.835205078125,118.64769744873047,112.42659759521484,208.6295928955078
343.6097106933594,116.75830078125,125.57360076904297,207.03599548339844
347.87689208984375,117.5448989868164,116.908203125,203.908203125
345.05511474609375,117.0969009399414,120.87699890136719,206.9521026611328
344.55010986328125,115.85449981689453,112.74970245361328,203.89199829101562
354.97479248046875,111.0958023071289,111.8550033569336,211.71240234375
360.8750915527344,115.80290222167969,100.41120147705078,204.01950073242188
359.6973876953125,111.12419891357422,98.57740020751953,209.7039031982422
354.04119873046875,110.9374008178711,110.5167007446289,207.62770080566406
357.07861328125,113.4437026977539,98.8573989868164,205.3321075439453
356.58209228515625,114.72260284423828,108.2667007446289,203.21929931640625
360.5148010253906,107.96929931640625,93.93340301513672,210.6999969482422
359.1653137207031,112.36090087890625,95.58930206298828,204.25
359.7959899902344,114.73090362548828,99.27950286865234,198.80889892578125
359.5335998535156,116.02249908447266,101.61419677734375,200.773193359375
348.2153015136719,116.93219757080078,115.61710357666016,205.4591064453125
352.3494873046875,115.5457992553711,120.49859619140625,197.68609619140625
361.3091125488281,112.56629943847656,104.72840118408203,202.75489807128906
356.0022888183594,114.15740203857422,124.03389739990234,197.98260498046875
352.701904296875,115.60189819335938,124.93779754638672,196.55320739746094
356.7939147949219,118.93939971923828,124.0363998413086,189.25779724121094
364.9762878417969,113.668701171875,99.35030364990234,200.87240600585938
361.8028869628906,118.44239807128906,87.86090087890625,197.093505859375
360.119384765625,109.74009704589844,109.40360260009766,202.3092041015625
359.1673889160156,110.94879913330078,128.27450561523438,197.9385986328125
366.23760986328125,113.79209899902344,110.28369903564453,190.59860229492188
368.7160949707031,122.48930358886719,97.92729949951172,188.14540100097656
364.4630126953125,115.7479019165039,117.0779037475586,190.65139770507812
372.4411926269531,123.55909729003906,100.87200164794922,180.0211944580078
373.72479248046875,117.09970092773438,97.82669830322266,186.93460083007812
373.4819030761719,118.0115966796875,101.93920135498047,190.92129516601562
371.3550109863281,114.61209869384766,111.73619842529297,185.7528076171875
373.2868957519531,114.0155029296875,107.43939971923828,194.01449584960938
382.6282043457031,118.43350219726562,88.8196029663086,179.74130249023438
377.7323913574219,124.14600372314453,84.62470245361328,181.468994140625
377.9638977050781,124.58039855957031,98.13259887695312,179.0699005126953
381.4468994140625,113.81939697265625,92.6322021484375,185.44569396972656
381.8429870605469,120.4614028930664,95.07019805908203,182.48159790039062
379.5169982910156,121.29750061035156,103.71859741210938,176.65870666503906
383.8916015625,120.568603515625,99.81539916992188,178.15289306640625
383.8642883300781,125.53880310058594,106.36849975585938,169.5408935546875
387.53118896484375,123.158203125,93.65380096435547,172.73190307617188
384.88409423828125,122.39330291748047,97.5593032836914,171.4573974609375
387.59490966796875,126.96589660644531,85.01069641113281,169.71719360351562
387.45941162109375,123.02999877929688,86.72959899902344,170.5778045654297
384.5963134765625,120.97940063476562,100.06099700927734,173.64199829101562
388.1341857910156,132.47889709472656,94.05059814453125,165.17999267578125
392.7503967285156,131.4532012939453,86.64340209960938,161.30380249023438
390.1419982910156,128.14990234375,99.2405014038086,165.69569396972656
391.1234130859375,127.7925033569336,88.76460266113281,166.668701171875
393.5851135253906,130.6623992919922,91.9917984008789,163.54550170898438
391.9466857910156,133.73199462890625,90.90709686279297,155.42039489746094
389.764892578125,135.00689697265625,97.43309783935547,158.45680236816406
387.8771057128906,122.87239837646484,94.91310119628906,167.89599609375
390.8724060058594,129.7592010498047,90.5426025390625,166.58790588378906
387.44390869140625,130.0926055908203,90.14700317382812,163.9217071533203
386.24371337890625,133.60150146484375,92.08989715576172,156.2530975341797
383.4198913574219,135.8094024658203,90.22509765625,156.48629760742188
384.61639404296875,136.5146026611328,81.8989028930664,155.0565948486328
382.80340576171875,136.8708038330078,88.6010971069336,150.31109619140625
383.6498107910156,134.8708038330078,78.72640228271484,151.78799438476562
381.7734069824219,138.1750030517578,77.74250030517578,151.94039916992188
374.04449462890625,128.2928924560547,91.40139770507812,159.110595703125
376.17388916015625,134.04910278320312,87.01219940185547,154.4243927001953
370.581787109375,137.0325927734375,85.35970306396484,153.66329956054688
371.5259094238281,137.343505859375,86.40660095214844,148.94979858398438
367.7001953125,138.8616943359375,92.48310089111328,147.95489501953125
372.3922119140625,140.635498046875,81.99629974365234,148.7978973388672
367.7112121582031,138.7924041748047,83.2063980102539,148.3614959716797
365.2077941894531,141.82569885253906,83.19210052490234,151.7738037109375
362.7956848144531,137.02139282226562,81.63909912109375,155.8618927001953
365.0972900390625,137.03759765625,72.3595962524414,154.45530700683594
359.860595703125,140.89219665527344,84.69409942626953,154.05079650878906
354.91009521484375,132.84620666503906,97.75450134277344,157.8383026123047
357.7403869628906,133.62350463867188,91.33039855957031,158.94639587402344
356.7309875488281,137.0496063232422,86.94950103759766,154.8701934814453
358.22100830078125,137.19790649414062,80.3395004272461,155.67469787597656
356.2251892089844,138.956298828125,87.4271011352539,153.83419799804688
354.77459716796875,136.36509704589844,91.48590087890625,156.46060180664062
350.787109375,137.5574951171875,93.10679626464844,155.7675018310547
354.42620849609375,134.23150634765625,83.02429962158203,161.40859985351562
353.9422912597656,140.404296875,77.99690246582031,155.83070373535156
349.533203125,144.5977020263672,84.02469635009766,154.87429809570312
347.4288024902344,142.46949768066406,85.7417984008789,154.9248046875
347.1579895019531,144.57110595703125,85.40799713134766,151.5081024169922
345.4173889160156,140.7467041015625,84.11470031738281,158.08419799804688
340.5917053222656,138.27259826660156,94.33519744873047,162.0491943359375
339.3240966796875,134.0424041748047,97.8019027709961,164.55079650878906
339.26361083984375,130.57440185546875,93.46070098876953,166.4066925048828
335.9776916503906,125.11730194091797,91.5822982788086,175.1322021484375
337.0614013671875,123.76290130615234,96.65879821777344,181.139892578125
332.2012939453125,129.0727996826172,102.8561019897461,174.87930297851562
329.62640380859375,135.98680114746094,100.33090209960938,164.07949829101562
326.7331848144531,141.76170349121094,99.1718978881836,159.87069702148438
327.6951904296875,149.15570068359375,87.21910095214844,154.50450134277344
325.5415954589844,140.80889892578125,89.88500213623047,161.20680236816406
324.0696105957031,136.20419311523438,92.39859771728516,165.06719970703125
323.5263977050781,137.63729858398438,91.83270263671875,164.12100219726562
325.5008850097656,135.4113006591797,95.006103515625,166.7626953125
321.3323974609375,137.18130493164062,98.38610076904297,167.98219299316406
325.1460876464844,140.29049682617188,94.4093017578125,165.15060424804688
324.1781005859375,135.5574951171875,94.21800231933594,169.1613006591797
323.9190979003906,132.74099731445312,94.0624008178711,171.2375030517578
325.4148864746094,133.70480346679688,91.64450073242188,175.777099609375
314.1922912597656,137.0847930908203,100.78820037841797,170.17489624023438
308.59429931640625,132.72669982910156,107.2615966796875,174.9799041748047
302.681396484375,136.45919799804688,114.1989974975586,173.58419799804688
296.7997131347656,141.2783966064453,119.33360290527344,172.92869567871094
296.5354919433594,138.61050415039062,127.52410125732422,176.68429565429688
300.2184143066406,138.36990356445312,121.55809783935547,177.83419799804688
303.89599609375,137.95669555664062,114.50980377197266,181.99070739746094
298.4378967285156,142.1811981201172,117.76709747314453,173.65589904785156
293.8319091796875,140.52479553222656,121.24400329589844,179.51930236816406
291.1090087890625,139.22850036621094,125.65799713134766,180.63980102539062
290.66351318359375,140.47479248046875,126.8280029296875,178.1168975830078
296.002197265625,138.41319274902344,120.66799926757812,185.0373992919922
295.68701171875,135.1916046142578,120.73889923095703,187.0644989013672
297.6639099121094,126.31189727783203,112.9574966430664,193.68820190429688
297.1592102050781,141.29100036621094,102.25469970703125,192.0052947998047
291.6355895996094,137.0928955078125,118.4208984375,192.89529418945312
295.9519958496094,140.05490112304688,116.2959976196289,190.97019958496094
291.7373046875,136.94500732421875,124.58350372314453,196.3719940185547
295.7391052246094,138.78909301757812,123.60030364990234,198.1230010986328
298.59130859375,140.7958984375,118.67150115966797,195.0590057373047
294.6238098144531,149.1663055419922,123.85169982910156,192.8314971923828
293.4827880859375,141.26910400390625,122.2739028930664,197.87860107421875
299.4938049316406,143.74740600585938,119.40440368652344,195.65780639648438
291.82440185546875,138.8553009033203,127.55439758300781,205.39349365234375
302.8362121582031,131.8813018798828,112.1072998046875,213.9152069091797
299.2898864746094,140.67799377441406,119.56549835205078,205.4167938232422
276.5924072265625,140.73980712890625,142.2126007080078,202.9178924560547
276.3999938964844,147.31919860839844,139.59359741210938,202.36709594726562
272.8880920410156,150.44590759277344,146.3740997314453,197.81629943847656
288.3017883300781,146.84390258789062,128.97059631347656,199.79530334472656
309.7652893066406,152.28419494628906,110.61370086669922,195.3592071533203
299.2066955566406,157.0041046142578,122.81210327148438,192.81939697265625
305.2908020019531,164.89759826660156,115.64730072021484,182.3524932861328
302.881591796875,167.32020568847656,117.5167007446289,178.75140380859375
296.9472961425781,166.6634979248047,124.7479019165039,180.25880432128906
296.09698486328125,174.73019409179688,123.8447036743164,175.17579650878906
304.3440856933594,171.07179260253906,113.77279663085938,181.45440673828125
306.8174133300781,173.7758026123047,106.36239624023438,173.71640014648438
301.779296875,160.55380249023438,125.09919738769531,188.69970703125
301.18499755859375,152.6407928466797,138.82969665527344,200.58900451660156
293.7143859863281,145.3625030517578,165.2386932373047,209.25079345703125
293.3772888183594,140.885498046875,180.02960205078125,213.4217987060547
292.63250732421875,129.18719482421875,183.10389709472656,221.1013946533203
294.1099853515625,128.06809997558594,175.5623016357422,222.54649353027344
296.2861022949219,127.3052978515625,183.98789978027344,223.9145965576172
204.99220275878906,131.75799560546875,181.78799438476562,228.44200134277344
273.1485900878906,129.91470336914062,126.45480346679688,225.29330444335938
287.0965881347656,134.5677032470703,93.9823989868164,221.19549560546875
282.1636962890625,150.07749938964844,109.981201171875,206.3292999267578
