1
274.8240966796875,47.76250076293945,114.3949966430664,301.3555908203125
295.63330078125,48.14720153808594,91.560302734375,310.0934143066406
293.17181396484375,53.57440185546875,93.09269714355469,299.10211181640625
292.11981201171875,54.17319869995117,93.92990112304688,297.86981201171875
298.9248046875,58.12189865112305,86.58650207519531,299.9700012207031
294.84490966796875,55.957801818847656,87.28019714355469,300.4700012207031
287.60430908203125,55.5447998046875,100.6488037109375,293.5885925292969
297.8536071777344,52.96070098876953,94.40899658203125,302.22711181640625
301.2327880859375,60.47829818725586,96.03160095214844,291.9888000488281
302.0458068847656,65.581298828125,100.10169982910156,288.764404296875
298.2148132324219,65.36090087890625,99.23829650878906,291.273193359375
299.3196105957031,69.12349700927734,97.5552978515625,289.3357849121094
304.1778869628906,70.4655990600586,88.6688003540039,284.5465087890625
302.6890869140625,71.90039825439453,84.10769653320312,283.8035888671875
298.4809875488281,73.58260345458984,85.2739028930664,272.2738952636719
289.7051086425781,73.90879821777344,91.2468032836914,268.0155029296875
284.2525939941406,61.9193000793457,96.63749694824219,275.5452880859375
288.3168029785156,76.55000305175781,88.99040222167969,269.9768981933594
286.893310546875,67.92870330810547,87.74120330810547,277.19940185546875
284.09320068359375,62.702999114990234,91.16999816894531,284.7687072753906
281.5950927734375,52.60219955444336,103.41390228271484,292.4259033203125
278.591796875,62.550899505615234,111.87439727783203,289.7367858886719
270.0963134765625,55.72249984741211,110.73699951171875,296.5610046386719
270.5273132324219,51.32590103149414,114.48660278320312,301.8031005859375
269.7027893066406,49.752498626708984,122.39579772949219,306.0392150878906
268.11468505859375,44.24639892578125,116.8718032836914,306.8757019042969
264.5992126464844,56.44609832763672,127.59660339355469,298.51611328125
269.6995849609375,62.576499938964844,126.49259948730469,286.86480712890625
261.8039855957031,58.57360076904297,139.0478973388672,291.427001953125
262.2112121582031,77.52670288085938,152.13409423828125,277.84521484375
273.89581298828125,63.01139831542969,129.04539489746094,290.2027893066406
276.277587890625,80.60430145263672,129.40640258789062,272.63519287109375
279.8309020996094,87.841796875,133.06910705566406,264.79638671875
281.4068908691406,89.29910278320312,132.28140258789062,257.8150939941406
284.9670104980469,87.52200317382812,128.7241973876953,256.243408203125
290.83160400390625,90.47969818115234,127.43289947509766,251.62100219726562
289.8629150390625,82.47810363769531,126.58350372314453,260.8396911621094
297.13299560546875,76.89910125732422,115.8384017944336,262.0484924316406
303.60150146484375,79.28919982910156,106.62120056152344,266.4106140136719
299.76611328125,77.91220092773438,110.44550323486328,265.2254943847656
306.42138671875,76.51840209960938,105.21029663085938,266.1908874511719
303.2943115234375,79.29669952392578,106.55819702148438,266.6947937011719
304.1820068359375,72.34410095214844,109.19159698486328,276.5526123046875
309.8371887207031,78.98639678955078,97.88359832763672,268.893310546875
309.077392578125,72.59700012207031,102.55840301513672,276.87091064453125
314.3210144042969,81.28630065917969,94.69339752197266,270.190185546875
304.11810302734375,95.9447021484375,107.5802993774414,259.29901123046875
311.21710205078125,87.80950164794922,98.50669860839844,251.164306640625
302.2768859863281,97.56800079345703,109.60140228271484,259.39190673828125
308.3149108886719,89.543701171875,102.88990020751953,250.48240661621094
301.2821960449219,99.10060119628906,107.393798828125,250.89999389648438
308.86981201171875,88.43579864501953,103.10980224609375,249.08580017089844
297.4494934082031,102.3385009765625,111.28790283203125,244.160400390625
305.2190856933594,96.82939910888672,101.47949981689453,238.39329528808594
294.1687927246094,100.87750244140625,119.98490142822266,247.85150146484375
304.893310546875,98.62840270996094,94.85160064697266,236.2032928466797
296.4493103027344,95.98490142822266,122.1635971069336,237.8321075439453
291.6958923339844,96.72260284423828,115.16699981689453,240.54710388183594
301.7695007324219,97.20369720458984,104.2979965209961,238.27059936523438
308.4809875488281,109.29199981689453,97.29199981689453,231.65879821777344
307.8349914550781,92.3915023803711,101.46379852294922,247.06219482421875
308.0495910644531,92.12429809570312,105.00420379638672,240.08360290527344
313.6250915527344,99.89659881591797,100.00859832763672,238.58700561523438
306.0885009765625,96.918701171875,108.78040313720703,238.37989807128906
309.7959899902344,91.94180297851562,105.31839752197266,242.9134979248047
317.6455078125,100.72570037841797,103.99310302734375,239.34719848632812
309.35260009765625,99.8042984008789,115.4928970336914,234.66310119628906
315.0082092285156,93.61530303955078,111.49829864501953,241.5876007080078
314.6448974609375,105.40450286865234,116.23059844970703,227.90069580078125
327.6990051269531,113.26210021972656,88.58599853515625,217.27879333496094
333.2632141113281,111.70030212402344,86.73410034179688,215.3946990966797
331.35308837890625,104.37680053710938,110.47450256347656,224.11349487304688
334.456787109375,105.72540283203125,116.95610046386719,223.37989807128906
335.8324890136719,100.97319793701172,126.0779037475586,228.41070556640625
342.7701110839844,106.06109619140625,118.78399658203125,223.78680419921875
349.2926025390625,101.74019622802734,117.12909698486328,226.84649658203125
349.2420959472656,97.62359619140625,120.47779846191406,233.97889709472656
356.0784912109375,102.65249633789062,121.4832992553711,227.33949279785156
357.29278564453125,106.14610290527344,130.66879272460938,219.67300415039062
359.4975891113281,106.5636978149414,131.27259826660156,219.7144012451172
360.15399169921875,100.46739959716797,131.55520629882812,226.75559997558594
364.330810546875,108.72779846191406,132.9167022705078,220.39390563964844
366.36749267578125,110.54650115966797,130.34629821777344,217.9239044189453
365.7506103515625,107.3853988647461,136.65139770507812,220.3990020751953
368.5840148925781,112.30860137939453,133.82139587402344,218.57049560546875
375.3255920410156,106.62529754638672,127.97440338134766,220.98089599609375
374.5982971191406,113.23079681396484,133.05580139160156,211.28460693359375
373.0364990234375,115.05359649658203,138.1501007080078,209.65370178222656
374.690185546875,106.60430145263672,138.7136993408203,210.37750244140625
370.74951171875,110.95220184326172,144.0010986328125,219.5301055908203
377.077392578125,113.04640197753906,134.60980224609375,213.05050659179688
373.9327087402344,108.84239959716797,153.29879760742188,216.16229248046875
370.2793884277344,106.90740203857422,147.5644989013672,217.96209716796875
372.9638977050781,106.67289733886719,151.51100158691406,217.36990356445312
369.53509521484375,98.87100219726562,154.8112030029297,228.21339416503906
368.9776916503906,103.18270111083984,131.1842041015625,219.6201934814453
380.15179443359375,114.12689971923828,93.79010009765625,210.3643035888672
381.1918029785156,115.88670349121094,96.47149658203125,207.34530639648438
380.7994079589844,117.78479766845703,100.11389923095703,203.4208984375
378.0534973144531,117.47709655761719,99.67610168457031,205.43710327148438
374.6527099609375,114.96099853515625,96.36969757080078,205.61129760742188
373.5723876953125,116.66190338134766,92.69159698486328,205.7165985107422
374.82550048828125,111.21920013427734,103.61840057373047,208.55020141601562
372.9820861816406,111.80780029296875,97.14830017089844,210.88839721679688
374.1116943359375,116.05729675292969,82.22139739990234,206.5659942626953
376.2773132324219,112.37339782714844,78.5022964477539,208.96539306640625
373.2976989746094,112.64209747314453,74.1677017211914,205.52389526367188
373.07818603515625,116.07360076904297,70.8458023071289,205.1121063232422
376.10791015625,116.65689849853516,66.56819915771484,203.41819763183594
373.3351135253906,117.00920104980469,72.50090026855469,202.73890686035156
372.31060791015625,113.29730224609375,70.24539947509766,205.65859985351562
377.75360107421875,116.98619842529297,60.99140167236328,204.2082977294922
376.76849365234375,119.05670166015625,60.64830017089844,205.94180297851562
374.5159912109375,117.39109802246094,58.27980041503906,209.05320739746094
379.4674072265625,117.48210144042969,57.43050003051758,208.61000061035156
375.4393005371094,117.0167007446289,63.5546989440918,212.26600646972656
374.7327880859375,117.32679748535156,63.19089889526367,212.87420654296875
375.75311279296875,116.41020202636719,62.54869842529297,213.32119750976562
373.51971435546875,113.40280151367188,68.53589630126953,218.40040588378906
375.7998962402344,113.00029754638672,60.970001220703125,220.7841033935547
377.2688903808594,113.69210052490234,60.30070114135742,214.35049438476562
375.96649169921875,112.98829650878906,63.24869918823242,215.5426025390625
375.8846130371094,112.08679962158203,65.1260986328125,215.32749938964844
375.62969970703125,114.0469970703125,66.19010162353516,210.7501983642578
376.3411865234375,111.58709716796875,64.50029754638672,215.01780700683594
375.9057922363281,112.27210235595703,64.939697265625,213.16259765625
372.55999755859375,108.58439636230469,72.0093002319336,216.87879943847656
369.5152893066406,109.76820373535156,70.23179626464844,216.48809814453125
370.7464904785156,111.1073989868164,67.04879760742188,212.36880493164062
368.2215881347656,108.39099884033203,67.6343002319336,216.41160583496094
368.3418884277344,112.68800354003906,69.2531967163086,210.6759033203125
368.08380126953125,112.52880096435547,67.79519653320312,207.79840087890625
363.781494140625,113.78160095214844,71.760498046875,207.5258026123047
363.4812927246094,111.53279876708984,75.04119873046875,209.35980224609375
362.30999755859375,111.49620056152344,76.70369720458984,210.6278076171875
358.6466979980469,113.62210083007812,81.59439849853516,208.5092010498047
361.9657897949219,127.57559967041016,79.6332015991211,195.47360229492188
349.55859375,141.9564971923828,91.95890045166016,177.65240478515625
346.81219482421875,137.0146026611328,94.59100341796875,180.38040161132812
344.0508117675781,134.67779541015625,98.37660217285156,181.3769989013672
339.74639892578125,134.22630310058594,105.51930236816406,180.7812042236328
333.8514099121094,128.2073974609375,111.56520080566406,190.0290985107422
329.9088134765625,130.63580322265625,114.41220092773438,183.8441925048828
330.4341125488281,130.73190307617188,116.56220245361328,183.8179931640625
322.50048828125,128.14370727539062,125.12129974365234,185.27749633789062
319.46978759765625,127.74220275878906,129.76809692382812,185.24440002441406
321.0887145996094,132.05499267578125,125.40119934082031,180.92849731445312
317.8606872558594,132.90390014648438,129.7971954345703,179.93850708007812
314.4902038574219,123.13929748535156,133.57220458984375,191.67889404296875
314.8080139160156,131.56219482421875,135.15390014648438,186.11380004882812
314.6581115722656,128.81190490722656,134.26669311523438,185.25070190429688
309.0321960449219,131.4573974609375,136.6573944091797,181.10369873046875
307.1391906738281,130.2075958251953,141.66720581054688,178.90499877929688
305.6357116699219,123.53690338134766,139.30020141601562,185.79840087890625
310.7065124511719,116.88719940185547,133.43890380859375,194.25650024414062
311.20849609375,128.8489990234375,128.72109985351562,182.95440673828125
297.7486877441406,131.4611053466797,141.52369689941406,181.96839904785156
304.1885986328125,114.19499969482422,134.79119873046875,195.95379638671875
307.7970886230469,124.20980072021484,117.86380004882812,189.13369750976562
308.9512939453125,115.65689849853516,118.98390197753906,197.30470275878906
307.54150390625,126.48090362548828,115.2051010131836,186.2530975341797
309.2370910644531,133.05459594726562,109.74980163574219,180.31959533691406
311.7640075683594,132.31320190429688,112.3501968383789,183.93190002441406
310.1341857910156,129.09719848632812,112.44999694824219,187.67889404296875
308.28228759765625,129.9700927734375,112.36009979248047,185.68679809570312
313.3534851074219,131.0189971923828,104.02539825439453,182.68099975585938
312.68328857421875,130.1634979248047,108.59860229492188,184.07440185546875
312.84600830078125,121.40360260009766,111.00900268554688,193.39340209960938
307.3597106933594,128.1844024658203,114.68489837646484,183.94070434570312
309.6512145996094,129.28610229492188,119.60179901123047,180.54490661621094
312.72601318359375,129.95530700683594,110.41459655761719,180.93870544433594
317.5165100097656,134.10459899902344,110.3228988647461,177.95509338378906
319.881103515625,132.34039306640625,116.78410339355469,182.08099365234375
315.2213134765625,134.22059631347656,110.70500183105469,174.5760955810547
322.481689453125,134.55279541015625,106.08519744873047,173.74099731445312
326.69769287109375,132.15130615234375,77.12629699707031,172.52560424804688
329.1604919433594,132.48089599609375,74.29039764404297,173.52490234375
332.9823913574219,134.44630432128906,72.8030014038086,169.58810424804688
334.7450866699219,134.3679962158203,71.62100219726562,170.00320434570312
334.02801513671875,133.52560424804688,73.27410125732422,171.6352996826172
332.0578918457031,138.2165069580078,103.33509826660156,172.44219970703125
325.885498046875,130.75489807128906,129.65029907226562,175.1584930419922
330.5376892089844,130.27369689941406,119.14209747314453,175.62730407714844
328.0874938964844,128.84109497070312,118.9229965209961,176.5229949951172
329.5181884765625,125.7654037475586,117.79460144042969,181.49290466308594
329.2703857421875,145.0137939453125,111.52120208740234,162.72830200195312
331.2267150878906,136.4091033935547,115.14800262451172,165.5200958251953
331.34820556640625,123.80879974365234,117.62799835205078,178.44509887695312
333.5198974609375,125.27369689941406,110.12000274658203,175.73280334472656
336.9613952636719,120.30570220947266,103.19950103759766,180.01199340820312
335.0159912109375,118.07140350341797,104.93080139160156,184.29139709472656
337.0967102050781,120.42769622802734,103.8926010131836,179.8137969970703
338.33349609375,123.84320068359375,102.15769958496094,175.45509338378906
330.5668029785156,124.30030059814453,113.61589813232422,176.36749267578125
333.477294921875,118.42890167236328,110.65959930419922,184.5229034423828
337.87030029296875,121.33589935302734,99.83489990234375,177.8813018798828
337.9169006347656,132.40249633789062,101.32270050048828,171.95350646972656
338.82110595703125,120.64550018310547,99.9406967163086,181.2086944580078
339.2159118652344,127.34940338134766,102.62069702148438,177.55160522460938
340.760986328125,121.90229797363281,101.94090270996094,183.0841064453125
341.1722106933594,121.99579620361328,103.02069854736328,183.49330139160156
339.88690185546875,133.63929748535156,108.72869873046875,175.7908935546875
331.3705139160156,121.06109619140625,121.54340362548828,185.66400146484375
337.6097106933594,120.47709655761719,119.6946029663086,190.531005859375
337.9873046875,120.939697265625,120.50050354003906,190.29229736328125
337.8731994628906,121.51090240478516,122.12149810791016,194.44090270996094
337.6581115722656,129.2230987548828,130.55059814453125,194.14320373535156
342.1084899902344,113.53140258789062,123.09850311279297,207.3751983642578
340.5011901855469,120.40399932861328,127.1353988647461,206.006103515625
341.78790283203125,124.81269836425781,123.03269958496094,211.966796875
348.7449951171875,116.70539855957031,120.4563980102539,211.04849243164062
348.9375,111.73560333251953,123.0510025024414,221.36549377441406
349.19781494140625,109.41739654541016,115.95539855957031,220.24949645996094
352.87811279296875,112.48069763183594,113.91410064697266,214.71620178222656
341.96490478515625,107.67430114746094,127.28099822998047,216.14779663085938
344.2651062011719,116.43800354003906,125.32350158691406,210.29139709472656
347.0635070800781,103.75520324707031,119.85030364990234,214.47439575195312
346.2702941894531,111.37129974365234,116.30049896240234,215.96359252929688
345.5444030761719,114.15440368652344,118.47969818115234,206.1322021484375
342.5617980957031,108.15550231933594,124.97640228271484,214.43829345703125
344.2969970703125,109.42430114746094,118.2697982788086,214.94200134277344
345.2629089355469,106.32330322265625,110.93170166015625,209.4542999267578
345.7793884277344,110.1343994140625,115.4740982055664,214.71839904785156
340.5202941894531,123.44509887695312,120.66010284423828,200.77650451660156
348.42730712890625,112.05979919433594,105.57530212402344,215.67990112304688
348.5972900390625,107.4052963256836,110.75050354003906,208.6240997314453
347.2312927246094,103.84919738769531,117.72239685058594,213.69410705566406
340.94378662109375,103.13590240478516,124.46549987792969,221.32650756835938
346.43798828125,98.7655029296875,117.92859649658203,220.36929321289062
347.1539001464844,113.97599792480469,130.0323028564453,210.09280395507812
354.2029113769531,110.41639709472656,114.6072006225586,211.42449951171875
350.84588623046875,107.18689727783203,126.44989776611328,210.34849548339844
356.2253112792969,109.10870361328125,113.36319732666016,206.36570739746094
365.53759765625,100.98570251464844,89.19010162353516,214.0637969970703
361.81988525390625,106.59100341796875,86.6978988647461,208.7738037109375
359.1348876953125,99.07830047607422,97.62200164794922,218.2010040283203
358.3717041015625,111.29100036621094,107.90989685058594,200.76629638671875
362.5663146972656,108.0238037109375,95.99230194091797,201.8459014892578
364.19268798828125,106.72889709472656,101.24909973144531,203.52569580078125
362.85418701171875,111.1792984008789,115.43060302734375,202.23060607910156
358.6370849609375,113.43360137939453,124.02249908447266,193.03439331054688
354.9598083496094,106.35369873046875,129.1519012451172,197.375
360.0248107910156,111.20059967041016,122.94229888916016,196.87939453125
365.6246032714844,103.49870300292969,111.05919647216797,200.27749633789062
363.88140869140625,115.33740234375,109.60060119628906,193.71240234375
369.072998046875,106.51820373535156,102.19219970703125,194.60830688476562
365.4966125488281,118.29229736328125,115.06629943847656,185.97659301757812
370.4648132324219,112.9561996459961,107.47139739990234,192.17190551757812
370.3493957519531,119.75630187988281,113.38600158691406,184.49879455566406
367.2320861816406,112.27880096435547,120.71549987792969,190.63800048828125
379.50579833984375,113.18399810791016,92.94029998779297,189.3975067138672
375.92230224609375,119.0542984008789,111.0552978515625,184.30459594726562
382.6726989746094,108.93360137939453,88.31300354003906,192.0802001953125
383.7596130371094,119.10859680175781,94.75980377197266,181.4770050048828
375.4317932128906,118.5385971069336,110.20490264892578,179.8177947998047
378.7969055175781,122.3009033203125,91.89099884033203,174.7449951171875
386.80609130859375,121.53170013427734,79.14009857177734,174.172607421875
384.2735900878906,123.67780303955078,90.89900207519531,169.4866943359375
384.87701416015625,123.8843994140625,96.802001953125,173.92210388183594
390.20819091796875,121.07369995117188,85.18820190429688,173.34849548339844
384.70111083984375,126.027099609375,104.43720245361328,171.539306640625
390.6394958496094,123.8363037109375,92.74120330810547,171.18299865722656
387.30010986328125,126.09210205078125,101.56990051269531,175.03720092773438
386.8558044433594,116.69029998779297,98.14350128173828,178.5
390.32440185546875,124.65589904785156,95.97090148925781,172.87179565429688
386.08819580078125,124.5071029663086,97.70559692382812,167.40589904785156
386.7304992675781,127.29399871826172,95.89219665527344,166.61219787597656
382.22601318359375,126.27030181884766,96.7020034790039,166.70899963378906
382.4280090332031,129.1302032470703,91.29209899902344,165.39520263671875
388.368408203125,120.3865966796875,81.2979965209961,171.12109375
382.3620910644531,129.3865966796875,88.24839782714844,170.11639404296875
375.8544006347656,125.20559692382812,93.62550354003906,167.00709533691406
382.78448486328125,135.002197265625,80.9894027709961,158.30099487304688
382.5971984863281,134.7393035888672,81.85310363769531,154.93040466308594
371.444091796875,123.28089904785156,93.06529998779297,166.6298065185547
363.7489013671875,125.39969635009766,100.96759796142578,165.09030151367188
369.6068115234375,129.17140197753906,91.75180053710938,163.37759399414062
364.4964904785156,126.94840240478516,99.0968017578125,162.30369567871094
365.3262023925781,130.0762939453125,95.4218978881836,159.7154998779297
364.0469055175781,126.52159881591797,96.75370025634766,161.8134002685547
356.9252014160156,129.1885986328125,106.15730285644531,160.43099975585938
357.9446105957031,124.739501953125,92.83439636230469,163.58489990234375
357.7477111816406,127.7677993774414,93.8009033203125,165.9741973876953
353.06329345703125,128.7996063232422,99.08529663085938,160.44970703125
359.7850036621094,133.4680938720703,93.78829956054688,164.10260009765625
351.4281005859375,127.78410339355469,103.05549621582031,166.5133056640625
350.2829895019531,126.69259643554688,108.8302993774414,168.68099975585938
343.6133117675781,115.60690307617188,115.54620361328125,182.89930725097656
339.7681884765625,105.01840209960938,119.37329864501953,193.1448974609375
345.2589111328125,114.99459838867188,110.21589660644531,187.27609252929688
347.8450012207031,102.1843032836914,106.57379913330078,196.6082000732422
349.0360107421875,112.27310180664062,104.4386978149414,192.61300659179688
348.8103942871094,114.2405014038086,101.13909912109375,185.9176025390625
346.2394104003906,121.39610290527344,101.36019897460938,179.2947998046875
344.7331848144531,128.9987030029297,96.55509948730469,173.40220642089844
343.3605041503906,124.97119903564453,94.3634033203125,175.6721954345703
339.8037109375,130.87109375,98.01789855957031,169.8721923828125
337.41650390625,131.6593017578125,99.82779693603516,167.46119689941406
338.50360107421875,124.970703125,97.58560180664062,178.3948974609375
334.8034973144531,131.75120544433594,101.52580261230469,168.4739990234375
332.48748779296875,128.60260009765625,100.7437973022461,174.02609252929688
330.3887939453125,127.25540161132812,99.68090057373047,174.8446044921875
331.1488952636719,130.07479858398438,98.69349670410156,176.43359375
326.9786071777344,128.49220275878906,97.16560363769531,174.2613983154297
322.2066955566406,127.29070281982422,101.76020050048828,178.2041015625
327.5882873535156,129.0001983642578,91.30590057373047,177.44749450683594
323.2503967285156,138.31089782714844,92.7343978881836,165.88479614257812
321.3440856933594,127.96659851074219,92.27960205078125,177.977294921875
318.79119873046875,125.84719848632812,96.77510070800781,183.12049865722656
323.5423889160156,122.9979019165039,90.85669708251953,185.9272003173828
319.37078857421875,129.6591033935547,98.82890319824219,177.32260131835938
315.21728515625,129.42889404296875,103.59049987792969,175.30850219726562
315.8641052246094,129.9257049560547,101.99449920654297,177.2978973388672
315.6722106933594,129.06739807128906,100.64179992675781,178.40379333496094
309.3960876464844,131.97219848632812,111.19210052490234,177.65460205078125
312.4130859375,128.5117950439453,102.83309936523438,181.08990478515625
303.7471008300781,136.18980407714844,110.57559967041016,175.34609985351562
304.1271057128906,134.15890502929688,106.4884033203125,172.20950317382812
300.7528076171875,130.5343017578125,116.3595962524414,184.41299438476562
300.4020080566406,133.81520080566406,115.04039764404297,185.11990356445312
298.289306640625,132.93850708007812,119.34239959716797,184.13900756835938
300.6514892578125,137.19830322265625,117.54940032958984,184.0153045654297
292.7113037109375,133.24000549316406,125.09609985351562,185.0424041748047
293.28961181640625,134.52670288085938,126.79779815673828,185.9095001220703
287.8117980957031,131.44529724121094,125.5895004272461,193.96499633789062
293.96710205078125,133.89639282226562,124.3750991821289,188.1468048095703
288.7677917480469,130.04730224609375,131.31610107421875,193.17250061035156
288.16619873046875,136.79409790039062,132.39329528808594,193.2700958251953
287.5660095214844,124.45189666748047,128.57879638671875,203.45919799804688
280.2703857421875,130.30380249023438,135.0428009033203,200.11180114746094
285.2857971191406,136.65919494628906,121.18070220947266,195.1802978515625
281.97930908203125,133.24130249023438,131.78970336914062,196.96580505371094
283.3887023925781,131.5447998046875,131.9727020263672,199.531494140625
288.4462890625,141.7528076171875,126.16999816894531,192.5561981201172
283.6611022949219,131.0791015625,136.1156005859375,207.1490020751953
274.90020751953125,136.3739013671875,151.16900634765625,205.45379638671875
279.4090881347656,133.7375030517578,148.8697052001953,199.61489868164062
288.0570068359375,134.5072021484375,131.09829711914062,207.96319580078125
290.097412109375,135.9694061279297,128.35260009765625,207.20680236816406
291.631103515625,131.34010314941406,126.71150207519531,215.05349731445312
286.46978759765625,129.03140258789062,137.21749877929688,220.57040405273438
280.9292907714844,135.02960205078125,146.1116943359375,212.70590209960938
279.09100341796875,121.36689758300781,142.10589599609375,229.00430297851562
278.1752014160156,124.63310241699219,139.7436065673828,225.7917022705078
276.19329833984375,131.35110473632812,145.77659606933594,219.7487030029297
278.1653137207031,138.09320068359375,143.78289794921875,217.56190490722656
295.018310546875,132.44520568847656,123.95659637451172,222.03729248046875
284.7200927734375,134.30490112304688,139.93069458007812,219.68389892578125
283.0047912597656,140.01019287109375,143.26649475097656,213.8256072998047
275.7970886230469,139.9553985595703,151.22950744628906,213.1959991455078
283.03961181640625,139.95449829101562,137.93020629882812,219.42449951171875
277.6689147949219,143.0406951904297,153.05239868164062,210.3885955810547
280.65740966796875,146.0950927734375,157.0841064453125,206.5771026611328
273.51458740234375,144.16090393066406,154.56829833984375,209.9759979248047
281.9617004394531,143.1707000732422,156.70590209960938,211.07240295410156
282.7492980957031,139.60040283203125,166.0677032470703,216.92979431152344
274.1619873046875,129.78460693359375,180.74920654296875,228.09559631347656
281.5260009765625,139.91419982910156,183.58380126953125,221.64520263671875
279.0841979980469,132.00050354003906,176.41990661621094,222.9687957763672
280.28509521484375,136.3654022216797,185.46949768066406,219.07569885253906
271.40631103515625,134.5115966796875,204.5865936279297,219.8739013671875
253.8052978515625,142.53750610351562,220.01930236816406,216.51339721679688
279.3912048339844,139.32699584960938,191.7841033935547,217.0742950439453
277.83209228515625,136.19259643554688,164.2863006591797,215.902099609375
264.2597961425781,125.61509704589844,135.96800231933594,231.7362060546875
