1
242.52059936523438,180.95449829101562,124.63490295410156,89.13400268554688
258.4560852050781,187.05209350585938,123.88890075683594,88.75980377197266
274.8977966308594,199.27980041503906,126.44280242919922,97.1332015991211
296.52239990234375,219.68800354003906,125.73149871826172,101.43209838867188
304.9211120605469,217.82470703125,119.42880249023438,108.80889892578125
293.16461181640625,212.2454071044922,125.13089752197266,101.49030303955078
255.58740234375,196.3278045654297,128.60940551757812,98.52940368652344
201.15660095214844,198.45289611816406,139.8220977783203,101.07830047607422
170.69580078125,215.0615997314453,131.3007049560547,104.71060180664062
161.9868927001953,227.5959014892578,121.62850189208984,110.55439758300781
160.9822998046875,231.095703125,124.50430297851562,110.22419738769531
173.26080322265625,225.2552032470703,126.11080169677734,102.15769958496094
197.18089294433594,201.4423065185547,130.2458953857422,98.05059814453125
219.9210968017578,173.99090576171875,130.6903076171875,106.32479858398438
228.85279846191406,172.80299377441406,127.89839935302734,106.35030364990234
225.12989807128906,194.6555938720703,127.13410186767578,100.966796875
220.84019470214844,206.5944061279297,124.45169830322266,103.61419677734375
218.24270629882812,202.78179931640625,124.10440063476562,105.82599639892578
228.43710327148438,185.14439392089844,122.58740234375,118.63760375976562
238.0507049560547,189.23280334472656,124.95570373535156,111.79570007324219
230.71290588378906,204.43150329589844,126.79399871826172,108.10449981689453
223.35369873046875,227.76840209960938,123.87010192871094,100.30049896240234
204.2552947998047,221.25059509277344,126.96800231933594,105.29540252685547
200.20230102539062,206.21319580078125,122.55919647216797,106.37770080566406
196.78309631347656,186.54029846191406,124.51270294189453,110.81390380859375
189.60350036621094,183.9044952392578,126.59010314941406,110.26719665527344
197.36520385742188,199.10629272460938,124.22489929199219,112.52279663085938
206.7194061279297,234.3079071044922,123.56600189208984,99.19159698486328
204.79769897460938,249.1663055419922,125.06439971923828,103.364501953125
197.89019775390625,247.4980010986328,121.75530242919922,105.68160247802734
194.6719970703125,224.1446990966797,127.20069885253906,105.3864974975586
200.21929931640625,196.80760192871094,120.82779693603516,108.61920166015625
193.47610473632812,186.5886993408203,122.1250991821289,102.59960174560547
176.75439453125,166.5019989013672,116.21170043945312,112.37419891357422
160.31849670410156,181.00369262695312,122.57520294189453,107.59040069580078
168.0402069091797,204.5657958984375,122.31680297851562,97.40689849853516
178.56610107421875,201.7041015625,126.6843032836914,107.3855972290039
202.71539306640625,199.8218994140625,120.81620025634766,109.35910034179688
224.02920532226562,210.5771026611328,126.10289764404297,107.8904037475586
246.82460021972656,227.90899658203125,126.35050201416016,103.0344009399414
274.06109619140625,240.7357940673828,127.81430053710938,102.6707992553711
294.8196105957031,236.60560607910156,120.0093002319336,108.77660369873047
285.47198486328125,235.8612060546875,121.3644027709961,107.75080108642578
245.02789306640625,235.9813995361328,134.4114990234375,90.8646011352539
198.43179321289062,241.17239379882812,129.88580322265625,75.45819854736328
168.64309692382812,233.00169372558594,125.902099609375,87.30030059814453
138.9842071533203,238.55580139160156,121.11759948730469,87.31749725341797
104.63480377197266,221.38259887695312,126.64859771728516,105.85700225830078
111.47350311279297,228.32569885253906,129.63229370117188,88.01930236816406
166.05160522460938,218.19830322265625,137.84219360351562,84.2218017578125
213.31239318847656,207.1342010498047,127.44059753417969,85.13069915771484
224.63670349121094,182.53460693359375,123.24729919433594,103.71739959716797
225.34840393066406,181.18359375,121.08609771728516,111.43550109863281
233.45069885253906,203.9407958984375,124.42839813232422,102.03230285644531
241.88040161132812,202.9676971435547,121.31420135498047,114.10199737548828
233.40249633789062,212.86940002441406,118.56950378417969,109.69599914550781
204.00360107421875,213.1457977294922,105.0457992553711,109.16850280761719
172.4593048095703,215.59759521484375,118.25479888916016,113.03669738769531
177.3571014404297,219.7657928466797,118.69190216064453,108.49610137939453
211.72799682617188,220.5655059814453,136.59979248046875,103.0552978515625
260.1235046386719,224.66659545898438,127.22830200195312,88.43659973144531
274.9032897949219,212.3885040283203,123.62799835205078,102.4259033203125
267.1883850097656,210.6562042236328,123.96810150146484,109.42160034179688
255.752197265625,202.68519592285156,123.62079620361328,106.28089904785156
248.94430541992188,193.1800994873047,123.12000274658203,106.39080047607422
242.93649291992188,188.37969970703125,122.12319946289062,107.9220962524414
252.35450744628906,183.75999450683594,118.9823989868164,108.77880096435547
268.46551513671875,187.39849853515625,120.11519622802734,113.49230194091797
276.4751892089844,193.13510131835938,121.79019927978516,112.09660339355469
268.6890869140625,195.12330627441406,117.81929779052734,113.95780181884766
242.01589965820312,197.67239379882812,119.5009994506836,119.7322006225586
199.0467987060547,236.8769073486328,128.76980590820312,95.75569915771484
185.7781982421875,245.52659606933594,122.37879943847656,103.69629669189453
175.66729736328125,242.048095703125,120.24130249023438,109.84750366210938
182.94219970703125,242.32249450683594,120.00299835205078,109.63169860839844
208.09449768066406,233.27499389648438,116.1781005859375,110.18000030517578
208.8184051513672,234.00840759277344,123.19519805908203,105.56439971923828
193.422607421875,228.70970153808594,122.51789855957031,107.8228988647461
174.72129821777344,225.93170166015625,118.55419921875,107.40080261230469
170.19219970703125,216.38479614257812,122.44319915771484,108.36489868164062
197.78599548339844,219.59500122070312,115.33399963378906,103.25379943847656
242.05580139160156,220.73599243164062,117.43479919433594,96.86250305175781
281.35418701171875,192.2373046875,115.42440032958984,110.67680358886719
278.97198486328125,187.49290466308594,122.27999877929688,111.7761001586914
242.22430419921875,194.1396942138672,132.12179565429688,100.62409973144531
211.51950073242188,187.25379943847656,124.25420379638672,99.54409790039062
192.79580688476562,174.46949768066406,125.24939727783203,110.43240356445312
180.6123046875,179.04249572753906,119.99349975585938,110.3541030883789
167.43089294433594,180.6685028076172,121.61599731445312,109.16690063476562
175.54299926757812,184.4792022705078,117.38269805908203,108.74909973144531
218.50360107421875,197.46510314941406,105.21080017089844,98.14600372314453
273.156005859375,201.45289611816406,116.39409637451172,95.1187973022461
292.4573974609375,184.4290008544922,122.0740966796875,112.63369750976562
288.8663024902344,183.08680725097656,120.98310089111328,109.86060333251953
277.1404113769531,186.41949462890625,119.25430297851562,113.85340118408203
255.49989318847656,192.04469299316406,118.62650299072266,110.8926010131836
231.57139587402344,206.64649963378906,120.99369812011719,107.70899963378906
213.06790161132812,208.22390747070312,115.65170288085938,108.66729736328125
179.04739379882812,205.45269775390625,121.0167007446289,104.98930358886719
143.89869689941406,182.2967987060547,122.44550323486328,111.86150360107422
137.24560546875,181.0028076171875,123.91729736328125,108.68560028076172
166.06149291992188,183.1710968017578,113.17839813232422,108.07510375976562
191.00889587402344,188.32879638671875,114.36740112304688,109.63130187988281
195.5771942138672,190.9456024169922,121.09190368652344,106.77559661865234
188.11520385742188,185.32809448242188,118.89320373535156,106.13420104980469
193.93629455566406,173.33099365234375,123.54959869384766,109.98190307617188
205.31930541992188,163.52749633789062,122.78250122070312,112.6946029663086
215.62399291992188,164.560302734375,117.80339813232422,111.92120361328125
216.20950317382812,173.0594024658203,120.98139953613281,116.0728988647461
204.36590576171875,198.1903076171875,125.17030334472656,99.48870086669922
198.51809692382812,205.74630737304688,122.86949920654297,105.95970153808594
210.2418975830078,231.29550170898438,124.87439727783203,102.75910186767578
221.92730712890625,243.21209716796875,120.9490966796875,106.66490173339844
213.7187042236328,246.86300659179688,119.73480224609375,108.99620056152344
191.8603973388672,241.07339477539062,124.69519805908203,100.97699737548828
180.8654022216797,215.352294921875,119.55819702148438,101.7134017944336
178.20779418945312,176.30520629882812,120.56759643554688,103.84619903564453
189.79420471191406,151.63330078125,119.87879943847656,111.53469848632812
202.2115936279297,154.1820068359375,123.40129852294922,109.54519653320312
223.69509887695312,171.98190307617188,115.47029876708984,106.9718017578125
238.50469970703125,185.50059509277344,121.6001968383789,104.19850158691406
243.8195037841797,180.45660400390625,118.24579620361328,109.19400024414062
236.9635009765625,180.72509765625,117.0916976928711,112.19100189208984
216.07179260253906,185.26409912109375,116.16719818115234,116.31939697265625
188.22369384765625,198.49099731445312,123.74140167236328,111.04859924316406
184.88150024414062,204.8979949951172,120.22000122070312,110.65480041503906
189.3074951171875,207.02059936523438,118.62110137939453,112.67949676513672
183.9492950439453,207.98800659179688,121.42150115966797,103.9092025756836
184.6461944580078,188.67250061035156,117.69270324707031,102.28849792480469
199.1239013671875,161.17140197753906,121.09190368652344,110.27439880371094
235.6721954345703,168.08389282226562,118.368896484375,97.33879852294922
274.7991027832031,175.11619567871094,118.44960021972656,99.24870300292969
294.8232116699219,186.32699584960938,118.84290313720703,104.8915023803711
299.1445007324219,206.39349365234375,119.08499908447266,102.82659912109375
291.7627868652344,213.4676055908203,122.43910217285156,110.17070007324219
296.3124084472656,214.69949340820312,118.21659851074219,110.11740112304688
300.6571960449219,210.59930419921875,119.322998046875,111.30490112304688
293.6388854980469,215.23849487304688,115.66130065917969,113.60710144042969
269.56719970703125,223.24119567871094,112.57830047607422,107.65850067138672
242.50599670410156,220.66099548339844,114.7344970703125,112.49569702148438
231.5634002685547,231.97500610351562,119.45069885253906,106.20919799804688
220.17430114746094,239.8831024169922,117.14099884033203,101.8019027709961
209.5865936279297,231.70179748535156,118.99909973144531,96.9655990600586
205.73370361328125,218.66610717773438,123.87590026855469,97.54039764404297
215.27389526367188,203.57440185546875,116.42389678955078,103.78399658203125
219.14450073242188,202.1053009033203,122.49600219726562,103.48639678955078
237.2371063232422,202.56350708007812,115.80889892578125,102.98889923095703
254.668701171875,195.30389404296875,117.80290222167969,98.78410339355469
253.447998046875,175.76730346679688,124.6259994506836,105.43070220947266
262.7213134765625,162.64239501953125,118.50569915771484,105.29650115966797
268.9122009277344,182.9582977294922,122.79530334472656,98.01580047607422
277.66778564453125,221.485107421875,126.56269836425781,97.39839935302734
276.1911926269531,251.74729919433594,120.36090087890625,99.68450164794922
261.0075988769531,254.3184051513672,121.45590209960938,103.38269805908203
247.726806640625,237.80169677734375,124.6968002319336,96.8019027709961
246.50559997558594,193.42849731445312,118.74749755859375,102.51210021972656
238.85330200195312,162.85409545898438,119.84390258789062,105.89710235595703
234.8686065673828,148.28770446777344,118.33699798583984,113.25039672851562
221.99200439453125,164.02239990234375,119.05909729003906,105.03230285644531
206.9552001953125,166.17340087890625,116.44000244140625,106.06600189208984
213.65469360351562,176.30149841308594,118.5707015991211,96.50879669189453
244.43299865722656,165.4842987060547,120.19760131835938,92.54149627685547
263.8927917480469,154.39649963378906,123.2510986328125,92.181396484375
274.2759094238281,143.6616973876953,124.69450378417969,98.40119934082031
271.02398681640625,159.12249755859375,127.38610076904297,101.06880187988281
254.38900756835938,180.1300048828125,126.91999816894531,97.22709655761719
239.28289794921875,185.31520080566406,124.69049835205078,102.39399719238281
237.5251007080078,181.25889587402344,117.12809753417969,106.9634017944336
237.4553985595703,180.87660217285156,123.63249969482422,105.90019989013672
247.7996063232422,179.9853973388672,120.30249786376953,108.50569915771484
242.1363067626953,199.1566925048828,111.78679656982422,103.65589904785156
209.6844940185547,209.0272979736328,120.26290130615234,103.57060241699219
201.1396942138672,202.3876953125,116.12940216064453,110.47149658203125
212.658203125,198.93690490722656,116.1626968383789,108.13059997558594
226.02200317382812,190.37210083007812,121.33270263671875,100.88629913330078
234.22579956054688,196.6645965576172,123.29019927978516,85.31320190429688
234.7624969482422,191.9449005126953,124.46499633789062,98.87370300292969
237.41969299316406,193.8509979248047,119.31610107421875,105.21379852294922
234.5211944580078,195.1844940185547,119.4884033203125,109.19229888916016
227.92030334472656,214.04339599609375,121.5188980102539,97.69529724121094
206.7563018798828,229.35690307617188,122.31220245361328,93.61609649658203
205.3560028076172,232.4949951171875,116.2654037475586,104.04550170898438
218.3125,235.7823944091797,118.11720275878906,102.56340026855469
215.88150024414062,225.00010681152344,121.84089660644531,109.90509796142578
214.4029998779297,225.2957000732422,118.6614990234375,103.50520324707031
208.8000946044922,219.17129516601562,121.24690246582031,104.18769836425781
221.73719787597656,216.11900329589844,120.29029846191406,102.06800079345703
249.64329528808594,194.69859313964844,121.12000274658203,94.58830261230469
274.5340881347656,161.77679443359375,115.9843978881836,102.41580200195312
279.9208984375,155.5334014892578,114.39810180664062,104.52359771728516
278.6258850097656,160.41650390625,113.36380004882812,111.9800033569336
271.43011474609375,193.7429962158203,115.5302963256836,102.44159698486328
264.51580810546875,216.10299682617188,114.56600189208984,103.26820373535156
259.3572998046875,233.25469970703125,116.02200317382812,96.21369934082031
240.83279418945312,240.67449951171875,121.841796875,81.731201171875
214.93069458007812,240.35629272460938,121.83529663085938,85.68699645996094
211.94729614257812,236.18670654296875,122.29550170898438,103.11299896240234
225.73049926757812,253.6280975341797,115.16190338134766,93.29100036621094
233.41700744628906,243.2126007080078,119.85569763183594,97.12210083007812
236.1107940673828,228.2050018310547,116.65160369873047,96.94020080566406
239.65049743652344,210.98910522460938,115.1969985961914,100.7488021850586
257.57818603515625,225.57569885253906,115.96749877929688,83.64450073242188
286.6950988769531,228.64950561523438,118.45549774169922,82.80609893798828
301.06890869140625,214.22039794921875,111.49980163574219,90.87039947509766
294.618408203125,218.75790405273438,114.79810333251953,83.5271987915039
279.0268859863281,216.27369689941406,117.92669677734375,84.1155014038086
269.6795959472656,213.75270080566406,115.06770324707031,100.37809753417969
263.3026123046875,224.79409790039062,116.08989715576172,102.62239837646484
255.80819702148438,239.4259033203125,115.8364028930664,100.08039855957031
255.4156951904297,235.8675994873047,108.70850372314453,105.46620178222656
263.2974853515625,240.01170349121094,113.57980346679688,96.20700073242188
269.5950927734375,222.15530395507812,108.92970275878906,103.28559875488281
259.7882995605469,224.57179260253906,115.58219909667969,94.27349853515625
258.8182067871094,210.1811065673828,114.44409942626953,98.36869812011719
254.9822998046875,205.77349853515625,113.1760025024414,99.07489776611328
261.93798828125,204.62969970703125,113.79070281982422,99.0770034790039
269.93218994140625,194.33419799804688,112.37120056152344,101.97779846191406
269.9440002441406,187.6652069091797,111.39240264892578,100.83650207519531
273.2432861328125,195.5944061279297,110.78800201416016,102.63719940185547
279.6570129394531,208.8760986328125,115.57830047607422,105.22869873046875
289.1549072265625,226.7512969970703,112.66410064697266,98.74610137939453
291.8518981933594,227.5511932373047,110.33989715576172,97.72740173339844
278.54901123046875,232.89410400390625,109.31159973144531,95.1885986328125
249.37339782714844,239.42030334472656,113.4801025390625,96.25389862060547
227.7501983642578,240.30880737304688,111.30159759521484,95.04029846191406
212.9438934326172,221.06210327148438,113.36309814453125,102.23290252685547
204.51519775390625,200.95790100097656,107.6094970703125,91.07929992675781
200.4654998779297,175.60690307617188,115.99579620361328,94.22419738769531
208.7064971923828,182.6219940185547,115.63919830322266,74.90190124511719
222.50169372558594,181.37319946289062,117.14189910888672,89.95179748535156
238.24940490722656,183.13119506835938,115.2926025390625,94.50019836425781
249.6562957763672,181.88999938964844,106.24449920654297,98.58460235595703
255.09739685058594,188.43789672851562,108.7666015625,97.12539672851562
261.2528991699219,208.34080505371094,117.60970306396484,96.49720001220703
286.723388671875,236.8531951904297,112.9623031616211,93.98619842529297
293.6263122558594,248.13070678710938,111.42459869384766,96.4708023071289
284.7991943359375,246.2050018310547,111.54989624023438,96.99369812011719
278.1134948730469,202.6761016845703,108.21610260009766,114.16020202636719
266.92401123046875,203.4053955078125,109.76529693603516,97.45549774169922
246.22169494628906,205.0469970703125,112.86949920654297,86.85289764404297
224.12249755859375,203.57290649414062,113.17990112304688,93.06109619140625
219.45559692382812,218.80979919433594,110.18460083007812,95.69120025634766
232.84719848632812,230.49740600585938,103.35320281982422,95.6843032836914
242.9420928955078,226.32130432128906,109.24579620361328,97.1072998046875
266.3924865722656,226.48480224609375,108.81990051269531,98.84539794921875
273.4747009277344,231.79800415039062,111.02040100097656,96.73989868164062
276.2033996582031,235.1385040283203,106.75879669189453,105.7603988647461
274.0600891113281,256.5516052246094,106.78990173339844,95.24749755859375
269.5881042480469,257.9623107910156,108.48660278320312,97.9843978881836
273.10211181640625,255.4423065185547,106.66410064697266,97.04409790039062
273.46990966796875,251.71719360351562,108.14199829101562,95.36430358886719
273.6661071777344,239.95700073242188,112.46199798583984,97.0989990234375
273.5155029296875,229.889404296875,111.89209747314453,98.37480163574219
273.8251953125,231.23800659179688,105.1176986694336,101.41529846191406
263.6142883300781,241.0299072265625,107.69010162353516,99.71939849853516
253.11090087890625,242.99110412597656,106.49169921875,96.61499786376953
249.49940490722656,232.33889770507812,109.85540008544922,97.11090087890625
254.00750732421875,220.54930114746094,105.25180053710938,95.65239715576172
249.94549560546875,220.50489807128906,107.16919708251953,93.09619903564453
243.4813995361328,221.36489868164062,106.21299743652344,94.877197265625
250.16119384765625,223.2834014892578,105.99749755859375,99.15950012207031
263.68121337890625,229.05059814453125,104.71330261230469,97.5145034790039
281.5765075683594,223.06520080566406,106.0188980102539,94.28569793701172
289.12078857421875,217.92909240722656,110.72049713134766,84.37760162353516
288.96551513671875,195.54949951171875,114.26740264892578,95.43450164794922
286.24530029296875,195.32400512695312,110.2979965209961,90.48030090332031
281.8597106933594,201.24209594726562,107.92669677734375,93.12660217285156
277.6630859375,210.89439392089844,110.62860107421875,93.84459686279297
266.1485900878906,214.16419982910156,104.00779724121094,91.87660217285156
238.82159423828125,207.75570678710938,109.91780090332031,90.40270233154297
224.32620239257812,194.210693359375,105.19149780273438,92.22429656982422
219.75450134277344,195.47970581054688,107.27739715576172,97.89209747314453
227.2736053466797,227.2843017578125,108.73770141601562,83.18659973144531
251.59710693359375,269.7164001464844,110.652099609375,85.27559661865234
279.55511474609375,281.5466003417969,101.6884994506836,92.53820037841797
300.8494873046875,267.1689147949219,107.33409881591797,93.16069793701172
315.67388916015625,244.42160034179688,107.37129974365234,91.5447998046875
314.2710876464844,232.15960693359375,107.38880157470703,92.49839782714844
296.0205993652344,233.38119506835938,108.9928970336914,80.51309967041016
275.1885986328125,234.8061981201172,107.2958984375,92.46900177001953
248.593994140625,238.69000244140625,105.66120147705078,95.38600158691406
224.8105010986328,240.9019012451172,106.10350036621094,89.66809844970703
240.7675018310547,240.0666961669922,121.68820190429688,88.96109771728516
287.9888000488281,248.22540283203125,107.9406967163086,81.53559875488281
313.43170166015625,244.27450561523438,105.36930084228516,84.88629913330078
332.6070861816406,236.033203125,103.2240982055664,87.16729736328125
338.6142883300781,238.5220947265625,105.40360260009766,86.03279876708984
345.1687927246094,236.6616973876953,107.37030029296875,95.44819641113281
349.6736145019531,237.32119750976562,108.2959976196289,93.60639953613281
347.50439453125,229.30430603027344,107.98269653320312,93.71510314941406
340.34130859375,233.7825927734375,105.8988037109375,94.37439727783203
315.1382141113281,252.41749572753906,109.64029693603516,92.52559661865234
297.0602111816406,266.84869384765625,106.20999908447266,91.91429901123047
293.377197265625,257.59930419921875,108.2582015991211,92.1426010131836
303.6662902832031,253.23129272460938,109.13179779052734,82.32740020751953
315.0242004394531,258.2023010253906,104.6884994506836,73.60449981689453
324.260009765625,256.71209716796875,109.74479675292969,86.64649963378906
347.44049072265625,259.34210205078125,107.14929962158203,94.9364013671875
354.6444091796875,253.84129333496094,107.58560180664062,86.09639739990234
348.5296936035156,228.2362060546875,102.17449951171875,86.03140258789062
305.8044128417969,177.77430725097656,109.91829681396484,96.93099975585938
284.44061279296875,164.83340454101562,108.29900360107422,93.07630157470703
277.7380065917969,168.72030639648438,108.76100158691406,98.22419738769531
281.0592041015625,192.99070739746094,103.32499694824219,90.41089630126953
268.5357971191406,208.3990020751953,108.27539825439453,98.69850158691406
246.77960205078125,230.46090698242188,107.82279968261719,95.87940216064453
226.03219604492188,243.34710693359375,109.4312973022461,94.82450103759766
220.29139709472656,243.90530395507812,105.17040252685547,91.5458984375
219.83189392089844,245.80670166015625,104.20140075683594,93.1426010131836
232.3159942626953,246.57620239257812,101.24500274658203,95.02110290527344
244.92759704589844,241.5738067626953,105.61650085449219,87.29679870605469
250.9071044921875,211.3433074951172,103.98529815673828,84.6427993774414
235.2205047607422,184.59019470214844,109.95929718017578,88.11710357666016
232.80780029296875,171.72740173339844,104.60440063476562,92.68080139160156
229.08889770507812,176.10879516601562,102.47640228271484,96.2177963256836
208.3905029296875,195.55499267578125,109.26599884033203,91.27349853515625
192.76840209960938,212.83700561523438,105.6333999633789,88.8583984375
188.8594970703125,208.32150268554688,101.63690185546875,92.69409942626953
181.8433074951172,217.46490478515625,106.9197006225586,85.61920166015625
176.4730987548828,230.5305938720703,105.51820373535156,87.91079711914062
185.98489379882812,233.65870666503906,98.67880249023438,93.239501953125
207.7624969482422,235.17689514160156,103.76519775390625,92.27749633789062
238.2489013671875,233.52490234375,109.9197006225586,89.5719985961914
265.3617858886719,226.97340393066406,112.82060241699219,86.58309936523438
292.3009948730469,224.9738006591797,106.86160278320312,83.20040130615234
308.783203125,224.97560119628906,107.63130187988281,95.70929718017578
307.2803039550781,241.79820251464844,109.01429748535156,91.02739715576172
291.872314453125,253.61000061035156,92.24749755859375,85.7509994506836
233.65109252929688,235.02749633789062,106.24819946289062,89.83930206298828
208.12049865722656,227.26429748535156,108.96009826660156,82.44110107421875
183.6468048095703,228.2554931640625,108.80729675292969,78.99909973144531
178.4355010986328,229.53309631347656,103.83599853515625,88.4552993774414
211.29299926757812,232.1531982421875,95.93949890136719,90.8010025024414
227.31849670410156,217.75289916992188,109.03089904785156,93.78109741210938
243.46820068359375,200.78469848632812,103.88020324707031,94.08049774169922
265.6523132324219,202.56480407714844,99.13760375976562,81.67379760742188
295.21710205078125,202.67849731445312,98.95719909667969,84.80690002441406
325.17291259765625,208.5467071533203,100.70780181884766,85.75540161132812
330.839599609375,207.83450317382812,105.0082015991211,87.43150329589844
331.3901062011719,206.2843017578125,95.79340362548828,91.10279846191406
309.13641357421875,201.87069702148438,98.7614974975586,85.28410339355469
260.247314453125,183.74270629882812,117.01300048828125,89.88749694824219
233.7877960205078,159.64639282226562,103.9364013671875,90.68309783935547
248.2707061767578,148.05499267578125,104.67140197753906,90.22010040283203
281.2210998535156,146.84779357910156,104.6082992553711,83.06800079345703
292.18389892578125,138.639404296875,108.89469909667969,83.14700317382812
304.8631896972656,118.47679901123047,99.38420104980469,91.44120025634766
302.8616943359375,129.339599609375,97.91619873046875,89.67109680175781
298.1722106933594,165.67140197753906,110.67880249023438,77.72109985351562
307.1553955078125,201.71620178222656,100.58319854736328,84.2135009765625
305.0362854003906,228.20570373535156,100.5958023071289,88.46070098876953
307.93499755859375,225.68890380859375,97.82129669189453,93.56430053710938
302.2239990234375,217.66470336914062,100.60350036621094,89.04100036621094
296.7320861816406,209.00540161132812,103.39800262451172,86.1852035522461
289.34100341796875,192.35659790039062,104.2520980834961,90.49849700927734
286.739990234375,182.2111053466797,100.03079986572266,81.83370208740234
287.29998779296875,149.52279663085938,99.70390319824219,80.3917007446289
288.94500732421875,99.82679748535156,102.26640319824219,85.63860321044922
304.33990478515625,89.62439727783203,105.06069946289062,79.50469970703125
327.1935119628906,107.02069854736328,97.87200164794922,81.00779724121094
331.7196960449219,145.08700561523438,101.668701171875,83.11329650878906
317.669189453125,178.46499633789062,106.12220001220703,79.10639953613281
300.9219970703125,195.0675048828125,106.33619689941406,83.32469940185547
290.0793151855469,211.9210968017578,103.5,84.92559814453125
278.58270263671875,231.85009765625,103.95680236816406,76.16349792480469
270.7496032714844,236.4259033203125,102.90589904785156,82.42330169677734
265.68359375,229.93080139160156,102.55770111083984,92.84380340576172
273.51458740234375,234.1674041748047,97.11109924316406,93.5156021118164
279.01141357421875,235.63299560546875,104.10399627685547,91.45500183105469
287.8833923339844,232.95889282226562,102.49610137939453,80.30909729003906
291.14990234375,222.84210205078125,104.56729888916016,82.5602035522461
306.4818115234375,203.9197998046875,104.12870025634766,86.12699890136719
313.3714904785156,189.21710205078125,105.11319732666016,90.6312026977539
319.0205993652344,193.74940490722656,105.94000244140625,89.42389678955078
327.3638000488281,193.029296875,103.94210052490234,99.02420043945312
330.1995849609375,215.98159790039062,103.5145034790039,95.18119812011719
315.09619140625,247.05870056152344,103.58300018310547,81.2051010131836
295.3977966308594,262.79669189453125,103.86650085449219,81.00640106201172
277.51910400390625,262.9385070800781,95.00479888916016,91.71820068359375
262.0740966796875,262.3682861328125,103.69149780273438,89.91819763183594
258.0707092285156,254.977294921875,99.63860321044922,92.4343032836914
241.33639526367188,236.82240295410156,101.26809692382812,93.20110321044922
233.6927947998047,202.2686004638672,106.49800109863281,90.88400268554688
254.8311004638672,191.19729614257812,108.9937973022461,80.70159912109375
278.86370849609375,182.5883026123047,99.43219757080078,82.23200225830078
289.3905029296875,178.34410095214844,106.10279846191406,94.60289764404297
309.70941162109375,200.20970153808594,101.99340057373047,89.59200286865234
324.3057861328125,217.04519653320312,102.47049713134766,88.8135986328125
339.6235046386719,234.47279357910156,104.19439697265625,93.90869903564453
348.36669921875,257.0636901855469,101.31670379638672,88.2614974975586
340.9988098144531,263.30169677734375,102.5791015625,93.46410369873047
332.0497131347656,265.3796081542969,91.98979949951172,91.89649963378906
295.9112854003906,275.8736877441406,103.4312973022461,83.6167984008789
258.8428955078125,275.46649169921875,90.8864974975586,81.87650299072266
223.52369689941406,271.93939208984375,92.0176010131836,88.0416030883789
210.90130615234375,253.2384033203125,102.13790130615234,91.26080322265625
222.40870666503906,231.89610290527344,99.2029037475586,83.83070373535156
217.70730590820312,204.36929321289062,106.77760314941406,86.38480377197266
235.16099548339844,196.16650390625,106.58429718017578,80.48539733886719
268.9577941894531,183.74659729003906,103.63159942626953,90.24610137939453
300.3807067871094,183.35389709472656,96.69969940185547,89.93280029296875
312.2674865722656,184.88490295410156,99.6530990600586,90.13770294189453
314.06610107421875,191.73779296875,106.68080139160156,90.4260025024414
321.40740966796875,208.0095977783203,99.84390258789062,85.74400329589844
326.8948059082031,218.74940490722656,100.17479705810547,89.3324966430664
314.67730712890625,235.83779907226562,103.7865982055664,83.92160034179688
285.43701171875,236.65890502929688,97.71829986572266,83.55460357666016
239.33380126953125,240.27749633789062,98.76950073242188,75.91000366210938
202.52769470214844,238.9739990234375,91.60199737548828,77.9646987915039
178.47019958496094,228.28280639648438,103.02980041503906,91.32029724121094
195.05419921875,236.17210388183594,99.85549926757812,81.15589904785156
234.63119506835938,231.5063934326172,99.53359985351562,88.07599639892578
248.3946075439453,230.3459930419922,104.802001953125,91.16639709472656
251.83990478515625,229.87550354003906,107.1395034790039,85.71309661865234
271.956787109375,237.00149536132812,127.62249755859375,73.65450286865234
344.62548828125,231.81910705566406,110.71520233154297,72.14830017089844
365.7626037597656,214.7541961669922,105.04100036621094,84.32929992675781
345.43670654296875,219.25390625,110.04940032958984,67.57099914550781
273.440185546875,214.7666015625,129.42799377441406,71.34269714355469
196.95339965820312,226.3961944580078,132.7382049560547,77.41909790039062
156.36380004882812,222.10470581054688,109.11730194091797,85.42530059814453
162.22560119628906,212.99169921875,98.2052001953125,91.51850128173828
190.92320251464844,176.63079833984375,110.23419952392578,109.17859649658203
213.96510314941406,152.6313934326172,108.32360076904297,106.3490982055664
217.59120178222656,154.2303009033203,106.05079650878906,94.09940338134766
222.42759704589844,172.8715057373047,97.53279876708984,87.935302734375
234.52789306640625,209.3916015625,94.25640106201172,79.3687973022461
235.71910095214844,232.56199645996094,104.30549621582031,88.14070129394531
228.3249969482422,251.70899963378906,102.55380249023438,84.55280303955078
240.26400756835938,268.8688049316406,100.77559661865234,82.68460083007812
247.5312042236328,266.9888916015625,102.56639862060547,86.33390045166016
239.04550170898438,256.3830871582031,100.61640167236328,90.82330322265625
217.9591064453125,260.6770935058594,102.07599639892578,83.04409790039062
224.1385955810547,273.9844970703125,103.46330261230469,85.31099700927734
256.8357849121094,292.19281005859375,100.79280090332031,79.27680206298828
267.6365051269531,293.81878662109375,107.9634017944336,80.77369689941406
267.2572937011719,280.6018981933594,106.3407974243164,82.80590057373047
270.0408935546875,253.80459594726562,105.18229675292969,83.606201171875
271.0491027832031,209.62289428710938,110.72920227050781,72.92169952392578
272.4671936035156,174.83120727539062,101.375,71.52639770507812
250.84759521484375,167.3424072265625,100.98590087890625,71.22689819335938
227.30020141601562,175.79449462890625,111.42469787597656,78.54889678955078
223.43569946289062,195.4676971435547,107.5519027709961,76.31929779052734
218.03729248046875,226.7324981689453,110.74859619140625,81.50679779052734
220.58489990234375,253.3253936767578,107.23079681396484,83.36840057373047
232.1903076171875,252.41639709472656,100.09149932861328,95.35530090332031
239.03250122070312,251.0054931640625,105.60230255126953,90.00530242919922
242.2458038330078,235.07550048828125,107.2957992553711,90.28459930419922
242.96189880371094,224.3636016845703,104.49829864501953,91.76360321044922
264.0179138183594,224.7122039794922,90.3198013305664,91.23269653320312
280.0484924316406,209.62860107421875,102.68150329589844,98.72429656982422
279.3761901855469,210.79420471191406,105.73930358886719,82.38179779052734
266.8384094238281,187.14830017089844,102.5479965209961,94.54149627685547
276.756103515625,187.16549682617188,104.32039642333984,82.8927001953125
289.9580993652344,183.45660400390625,108.27020263671875,85.56739807128906
288.93060302734375,198.95480346679688,109.35990142822266,89.96810150146484
282.73388671875,235.79859924316406,98.76490020751953,86.75370025634766
269.41900634765625,259.9400939941406,105.27400207519531,84.68319702148438
283.62420654296875,267.8081970214844,101.12999725341797,84.72219848632812
285.87188720703125,256.7002868652344,103.33769989013672,89.89649963378906
276.3930969238281,251.3970947265625,100.6863021850586,81.1488037109375
271.5065002441406,235.25779724121094,97.72830200195312,87.96869659423828
272.84100341796875,234.24459838867188,98.15689849853516,91.00330352783203
273.9117126464844,234.4105987548828,97.23139953613281,90.20780181884766
265.4490966796875,237.27969360351562,102.40260314941406,78.48570251464844
256.41619873046875,229.09869384765625,104.07499694824219,77.63719940185547
249.51080322265625,225.83180236816406,107.65149688720703,82.86260223388672
248.94090270996094,225.1009063720703,103.14920043945312,92.61360168457031
242.36390686035156,226.31829833984375,97.51609802246094,95.97429656982422
240.39979553222656,228.77569580078125,99.55829620361328,86.07990264892578
265.0111083984375,236.5424041748047,100.31549835205078,68.67939758300781
283.1546936035156,227.37420654296875,107.21640014648438,81.8302001953125
275.77081298828125,238.40879821777344,104.13030242919922,84.0094985961914
257.6394958496094,244.9257049560547,100.01589965820312,86.5114974975586
253.3730926513672,240.8249969482422,100.652099609375,88.81790161132812
261.0686950683594,231.37240600585938,100.04889678955078,89.51249694824219
264.9377136230469,224.2698974609375,104.31819915771484,81.87100219726562
265.9967956542969,209.7667999267578,102.4916000366211,92.91069793701172
272.6487121582031,219.6645965576172,102.99210357666016,90.5791015625
283.3583068847656,219.13250732421875,98.05809783935547,93.68199920654297
281.64300537109375,218.252197265625,95.84480285644531,94.75379943847656
276.2025146484375,219.97799682617188,91.447998046875,91.35690307617188
274.7088928222656,213.25999450683594,97.2665023803711,91.9573974609375
274.8465881347656,217.00469970703125,102.34539794921875,94.70760345458984
274.1257019042969,224.62489318847656,102.97969818115234,96.92960357666016
267.4161071777344,245.75379943847656,103.39600372314453,89.38719940185547
262.4122009277344,246.2187957763672,100.27349853515625,90.39610290527344
270.7361145019531,246.1020965576172,103.86119842529297,82.1592025756836
283.79449462890625,222.7747039794922,101.29630279541016,88.39679718017578
284.0472106933594,217.62350463867188,98.71869659423828,89.93450164794922
274.6924133300781,222.5592041015625,101.17610168457031,97.37460327148438
269.7554016113281,234.97230529785156,96.61509704589844,93.95320129394531
264.9989013671875,235.12620544433594,101.93779754638672,88.05829620361328
267.7868957519531,209.2938995361328,102.26570129394531,94.26210021972656
273.82281494140625,205.1894073486328,101.82779693603516,87.65249633789062
273.8349914550781,208.90130615234375,100.08419799804688,94.9301986694336
270.59210205078125,226.99609375,108.2781982421875,88.33110046386719
269.6579895019531,236.4774932861328,102.40809631347656,91.31210327148438
264.2940979003906,235.91879272460938,96.80899810791016,90.5906982421875
264.3681945800781,233.1304931640625,103.13179779052734,90.10859680175781
268.7308044433594,227.55239868164062,100.44770050048828,90.3030014038086
259.19830322265625,230.29949951171875,104.91609954833984,88.26850128173828
248.35479736328125,245.57879638671875,102.54460144042969,86.23380279541016
248.1230010986328,247.45370483398438,100.71320343017578,91.28189849853516
249.47950744628906,250.62130737304688,103.19300079345703,87.04209899902344
248.98519897460938,236.86300659179688,104.44129943847656,91.99549865722656
247.88470458984375,232.23179626464844,103.82730102539062,92.37059783935547
243.9508056640625,236.17750549316406,105.20069885253906,96.92359924316406
247.87269592285156,253.32359313964844,102.7197036743164,89.17500305175781
253.9207000732422,256.3667907714844,99.13819885253906,92.94210052490234
252.42359924316406,258.5382080078125,98.7302017211914,89.6969985961914
250.57859802246094,258.16839599609375,101.34049987792969,91.28240203857422
244.5500946044922,257.28851318359375,106.84420013427734,87.80180358886719
240.31820678710938,248.1479034423828,102.11589813232422,90.53690338134766
235.10519409179688,244.08450317382812,105.82869720458984,88.9021987915039
239.48150634765625,226.0207977294922,104.5177993774414,92.88619995117188
241.99029541015625,216.56089782714844,100.10970306396484,93.33920288085938
240.27980041503906,219.4167022705078,99.997802734375,87.07499694824219
244.60980224609375,221.3437957763672,100.90910339355469,89.69439697265625
243.1132049560547,220.4965057373047,105.88729858398438,86.92510223388672
246.5207061767578,205.6446990966797,106.29640197753906,94.8322982788086
255.7447967529297,204.99960327148438,98.31700134277344,91.58390045166016
251.6558074951172,214.89779663085938,104.2656021118164,92.76460266113281
251.06289672851562,231.22560119628906,102.21309661865234,91.15809631347656
255.6667938232422,241.147705078125,101.41629791259766,90.64929962158203
255.9239959716797,236.88330078125,96.70960235595703,89.77459716796875
254.273193359375,228.63900756835938,102.33540344238281,90.94930267333984
263.37298583984375,221.98899841308594,106.36830139160156,89.65799713134766
262.5158996582031,224.6063995361328,104.47930145263672,89.34750366210938
263.30999755859375,234.0970001220703,105.2030029296875,92.31199645996094
256.20318603515625,235.96209716796875,103.68399810791016,93.0238037109375
251.3415985107422,236.7655029296875,99.6729965209961,88.66089630126953
250.7696075439453,227.0579071044922,106.29810333251953,89.69979858398438
252.3769989013672,223.2947998046875,105.54930114746094,89.13739776611328
236.66969299316406,235.89639282226562,106.10690307617188,89.83519744873047
233.14669799804688,247.28770446777344,107.92160034179688,89.77120208740234
238.3769073486328,253.56480407714844,103.05789947509766,84.80590057373047
252.46319580078125,248.97659301757812,106.22360229492188,90.42759704589844
272.0723876953125,244.3531036376953,102.66300201416016,84.59140014648438
277.37701416015625,230.75990295410156,104.93240356445312,84.56800079345703
259.4783935546875,235.23199462890625,109.73799896240234,89.36299896240234
236.54449462890625,246.9528045654297,112.81719970703125,87.3030014038086
268.1203918457031,262.99969482421875,99.46510314941406,75.53679656982422
279.7157897949219,248.8096923828125,109.22540283203125,88.43820190429688
270.3174133300781,236.2969970703125,114.27449798583984,88.37249755859375
254.58030700683594,231.12750244140625,106.23899841308594,80.21700286865234
239.8721923828125,228.8686065673828,101.00599670410156,87.60279846191406
238.33090209960938,228.13819885253906,97.27850341796875,87.28240203857422
240.2277069091797,231.13540649414062,101.25749969482422,86.33869934082031
242.7292938232422,226.9311981201172,97.25260162353516,86.97879791259766
236.539794921875,225.78329467773438,97.77210235595703,86.82230377197266
235.61480712890625,225.2834014892578,96.60330200195312,88.74019622802734
241.36520385742188,236.3415985107422,100.58529663085938,86.73390197753906
237.82760620117188,245.09080505371094,107.46009826660156,88.2030029296875
257.264892578125,257.5882873535156,104.04019927978516,83.19580078125
302.1192932128906,264.9226989746094,112.39839935302734,71.06079864501953
314.7893981933594,255.2987060546875,102.5905990600586,71.73419952392578
280.025390625,254.17849731445312,113.13880157470703,74.02690124511719
232.2696990966797,269.3035888671875,120.32270050048828,73.89659881591797
217.29739379882812,273.9703063964844,102.32230377197266,84.05750274658203
227.3845977783203,273.75689697265625,99.5031967163086,85.35209655761719
247.5072021484375,278.0492858886719,107.30449676513672,68.38279724121094
254.54710388183594,265.8629150390625,102.05909729003906,73.63639831542969
245.8979034423828,264.3139953613281,100.53040313720703,83.15119934082031
229.99319458007812,260.90740966796875,98.92160034179688,88.33399963378906
218.56979370117188,262.7738037109375,98.93209838867188,87.45469665527344
224.79299926757812,267.7860107421875,101.90760040283203,83.5238037109375
243.6038055419922,266.3916931152344,96.0531997680664,85.55690002441406
243.09970092773438,262.9451904296875,103.37329864501953,83.7781982421875
241.49630737304688,256.3049011230469,104.88819885253906,82.38700103759766
235.3065948486328,256.55279541015625,101.4291000366211,79.62699890136719
233.04539489746094,252.1280059814453,106.43109893798828,79.50920104980469
247.41250610351562,244.02560424804688,99.69319915771484,78.02940368652344
246.75180053710938,228.3267059326172,103.55680084228516,88.18620300292969
245.60330200195312,226.70950317382812,99.71179962158203,85.91470336914062
244.1168975830078,219.94189453125,99.0282974243164,83.03630065917969
250.8979949951172,216.522705078125,97.46530151367188,83.96099853515625
250.63870239257812,233.97650146484375,101.37069702148438,74.52899932861328
239.41110229492188,267.1625061035156,107.05030059814453,70.30000305175781
233.83230590820312,293.34429931640625,98.62760162353516,73.6321029663086
229.7086944580078,291.7301940917969,97.72309875488281,76.06289672851562
236.10299682617188,275.6571044921875,103.50900268554688,72.54779815673828
241.56719970703125,254.71139526367188,105.68150329589844,73.1364974975586
249.3043975830078,239.92010498046875,106.28690338134766,72.13639831542969
255.7613067626953,219.13409423828125,102.99530029296875,74.216796875
251.8054962158203,210.68569946289062,100.73989868164062,71.55509948730469
247.9470977783203,188.74850463867188,96.82350158691406,77.76419830322266
247.6121063232422,179.7346954345703,103.64710235595703,72.26699829101562
253.6385040283203,162.7104034423828,99.89640045166016,79.81759643554688
264.627197265625,181.17120361328125,95.54750061035156,68.2239990234375
266.72088623046875,199.27450561523438,101.8062973022461,65.03739929199219
268.5259094238281,219.8780059814453,101.44550323486328,71.80870056152344
276.4386901855469,242.6195068359375,97.19300079345703,79.72229766845703
276.81109619140625,241.68359375,98.30169677734375,76.46369934082031
270.3150939941406,221.6772003173828,103.3499984741211,75.38279724121094
271.55059814453125,204.47320556640625,103.07460021972656,80.35330200195312
289.0899963378906,207.87950134277344,100.03230285644531,72.16709899902344
311.1662902832031,219.345703125,98.92630004882812,70.47450256347656
314.8841857910156,215.943603515625,99.09760284423828,84.70960235595703
308.1017150878906,223.39219665527344,94.51609802246094,81.56790161132812
289.1763916015625,223.2032928466797,98.26629638671875,85.5519027709961
295.81280517578125,228.97390747070312,97.17900085449219,82.62940216064453
297.57598876953125,251.94920349121094,98.3678970336914,78.01139831542969
307.9743957519531,280.7311096191406,97.21499633789062,72.68419647216797
312.3706970214844,277.43310546875,99.65059661865234,87.29080200195312
303.6225891113281,280.8310852050781,100.54280090332031,73.28980255126953
292.1763000488281,261.5766906738281,103.4114990234375,73.58450317382812
290.8988037109375,236.88510131835938,95.41089630126953,75.38770294189453
284.4187927246094,215.59429931640625,101.97679901123047,75.372802734375
281.3533935546875,200.46600341796875,104.3187026977539,83.8207015991211
286.1329040527344,212.25779724121094,97.33209991455078,80.70919799804688
291.4469909667969,233.0469970703125,104.49819946289062,72.29530334472656
309.3039855957031,232.92840576171875,97.90260314941406,79.19270324707031
308.2361145019531,232.98809814453125,100.5509033203125,83.51509857177734
302.2210998535156,239.6925048828125,100.506103515625,83.12039947509766
296.9905090332031,251.7259063720703,101.77429962158203,82.71720123291016
291.90460205078125,249.5070037841797,100.43730163574219,83.79060363769531
286.39111328125,245.99110412597656,106.63189697265625,77.54239654541016
286.0072937011719,232.70359802246094,104.75779724121094,79.381103515625
291.7362060546875,214.18850708007812,104.65350341796875,80.9572982788086
296.2168884277344,205.08680725097656,99.79949951171875,80.64830017089844
294.46978759765625,200.90469360351562,101.03389739990234,81.07140350341797
302.1142883300781,197.2978057861328,93.65249633789062,85.40630340576172
309.0361022949219,208.99209594726562,96.46710205078125,82.19239807128906
329.114013671875,228.1284942626953,93.07820129394531,78.77870178222656
325.605712890625,245.964599609375,105.55490112304688,79.1792984008789
309.9341125488281,258.62451171875,101.96019744873047,77.7197036743164
282.5790100097656,265.3171081542969,93.51719665527344,74.30470275878906
260.50579833984375,251.72720336914062,97.26139831542969,84.7520980834961
245.18299865722656,244.37789916992188,95.30899810791016,86.40270233154297
226.34410095214844,223.34010314941406,100.2042007446289,84.00879669189453
227.16619873046875,192.664794921875,99.81990051269531,82.51200103759766
250.25689697265625,179.81460571289062,95.49030303955078,81.94439697265625
272.6781005859375,183.96890258789062,87.69300079345703,87.07820129394531
278.102294921875,200.6269073486328,92.49320220947266,81.41590118408203
281.6759948730469,206.0576934814453,90.83439636230469,85.24549865722656
285.54779052734375,210.97689819335938,94.4551010131836,81.51860046386719
292.7596130371094,213.6613006591797,89.50800323486328,80.96410369873047
290.10791015625,214.42019653320312,95.07479858398438,81.37570190429688
296.151611328125,215.48989868164062,88.74030303955078,82.80860137939453
291.4065856933594,219.82879638671875,94.2208023071289,78.97859954833984
