1
242.89100646972656,208.78819274902344,109.43389892578125,102.16000366210938
256.400390625,219.77699279785156,114.89469909667969,91.29930114746094
289.0849914550781,224.72300720214844,117.00060272216797,89.052001953125
299.3865966796875,218.46380615234375,115.45899963378906,90.04560089111328
294.93170166015625,217.91830444335938,113.05249786376953,86.85990142822266
279.73480224609375,225.99850463867188,114.38300323486328,77.38629913330078
266.90869140625,225.02529907226562,117.94490051269531,85.0698013305664
267.03460693359375,223.79469299316406,111.18199920654297,104.17389678955078
257.42669677734375,247.5670928955078,112.25509643554688,94.7771987915039
253.6313018798828,240.86770629882812,110.0989990234375,100.72969818115234
264.09710693359375,236.26980590820312,109.91840362548828,101.14910125732422
269.2915954589844,225.45579528808594,109.22350311279297,99.4906997680664
262.3203125,220.7563018798828,108.04149627685547,98.45040130615234
256.3682861328125,208.9604949951172,113.38770294189453,102.10169982910156
257.8711853027344,206.2991943359375,109.92549896240234,100.52729797363281
264.5224914550781,206.6923065185547,107.41200256347656,98.17829895019531
269.93011474609375,197.92550659179688,111.6666030883789,97.37999725341797
267.50299072265625,186.6623992919922,112.93090057373047,103.21070098876953
275.4089050292969,189.60760498046875,106.49960327148438,111.22969818115234
281.04888916015625,212.389404296875,108.42410278320312,100.99579620361328
288.86248779296875,225.4971923828125,105.25910186767578,97.87750244140625
291.0087890625,227.15769958496094,106.60530090332031,101.00640106201172
277.7015075683594,239.1468963623047,112.80899810791016,91.10910034179688
248.8730926513672,242.6313934326172,111.78810119628906,93.0083999633789
229.0164031982422,243.28599548339844,108.70980072021484,91.68160247802734
215.5863037109375,224.76930236816406,106.44979858398438,99.38469696044922
205.51950073242188,183.99229431152344,110.23590087890625,111.14109802246094
204.35279846191406,166.8065948486328,109.55370330810547,106.6969985961914
211.4228973388672,164.6033935546875,109.72550201416016,97.23419952392578
226.46580505371094,173.0771026611328,110.55239868164062,98.96170043945312
245.51040649414062,178.05580139160156,103.57099914550781,102.91899871826172
250.36570739746094,180.0843963623047,104.75879669189453,101.25980377197266
256.5223083496094,185.3000946044922,107.47669982910156,103.7667007446289
264.3453063964844,211.49020385742188,111.40070343017578,92.8998031616211
289.0690002441406,231.70809936523438,105.21420288085938,100.9303970336914
295.529296875,246.1992950439453,104.24870300292969,100.34089660644531
286.4621887207031,244.36900329589844,107.87460327148438,100.18620300292969
277.5166931152344,214.38070678710938,107.7968978881836,101.70780181884766
269.4765930175781,202.34820556640625,106.54429626464844,99.25489807128906
245.46910095214844,211.1855010986328,114.91929626464844,81.70800018310547
221.65249633789062,209.0561981201172,115.93560028076172,88.92449951171875
218.82659912109375,221.76409912109375,109.05650329589844,95.06759643554688
229.31509399414062,228.72579956054688,105.67739868164062,98.05000305175781
245.6479034423828,226.66400146484375,109.72660064697266,98.3270034790039
266.5321960449219,228.1197967529297,107.94830322265625,98.06179809570312
276.3086853027344,229.91110229492188,109.20249938964844,101.50379943847656
277.1090087890625,237.8336944580078,105.4655990600586,104.17870330810547
271.21148681640625,249.66409301757812,110.78880310058594,103.90409851074219
271.0331115722656,253.32130432128906,105.41069793701172,107.283203125
274.3117980957031,256.1059875488281,106.314697265625,97.0344009399414
273.24560546875,246.6721954345703,105.83619689941406,102.12799835205078
277.0159912109375,236.54519653320312,108.14330291748047,101.53309631347656
276.7333068847656,230.1416015625,106.58709716796875,98.43199920654297
272.35198974609375,233.9980010986328,107.581298828125,98.67900085449219
261.8810119628906,238.61610412597656,107.51619720458984,103.49359893798828
256.5137023925781,241.6125030517578,102.99629974365234,97.47949981689453
253.3856964111328,231.16229248046875,104.34089660644531,99.50540161132812
253.3177032470703,216.5435028076172,106.9854965209961,99.22059631347656
251.74769592285156,216.5572052001953,104.17320251464844,98.08319854736328
242.56149291992188,220.3927001953125,103.9968032836914,97.97789764404297
251.8256072998047,223.43040466308594,105.54910278320312,101.0114974975586
263.4949035644531,227.06649780273438,105.53700256347656,100.62779998779297
280.0390930175781,224.06829833984375,103.50900268554688,94.36499786376953
289.95440673828125,214.31910705566406,105.13420104980469,88.41510009765625
293.3450012207031,192.27000427246094,107.989501953125,101.22440338134766
286.885986328125,196.48300170898438,107.2583999633789,91.94300079345703
281.9573059082031,198.42730712890625,109.34210205078125,97.2219009399414
280.9939880371094,209.25830078125,104.42849731445312,97.72370147705078
264.2466125488281,210.00999450683594,110.6094970703125,99.00769805908203
239.3876953125,203.93829345703125,110.17160034179688,94.73870086669922
224.5845947265625,194.01629638671875,102.8469009399414,92.96910095214844
220.72279357910156,195.46029663085938,104.62480163574219,100.5342025756836
227.9678955078125,214.23739624023438,107.83740234375,97.9541015625
256.97930908203125,269.8309020996094,101.84130096435547,88.77980041503906
283.0578918457031,281.34991455078125,94.4927978515625,94.731201171875
302.906005859375,264.462890625,104.38590240478516,96.3759994506836
318.973388671875,241.4761962890625,103.70279693603516,97.11579895019531
313.17510986328125,232.6352996826172,109.51249694824219,93.22429656982422
295.3490905761719,240.83619689941406,109.5728988647461,76.04620361328125
278.2489013671875,237.83349609375,100.83809661865234,88.67340087890625
254.3385009765625,238.50010681152344,95.34210205078125,96.16510009765625
227.58810424804688,237.1407012939453,101.54830169677734,95.79340362548828
252.0823974609375,236.39169311523438,95.98989868164062,92.78489685058594
293.2872009277344,237.9864959716797,94.0448989868164,95.1759033203125
317.5563049316406,234.7003936767578,98.54139709472656,97.64009857177734
332.7056884765625,230.94729614257812,102.40619659423828,94.31829833984375
340.335205078125,228.5447998046875,104.24700164794922,98.61630249023438
347.3215026855469,235.3813934326172,103.11029815673828,99.75869750976562
352.80670166015625,234.56199645996094,101.5602035522461,96.45980072021484
350.0857849121094,228.3271942138672,101.54530334472656,95.68509674072266
342.6122131347656,230.31170654296875,103.6541976928711,99.27140045166016
318.2589111328125,248.45970153808594,105.2345962524414,99.03089904785156
297.82159423828125,261.3109130859375,103.56719970703125,96.81680297851562
296.7450866699219,254.51759338378906,102.18099975585938,97.24549865722656
306.69000244140625,248.56149291992188,104.15589904785156,90.99430084228516
315.53680419921875,245.0832977294922,104.28620147705078,90.20369720458984
328.83990478515625,247.83689880371094,104.85079956054688,102.19580078125
350.3319091796875,261.0380859375,101.51570129394531,95.27020263671875
357.14959716796875,248.5998992919922,106.12560272216797,95.61540222167969
349.0090026855469,223.02960205078125,100.35420227050781,89.0011978149414
315.4042053222656,174.47000122070312,97.10780334472656,99.33180236816406
288.80029296875,161.21539306640625,100.72209930419922,96.7959976196289
280.77960205078125,166.9886016845703,103.4979019165039,101.14839935302734
280.0476989746094,192.35580444335938,102.4032974243164,91.77729797363281
271.51348876953125,209.97669982910156,105.03620147705078,97.23410034179688
247.4947967529297,230.3690948486328,110.50450134277344,94.80159759521484
227.1468048095703,241.0200958251953,107.51519775390625,98.40560150146484
221.58770751953125,242.70840454101562,100.66059875488281,94.29000091552734
224.71749877929688,242.65530395507812,97.35690307617188,97.2822036743164
233.814697265625,246.79849243164062,98.29910278320312,96.17050170898438
248.0583953857422,239.86439514160156,101.19940185546875,91.88249969482422
249.9940948486328,210.4552001953125,103.59020233154297,87.6093978881836
240.61770629882812,178.24139404296875,103.32990264892578,96.27130126953125
235.38980102539062,170.40609741210938,99.71800231933594,93.12889862060547
229.45509338378906,177.4604034423828,103.1229019165039,95.87470245361328
211.0323944091797,193.4683074951172,103.86730194091797,95.17630004882812
194.77679443359375,214.2779998779297,102.10749816894531,86.46289825439453
188.78359985351562,219.16700744628906,100.7571029663086,83.34960174560547
184.31039428710938,217.16439819335938,103.65380096435547,88.97949981689453
177.86329650878906,227.56509399414062,105.51909637451172,94.31199645996094
185.85389709472656,235.54559326171875,99.23970031738281,95.09809875488281
212.06869506835938,234.53770446777344,91.58450317382812,95.25070190429688
244.63619995117188,231.931396484375,95.45760345458984,93.31060028076172
269.65771484375,222.42669677734375,107.74859619140625,93.88909912109375
297.9914855957031,217.01409912109375,99.46150207519531,94.66320037841797
310.8323059082031,224.86000061035156,99.535400390625,92.7063980102539
310.0672912597656,245.47320556640625,105.439697265625,85.38240051269531
290.0775146484375,255.18260192871094,104.48889923095703,87.13710021972656
228.58489990234375,232.1999053955078,123.64640045166016,97.44259643554688
211.93600463867188,217.99009704589844,104.54779815673828,93.17980194091797
188.33909606933594,224.35809326171875,103.77549743652344,84.97339630126953
176.1920928955078,227.67550659179688,107.20089721679688,91.55239868164062
210.35890197753906,234.875,97.4218978881836,89.14990234375
230.01980590820312,217.20570373535156,105.35199737548828,96.28230285644531
244.0126953125,211.23350524902344,104.51480102539062,84.54319763183594
264.8528137207031,202.3892059326172,100.70670318603516,82.87429809570312
299.79779052734375,199.5760955810547,84.96430206298828,90.23829650878906
328.8782043457031,203.44810485839844,93.26249694824219,91.84459686279297
332.9446105957031,204.85220336914062,99.66110229492188,96.88379669189453
331.2804870605469,204.06239318847656,96.81900024414062,94.26290130615234
310.6792907714844,206.96910095214844,92.79409790039062,81.93699645996094
271.57611083984375,181.31329345703125,89.93090057373047,94.65840148925781
238.14169311523438,158.80589294433594,98.63150024414062,94.6436996459961
248.73779296875,145.99850463867188,102.58769989013672,93.83399963378906
286.3304138183594,140.88870239257812,95.31320190429688,92.84480285644531
296.1307067871094,130.28919982910156,100.50559997558594,92.3772964477539
303.83099365234375,116.30789947509766,97.49949645996094,95.50769805908203
303.48919677734375,122.8313980102539,98.0114974975586,100.0468978881836
302.7608947753906,152.8179931640625,101.91059875488281,94.77279663085938
307.2998046875,182.13189697265625,101.15160369873047,105.93699645996094
308.7605895996094,224.25390625,96.87799835205078,95.66000366210938
305.23089599609375,227.3715057373047,99.29540252685547,93.88040161132812
303.5176086425781,213.3876953125,98.55570220947266,94.43419647216797
297.05859375,206.04629516601562,100.4520034790039,89.73750305175781
291.231201171875,186.30059814453125,96.73159790039062,98.08470153808594
290.87689208984375,175.8404998779297,99.00679779052734,91.36969757080078
285.4949951171875,148.95449829101562,97.1063003540039,84.8125991821289
286.635986328125,103.54550170898438,102.74629974365234,83.96920013427734
309.6942138671875,94.11859893798828,96.86160278320312,75.96189880371094
329.90301513671875,109.70809936523438,91.70890045166016,80.88259887695312
334.9784851074219,147.12579345703125,94.63980102539062,82.48799896240234
323.21319580078125,178.15150451660156,99.4885025024414,83.6531982421875
301.5622863769531,195.77890014648438,101.17759704589844,83.21920013427734
289.9932861328125,209.40919494628906,100.9030990600586,86.04759979248047
279.3301086425781,230.5186004638672,102.72679901123047,80.36289978027344
270.8266906738281,228.26319885253906,100.381103515625,92.46589660644531
264.79888916015625,229.65350341796875,102.00959777832031,95.86699676513672
275.49530029296875,234.75430297851562,95.12560272216797,92.5302963256836
282.6971130371094,235.9221954345703,99.51429748535156,92.95559692382812
287.9569091796875,230.19729614257812,101.10459899902344,84.92330169677734
293.881103515625,224.48269653320312,101.24410247802734,80.92880249023438
309.0409851074219,200.41439819335938,98.54329681396484,92.87120056152344
314.9642028808594,188.14869689941406,97.3552017211914,93.19280242919922
324.0271911621094,189.82110595703125,97.39360046386719,96.43309783935547
337.331298828125,193.85659790039062,96.61470031738281,103.33679962158203
332.5271911621094,219.2938995361328,96.05269622802734,92.14790344238281
318.9834899902344,240.10809326171875,98.90640258789062,89.68060302734375
297.77130126953125,261.373291015625,100.8927001953125,84.11689758300781
276.3168029785156,262.2879943847656,97.55940246582031,96.44560241699219
264.5564880371094,262.7688903808594,98.47380065917969,90.8031997680664
260.25030517578125,257.84429931640625,95.35250091552734,89.00869750976562
248.9488067626953,236.56190490722656,93.04299926757812,95.87239837646484
233.2001953125,206.63519287109375,105.55460357666016,87.0719985961914
259.77508544921875,186.40780639648438,101.25389862060547,86.91929626464844
280.7414855957031,173.88800048828125,100.61530303955078,93.27519989013672
295.1069030761719,180.0019073486328,97.47309875488281,93.36630249023438
311.5519104003906,195.83619689941406,98.9708023071289,96.30970001220703
328.0362854003906,216.3354034423828,97.30850219726562,91.5
339.1991882324219,237.40060424804688,99.89820098876953,92.6272964477539
349.0747985839844,251.1125946044922,97.38600158691406,99.71029663085938
343.3992004394531,260.2803955078125,97.32230377197266,97.21829986572266
332.11419677734375,261.2569885253906,91.18229675292969,98.21649932861328
299.6914978027344,271.6612854003906,97.32640075683594,91.30419921875
256.75079345703125,273.4352111816406,105.84539794921875,87.40010070800781
222.1038055419922,272.601806640625,92.904296875,87.23480224609375
214.85079956054688,253.30889892578125,96.44039916992188,94.47540283203125
223.62049865722656,223.6645965576172,97.80229949951172,94.872802734375
218.22610473632812,195.85629272460938,105.04940032958984,98.16069793701172
241.08999633789062,186.0283966064453,95.86299896240234,95.35240173339844
275.3721008300781,183.88949584960938,87.15509796142578,91.69290161132812
298.118408203125,184.22059631347656,100.45459747314453,88.80110168457031
312.9819030761719,183.34320068359375,98.1980972290039,94.39520263671875
317.8424987792969,189.85479736328125,99.9229965209961,95.35449981689453
319.67840576171875,195.5915985107422,101.95079803466797,101.85459899902344
325.7349853515625,218.85440063476562,101.49440002441406,91.71549987792969
318.0415954589844,233.55230712890625,100.45580291748047,90.21219635009766
287.81561279296875,235.04420471191406,98.160400390625,85.74019622802734
241.2449951171875,235.71359252929688,105.07849884033203,81.57340240478516
200.82009887695312,233.00660705566406,100.75340270996094,87.16909790039062
178.82530212402344,227.82350158691406,103.10260009765625,95.9843978881836
199.827392578125,231.8489990234375,91.89569854736328,89.32569885253906
236.9322052001953,233.06300354003906,94.47570037841797,87.8511962890625
248.9927978515625,225.99819946289062,103.53350067138672,96.79389953613281
254.04510498046875,223.79910278320312,103.46849822998047,95.56890106201172
285.326904296875,235.48770141601562,102.25759887695312,79.61100006103516
346.16448974609375,234.4539031982422,106.78900146484375,70.94969940185547
370.2789001464844,212.71060180664062,99.30909729003906,86.81510162353516
351.7876892089844,210.52549743652344,103.75060272216797,80.23750305175781
280.23529052734375,208.21470642089844,118.80490112304688,83.89679718017578
204.76629638671875,222.89230346679688,121.26480102539062,83.73760223388672
155.37359619140625,228.7407989501953,110.61009979248047,79.2698974609375
160.1179962158203,217.3824005126953,101.45459747314453,84.72989654541016
195.92210388183594,187.44419860839844,103.46589660644531,95.65799713134766
216.8090057373047,157.95159912109375,102.69090270996094,101.90570068359375
217.03359985351562,157.97189331054688,99.34719848632812,90.76750183105469
223.50160217285156,174.65020751953125,96.05729675292969,88.1134033203125
234.28500366210938,207.96560668945312,95.46510314941406,82.39179992675781
240.0238037109375,234.11070251464844,95.706298828125,87.7239990234375
233.6009063720703,249.82200622558594,97.11260223388672,88.02120208740234
240.9320068359375,263.3854064941406,97.70130157470703,90.25679779052734
251.39979553222656,263.0530090332031,95.30419921875,92.08260345458984
239.3979949951172,266.04180908203125,100.18299865722656,81.60690307617188
212.76370239257812,264.8371887207031,108.1134033203125,77.2229995727539
226.3730926513672,273.77978515625,98.1500015258789,87.21179962158203
259.1512145996094,290.6643981933594,97.40799713134766,82.11309814453125
270.598388671875,286.8287048339844,103.12860107421875,90.41120147705078
267.09161376953125,280.22601318359375,102.71540069580078,84.75129699707031
271.1626892089844,250.82589721679688,103.00789642333984,88.79910278320312
280.7976989746094,207.7469024658203,96.83390045166016,79.35449981689453
273.7467041015625,166.50540161132812,95.75669860839844,81.66000366210938
246.87930297851562,148.7772979736328,108.7760009765625,93.89659881591797
230.81320190429688,169.6510009765625,108.27290344238281,87.36289978027344
227.87489318847656,192.98219299316406,101.85820007324219,80.46309661865234
222.93170166015625,227.01040649414062,104.05999755859375,81.77580261230469
223.852294921875,251.3625946044922,101.37300109863281,87.10710144042969
232.53480529785156,254.01170349121094,99.42569732666016,94.56410217285156
240.91329956054688,245.5782012939453,101.1521987915039,97.08090209960938
243.11959838867188,230.40899658203125,103.54840087890625,96.55570220947266
246.43719482421875,222.9821014404297,99.43340301513672,94.86170196533203
264.0317077636719,222.55490112304688,90.05460357666016,96.09410095214844
283.635986328125,214.30670166015625,97.92829895019531,93.19219970703125
281.78228759765625,205.29449462890625,100.51730346679688,90.26409912109375
265.71600341796875,196.6309051513672,102.62439727783203,83.51689910888672
278.77459716796875,179.4040069580078,102.9031982421875,91.17639923095703
294.3168029785156,179.65159606933594,100.7354965209961,90.36000061035156
296.3756103515625,193.9929962158203,99.22470092773438,98.93219757080078
285.6719055175781,228.31390380859375,93.43170166015625,96.56500244140625
274.7318115234375,253.40829467773438,95.71980285644531,93.29540252685547
286.1944885253906,260.81561279296875,94.64399719238281,93.61389923095703
283.73150634765625,257.50048828125,106.52940368652344,91.49829864501953
276.5140075683594,243.43850708007812,97.7354965209961,91.57589721679688
270.8684997558594,233.95669555664062,98.17659759521484,90.39959716796875
273.6393127441406,235.3195037841797,97.64679718017578,91.96659851074219
274.4039001464844,236.4678955078125,98.3479995727539,89.39759826660156
266.81689453125,244.45120239257812,100.17720031738281,70.82689666748047
257.2922058105469,219.20030212402344,102.9811019897461,89.56759643554688
254.2635040283203,221.28909301757812,100.27279663085938,88.0166015625
248.74639892578125,223.8865966796875,102.71849822998047,95.33450317382812
241.7104949951172,234.80209350585938,96.18550109863281,86.15910339355469
243.92430114746094,223.8896026611328,92.79830169677734,92.92620086669922
271.84368896484375,217.66310119628906,93.98590087890625,90.57060241699219
289.5044860839844,219.83360290527344,96.67369842529297,94.86000061035156
275.8030090332031,233.0623016357422,104.32640075683594,93.11360168457031
257.5721130371094,236.69729614257812,97.70950317382812,96.4271011352539
256.2106018066406,239.7830047607422,96.84649658203125,92.4352035522461
261.6733093261719,231.4626007080078,100.20110321044922,90.68280029296875
268.01141357421875,214.92140197753906,100.47200012207031,94.43450164794922
270.6131896972656,209.97300720214844,94.90859985351562,94.98059844970703
276.6330871582031,219.45449829101562,93.73600006103516,91.75140380859375
284.4299011230469,220.99710083007812,98.36190032958984,93.21399688720703
281.03118896484375,220.9427947998047,94.88349914550781,94.52739715576172
274.81048583984375,218.60659790039062,95.71369934082031,94.7854995727539
269.6062927246094,216.9748992919922,100.26100158691406,89.5093002319336
277.1465148925781,217.914306640625,97.56900024414062,95.55380249023438
275.42999267578125,225.9163055419922,98.38619995117188,96.0281982421875
270.4682922363281,246.6132049560547,99.6094970703125,88.9457015991211
263.4949035644531,244.72799682617188,97.60469818115234,94.3572998046875
271.57220458984375,243.03439331054688,101.23870086669922,87.16819763183594
282.5256042480469,218.01870727539062,98.86419677734375,96.3656005859375
284.46771240234375,218.2008056640625,99.19110107421875,90.63939666748047
275.9053039550781,226.1605987548828,97.77749633789062,92.50260162353516
267.8652038574219,236.42869567871094,99.67729949951172,92.05449676513672
264.7781066894531,236.03370666503906,99.44750213623047,87.66809844970703
268.63018798828125,208.38909912109375,101.5645980834961,97.76219940185547
274.7004089355469,202.7030029296875,100.8490982055664,93.51509857177734
273.19140625,205.35049438476562,100.13790130615234,99.92150115966797
275.9486999511719,225.19110107421875,102.86019897460938,92.52940368652344
270.519287109375,230.54820251464844,98.65070343017578,98.1093978881836
264.4706115722656,233.33689880371094,98.26080322265625,95.22509765625
264.9132995605469,232.96539306640625,101.58670043945312,91.41210174560547
267.64111328125,228.6905059814453,101.15740203857422,87.96690368652344
263.17840576171875,228.1927032470703,99.1417007446289,91.8240966796875
246.67340087890625,238.4241943359375,104.3584976196289,94.66850280761719
247.41949462890625,246.4683074951172,100.59349822998047,94.868896484375
250.21859741210938,247.2165985107422,97.57170104980469,90.62039947509766
253.2418975830078,236.5637969970703,97.77790069580078,92.43240356445312
252.51060485839844,231.30580139160156,96.90049743652344,93.34040069580078
246.0854949951172,237.2534942626953,102.4520034790039,96.53359985351562
249.58419799804688,253.43490600585938,100.51629638671875,89.65619659423828
254.7322998046875,256.38848876953125,96.38790130615234,93.57330322265625
253.7335968017578,259.19781494140625,96.94219970703125,91.53880310058594
252.17649841308594,259.7305908203125,99.0103988647461,90.08190155029297
246.1074981689453,258.7351989746094,104.11820220947266,87.98809814453125
241.69400024414062,248.7082061767578,98.95379638671875,90.71440124511719
238.07269287109375,244.2436065673828,103.71019744873047,90.20899963378906
238.4698028564453,228.9571990966797,104.95189666748047,91.19850158691406
239.4243927001953,219.33120727539062,100.02790069580078,91.64949798583984
240.064697265625,218.15829467773438,99.16290283203125,90.55470275878906
241.2364959716797,221.24859619140625,101.88200378417969,90.50389862060547
246.53379821777344,217.8824005126953,99.48629760742188,93.53299713134766
244.1230010986328,208.0655975341797,108.11389923095703,92.44860076904297
253.63949584960938,205.98849487304688,99.99459838867188,91.61540222167969
247.71600341796875,217.93789672851562,104.22219848632812,89.95159912109375
254.60940551757812,231.97999572753906,101.0457992553711,92.39550018310547
258.2414855957031,238.72720336914062,97.78119659423828,95.247802734375
256.0513000488281,237.9918975830078,95.37770080566406,89.10970306396484
253.37539672851562,229.2490997314453,100.65440368652344,91.56430053710938
265.6698913574219,221.2675018310547,101.05650329589844,92.65119934082031
264.6910095214844,223.29629516601562,103.01860046386719,93.3416976928711
262.94329833984375,234.2006072998047,104.54090118408203,92.81900024414062
256.518310546875,236.88729858398438,100.56379699707031,91.35189819335938
251.752197265625,237.10220336914062,98.80239868164062,89.20610046386719
250.90069580078125,226.0751953125,102.95549774169922,90.97029876708984
254.0308074951172,223.57470703125,101.70099639892578,90.3115005493164
243.36669921875,237.5301055908203,95.9209976196289,91.2509994506836
237.1614990234375,249.0635986328125,101.23670196533203,90.22309875488281
241.37669372558594,251.44320678710938,98.26860046386719,89.77960205078125
256.98760986328125,250.39590454101562,95.27729797363281,90.42169952392578
270.8310852050781,242.3376007080078,105.98280334472656,91.46489715576172
282.2695007324219,226.0081024169922,97.24639892578125,92.21179962158203
261.1697998046875,233.08889770507812,108.82510375976562,92.51959991455078
237.7615966796875,246.40589904785156,108.42120361328125,88.1072006225586
270.2491149902344,260.47021484375,92.02970123291016,79.27259826660156
285.02191162109375,249.44149780273438,100.7822036743164,89.4530029296875
275.5492858886719,234.76100158691406,106.11109924316406,90.36389923095703
259.4056091308594,224.81900024414062,97.98100280761719,88.75789642333984
237.87399291992188,227.57949829101562,101.72810363769531,90.76470184326172
237.80299377441406,228.33070373535156,98.88359832763672,90.32469940185547
241.57679748535156,228.79710388183594,98.25399780273438,89.71710205078125
241.49949645996094,227.00050354003906,97.78849792480469,87.61579895019531
236.35069274902344,225.92320251464844,96.502197265625,89.8552017211914
234.32620239257812,226.52560424804688,100.90249633789062,88.99539947509766
242.65089416503906,231.51319885253906,97.99579620361328,94.14469909667969
238.88510131835938,243.1280059814453,104.98069763183594,90.84449768066406
260.2391052246094,261.36639404296875,100.10970306396484,78.36070251464844
305.2546081542969,266.4695129394531,109.29340362548828,72.4281005859375
315.72491455078125,249.5924072265625,102.39320373535156,83.29830169677734
287.2112121582031,253.81089782714844,107.48529815673828,75.72689819335938
236.33189392089844,267.7182922363281,111.1675033569336,77.07230377197266
215.68829345703125,271.94049072265625,104.75559997558594,88.72309875488281
226.35369873046875,271.19891357421875,99.4374008178711,89.4031982421875
249.57040405273438,269.78839111328125,100.92459869384766,83.10600280761719
255.7071990966797,257.7856140136719,98.67610168457031,86.0602035522461
249.1584014892578,259.7247009277344,95.92880249023438,90.65010070800781
228.52259826660156,261.6075134277344,98.20970153808594,87.32160186767578
219.5926971435547,262.83660888671875,95.61199951171875,87.48380279541016
228.3939971923828,265.0766906738281,95.58300018310547,87.5635986328125
242.1884002685547,266.42401123046875,99.2886962890625,87.51920318603516
246.32369995117188,258.8450012207031,98.57140350341797,88.42680358886719
243.45770263671875,255.00729370117188,99.97450256347656,85.65460205078125
235.2082977294922,254.54200744628906,98.76699829101562,83.10070037841797
236.04310607910156,249.2996063232422,101.59239959716797,84.40540313720703
248.04249572753906,238.98289489746094,96.51409912109375,83.57489776611328
246.5084991455078,229.13999938964844,101.25430297851562,87.16480255126953
248.68099975585938,226.6678009033203,94.3009033203125,85.6709976196289
244.32040405273438,217.96800231933594,98.76329803466797,87.86479949951172
248.91119384765625,214.59739685058594,99.56179809570312,87.4011001586914
249.79879760742188,234.39340209960938,101.43579864501953,72.26629638671875
244.61410522460938,265.1929016113281,98.98580169677734,73.86209869384766
231.27000427246094,290.010498046875,100.5510025024414,81.6697006225586
226.53700256347656,292.30859375,99.6063003540039,77.58450317382812
235.01499938964844,277.7986145019531,104.03900146484375,70.60890197753906
243.48159790039062,257.7587890625,102.11509704589844,71.193603515625
253.34080505371094,237.71429443359375,100.8115005493164,76.60060119628906
254.66189575195312,222.8031005859375,104.12059783935547,71.20929718017578
255.8249969482422,210.4658966064453,95.3948974609375,72.7239990234375
249.39520263671875,193.01409912109375,97.25060272216797,72.62000274658203
248.77439880371094,178.9178009033203,99.53150177001953,73.72270202636719
253.9207000732422,162.93499755859375,95.96499633789062,81.43509674072266
258.1893005371094,180.08160400390625,102.99590301513672,71.79769897460938
267.48419189453125,198.3347930908203,100.42880249023438,70.99520111083984
268.8898010253906,216.95249938964844,100.00360107421875,76.94940185546875
278.9442138671875,244.8114013671875,97.94319915771484,76.39089965820312
276.60479736328125,241.98089599609375,95.41349792480469,75.58209991455078
274.1842041015625,225.5272979736328,97.84100341796875,70.83999633789062
269.5741882324219,201.4049072265625,101.37779998779297,86.79660034179688
290.3233947753906,202.70480346679688,100.53260040283203,81.53150177001953
311.0461120605469,219.69729614257812,99.10559844970703,71.44100189208984
315.27520751953125,216.88839721679688,99.39430236816406,83.57759857177734
306.9464111328125,218.45880126953125,96.70929718017578,89.44170379638672
290.9556884765625,221.2001953125,97.54949951171875,89.6146011352539
296.65570068359375,225.07760620117188,93.918701171875,88.46739959716797
296.74969482421875,254.60589599609375,98.21179962158203,74.84339904785156
305.4963073730469,282.7055969238281,99.77960205078125,70.3864974975586
310.4335021972656,278.7237854003906,100.42179870605469,85.53410339355469
307.63189697265625,285.88958740234375,95.00399780273438,67.54820251464844
296.66571044921875,263.11151123046875,95.71790313720703,73.40730285644531
292.409912109375,236.4456024169922,93.46759796142578,74.88259887695312
288.4617919921875,219.16290283203125,95.16580200195312,72.39640045166016
284.8837890625,202.00039672851562,98.57369995117188,81.73590087890625
284.50048828125,215.86199951171875,98.76950073242188,76.5687026977539
294.5487060546875,237.38160705566406,99.62129974365234,69.30670166015625
308.2460021972656,234.0865020751953,99.66329956054688,80.03730010986328
306.4440002441406,232.53610229492188,99.29309844970703,84.1897964477539
303.2430114746094,242.5944061279297,103.1509017944336,82.69930267333984
298.7257080078125,250.12570190429688,98.78109741210938,86.51730346679688
293.34521484375,249.0135955810547,94.92639923095703,86.25409698486328
290.73858642578125,245.4801025390625,101.20700073242188,78.4572982788086
289.9653015136719,234.85040283203125,97.78720092773438,76.57029724121094
293.658203125,211.46080017089844,99.08989715576172,85.91899871826172
298.7055969238281,205.34579467773438,98.86170196533203,81.28070068359375
294.52410888671875,199.63710021972656,100.02770233154297,84.17070007324219
300.8340148925781,197.21730041503906,95.44999694824219,86.19300079345703
307.1626892089844,208.3865966796875,100.36609649658203,85.37899780273438
330.02679443359375,228.03759765625,93.77439880371094,81.29180145263672
327.1684875488281,246.8271942138672,102.9822998046875,79.56880187988281
312.1554870605469,259.8197937011719,96.02950286865234,79.17389678955078
283.6924133300781,261.485595703125,92.90450286865234,80.94969940185547
266.5531921386719,255.46710205078125,90.78610229492188,78.622802734375
247.00779724121094,243.3762969970703,93.79100036621094,88.24639892578125
229.07949829101562,224.73980712890625,95.66840362548828,87.29139709472656
225.92449951171875,190.76780700683594,100.33039855957031,87.56079864501953
249.529296875,178.58770751953125,97.49829864501953,85.4365005493164
274.185791015625,186.826904296875,87.6552963256836,85.2770004272461
278.46148681640625,205.03030395507812,94.68340301513672,76.87699890136719
280.71270751953125,206.42190551757812,90.91290283203125,83.65840148925781
286.7466125488281,208.16400146484375,88.57559967041016,86.9552001953125
291.8362121582031,212.85350036621094,90.22270202636719,82.80570220947266
294.6517028808594,213.4730987548828,89.16230010986328,83.31809997558594
296.60400390625,215.2263946533203,87.3595962524414,84.80400085449219
296.49639892578125,218.87229919433594,86.22489929199219,82.79389953613281
