1
206.4145050048828,28.83769989013672,92.6624984741211,92.77670288085938
212.53050231933594,31.661699295043945,91.69830322265625,98.56710052490234
218.22569274902344,36.666900634765625,91.46179962158203,94.44719696044922
222.32699584960938,42.16529846191406,92.10099792480469,96.11000061035156
227.8863067626953,49.1879997253418,92.3584976196289,96.72730255126953
231.78720092773438,56.186500549316406,91.46910095214844,95.08940124511719
236.31199645996094,60.62110137939453,88.94010162353516,108.05770111083984
241.99659729003906,62.624298095703125,87.14009857177734,97.50520324707031
243.83749389648438,59.60710144042969,85.035400390625,99.84480285644531
242.8636016845703,54.49850082397461,88.29669952392578,100.63159942626953
244.22329711914062,48.23820114135742,88.69450378417969,96.33170318603516
243.4539031982422,41.22520065307617,88.27400207519531,94.54679870605469
246.57110595703125,35.18619918823242,84.92649841308594,97.15769958496094
245.50559997558594,31.270000457763672,84.88780212402344,103.38849639892578
244.39810180664062,28.50670051574707,83.19450378417969,105.76360321044922
244.4188995361328,28.200300216674805,81.58419799804688,92.73660278320312
244.48770141601562,26.54509925842285,79.997802734375,92.82080078125
242.68460083007812,26.749000549316406,81.05439758300781,89.31199645996094
241.07110595703125,28.694799423217773,79.42870330810547,80.71749877929688
238.89959716796875,29.877500534057617,79.21299743652344,87.13619995117188
236.51300048828125,35.25040054321289,80.44529724121094,87.33159637451172
234.16079711914062,41.382999420166016,81.58460235595703,87.88529968261719
234.1147003173828,47.30440139770508,78.5093994140625,89.39859771728516
233.1304931640625,54.742801666259766,76.20770263671875,89.54969787597656
232.40719604492188,62.1431999206543,73.69139862060547,89.9303970336914
230.37840270996094,69.0082015991211,75.0386962890625,88.45909881591797
229.46099853515625,76.35060119628906,75.43550109863281,83.55719757080078
228.6811065673828,82.79460144042969,76.85990142822266,84.76850128173828
226.3123016357422,89.60590362548828,76.13860321044922,84.4281005859375
226.81370544433594,96.47540283203125,72.12539672851562,84.10479736328125
222.10569763183594,103.63729858398438,76.05690002441406,79.677001953125
219.2017059326172,105.90280151367188,78.32389831542969,79.66999816894531
222.56640625,103.90869903564453,72.56919860839844,86.96630096435547
220.41099548339844,100.810302734375,73.86260223388672,83.71949768066406
222.41470336914062,96.86250305175781,70.29820251464844,82.2886962890625
216.66029357910156,93.4363021850586,76.18720245361328,81.20220184326172
215.1343994140625,87.72059631347656,76.96710205078125,84.40640258789062
214.01280212402344,81.69280242919922,77.07460021972656,85.36959838867188
215.30990600585938,75.84249877929688,75.51069641113281,82.91799926757812
214.418701171875,70.98410034179688,75.427001953125,81.8727035522461
214.13999938964844,65.2948989868164,76.39790344238281,86.13510131835938
214.31210327148438,60.250999450683594,74.69950103759766,90.91649627685547
213.73269653320312,55.73529815673828,73.43280029296875,86.47820281982422
215.5579071044922,51.984798431396484,70.86720275878906,84.2645034790039
215.11839294433594,49.87820053100586,70.98999786376953,78.94760131835938
214.6656036376953,46.50859832763672,71.12069702148438,83.12519836425781
215.80039978027344,46.19990158081055,68.3427963256836,82.0270004272461
215.85679626464844,45.66590118408203,70.2593994140625,87.77279663085938
218.231201171875,48.950599670410156,68.9937973022461,87.7074966430664
218.92449951171875,55.91019821166992,69.53170013427734,88.125
219.05569458007812,63.581298828125,71.0708999633789,88.21649932861328
218.74290466308594,73.78880310058594,72.80329895019531,87.00019836425781
218.4456024169922,83.56639862060547,74.97450256347656,87.74659729003906
218.0863037109375,90.2688980102539,74.89659881591797,87.02429962158203
216.61309814453125,97.0602035522461,76.78209686279297,85.88059997558594
218.2238006591797,100.92169952392578,78.37000274658203,86.97930145263672
219.99710083007812,104.65450286865234,78.16459655761719,81.41780090332031
223.3809051513672,104.76490020751953,77.72730255126953,80.14739990234375
227.63999938964844,101.7593002319336,77.07260131835938,85.4092025756836
229.6549072265625,100.28710174560547,76.5999984741211,86.75630187988281
233.78370666503906,98.97119903564453,72.29209899902344,81.70050048828125
236.70730590820312,97.35289764404297,71.39669799804688,84.49819946289062
238.5789031982422,96.90640258789062,71.80960083007812,82.2261962890625
238.860107421875,95.78589630126953,73.48539733886719,89.17070007324219
239.0751953125,95.63040161132812,77.62149810791016,87.89920043945312
242.2873992919922,95.3853988647461,74.40589904785156,81.24929809570312
241.6923065185547,95.92939758300781,77.28070068359375,75.89409637451172
241.9095001220703,90.356201171875,79.51249694824219,81.17400360107422
241.35350036621094,85.64420318603516,77.97830200195312,80.15170288085938
240.65469360351562,81.33879852294922,78.96389770507812,80.0186996459961
238.8157958984375,75.9269027709961,76.2771987915039,77.05690002441406
237.33090209960938,70.15170288085938,75.67379760742188,80.45459747314453
236.8612060546875,65.1593017578125,72.64430236816406,84.56909942626953
232.0749053955078,65.84400177001953,75.03939819335938,92.16790008544922
230.78860473632812,72.0155029296875,71.43049621582031,95.2146987915039
230.3928985595703,79.56739807128906,68.63870239257812,95.0636978149414
229.09339904785156,87.88020324707031,69.18460083007812,92.7260971069336
224.04379272460938,96.12339782714844,74.49710083007812,93.26139831542969
219.84249877929688,102.27030181884766,77.55960083007812,92.41999816894531
221.59100341796875,104.53569793701172,77.55390167236328,86.00740051269531
222.21600341796875,102.43180084228516,78.9552001953125,85.54239654541016
225.04429626464844,99.11219787597656,80.4197006225586,81.36689758300781
235.2075958251953,92.66400146484375,68.37259674072266,89.7291030883789
236.40609741210938,91.87920379638672,70.7156982421875,82.67900085449219
240.26519775390625,90.99710083007812,70.69869995117188,84.16529846191406
240.75120544433594,96.55390167236328,75.79229736328125,81.41829681396484
244.4049072265625,99.62590026855469,75.89109802246094,82.34770202636719
248.54159545898438,103.60980224609375,73.77059936523438,75.49960327148438
251.41580200195312,107.09300231933594,72.78890228271484,74.6802978515625
252.84840393066406,106.97779846191406,74.34159851074219,78.40779876708984
253.42349243164062,106.443603515625,77.45179748535156,73.74739837646484
256.46148681640625,100.72709655761719,71.1885986328125,73.16329956054688
256.0138854980469,94.42050170898438,73.60790252685547,76.79450225830078
256.2699890136719,86.52410125732422,74.48300170898438,74.03279876708984
254.4384002685547,79.66120147705078,76.1155014038086,74.68599700927734
252.45669555664062,71.34390258789062,75.57779693603516,78.95099639892578
251.2949981689453,66.5593032836914,72.82859802246094,83.30419921875
246.19219970703125,69.25039672851562,71.89510345458984,80.60759735107422
246.24510192871094,75.3364028930664,64.7572021484375,83.47039794921875
241.67950439453125,82.75350189208984,68.33000183105469,90.52290344238281
237.50909423828125,92.87680053710938,72.24310302734375,87.9551010131836
233.3582000732422,101.74720001220703,76.71050262451172,87.99259948730469
231.4552001953125,108.21240234375,77.51119995117188,86.4999008178711
235.5303955078125,109.52660369873047,74.6697998046875,85.25659942626953
237.31649780273438,107.08830261230469,78.6144027709961,87.69869995117188
240.52960205078125,104.59539794921875,82.5635986328125,92.93800354003906
248.78590393066406,101.6532974243164,77.943603515625,88.08190155029297
254.68719482421875,99.28240203857422,75.10179901123047,87.4114990234375
258.90631103515625,96.70339965820312,71.66739654541016,88.88760375976562
261.0552062988281,97.043701171875,74.88610076904297,85.46050262451172
265.7309875488281,97.64630126953125,72.37950134277344,83.0186996459961
265.2554931640625,100.99320220947266,75.0248031616211,78.27670288085938
265.502685546875,101.79429626464844,77.95500183105469,75.10430145263672
265.8559875488281,103.20320129394531,78.14360046386719,75.06300354003906
266.497802734375,102.10089874267578,77.64630126953125,73.71160125732422
264.6358947753906,97.32569885253906,81.79550170898438,78.16570281982422
265.3063049316406,90.5259017944336,78.13079833984375,84.66739654541016
262.1585998535156,81.99240112304688,78.79129791259766,92.52519989013672
260.6317138671875,73.55889892578125,75.1864013671875,85.84750366210938
260.7139892578125,63.9546012878418,68.30000305175781,87.36170196533203
256.3998107910156,62.28770065307617,68.46869659423828,79.79499816894531
251.19020080566406,63.581298828125,72.09339904785156,84.44619750976562
247.11570739746094,68.07679748535156,73.04620361328125,86.37370300292969
242.8079071044922,76.60780334472656,74.57939910888672,86.46530151367188
238.9530029296875,86.01719665527344,75.91819763183594,83.72869873046875
234.2548065185547,92.97760009765625,78.9561996459961,84.4397964477539
232.9456024169922,94.73509979248047,78.76480102539062,87.4739990234375
234.55799865722656,93.18419647216797,77.5155029296875,87.64929962158203
233.79319763183594,92.21759796142578,80.71179962158203,86.78469848632812
239.82150268554688,87.60780334472656,73.6852035522461,83.66459655761719
243.17080688476562,83.45709991455078,74.73690032958984,85.9197998046875
247.08889770507812,80.98529815673828,73.67559814453125,88.30889892578125
248.5155029296875,82.14620208740234,75.46440124511719,93.80850219726562
248.8708953857422,84.24079895019531,75.83280181884766,92.55789947509766
251.94720458984375,88.0519027709961,73.30419921875,82.58460235595703
252.9174041748047,89.46900177001953,76.52279663085938,83.41529846191406
253.5915069580078,87.78559875488281,76.7761001586914,86.77510070800781
254.2075958251953,84.2499008178711,74.10209655761719,86.51000213623047
255.0655059814453,83.25039672851562,72.466796875,81.72869873046875
253.60989379882812,79.25199890136719,75.15979766845703,86.96610260009766
250.47689819335938,74.09760284423828,75.44860076904297,88.25029754638672
248.75140380859375,66.00559997558594,72.99320220947266,90.48600006103516
248.20779418945312,54.79119873046875,66.52469635009766,98.53089904785156
244.91819763183594,53.81760025024414,66.50140380859375,96.3416976928711
239.86839294433594,55.91899871826172,70.59619903564453,78.76200103759766
237.21119689941406,62.84230041503906,71.72779846191406,81.52369689941406
233.8939971923828,73.16639709472656,74.99400329589844,85.88790130615234
234.06590270996094,83.23320007324219,73.73529815673828,84.04100036621094
235.72250366210938,89.6436996459961,72.62449645996094,83.70939636230469
237.88040161132812,95.99130249023438,75.96920013427734,80.95480346679688
241.2635955810547,96.96520233154297,77.29769897460938,79.46849822998047
245.64039611816406,94.8218994140625,74.9176025390625,80.2667007446289
251.2122039794922,90.060302734375,73.20429992675781,81.55229949951172
253.0417938232422,85.59529876708984,71.64289855957031,81.83200073242188
256.025390625,82.15899658203125,70.10279846191406,78.17469787597656
257.05560302734375,79.28359985351562,70.20570373535156,74.70240020751953
258.2182922363281,75.38760375976562,68.08090209960938,81.15779876708984
256.894287109375,73.0779037475586,70.59410095214844,79.7780990600586
256.787109375,70.05970001220703,70.54530334472656,79.67769622802734
256.9643859863281,66.8125991821289,69.393798828125,89.52880096435547
257.1824951171875,65.0509033203125,68.82640075683594,100.08159637451172
256.789794921875,63.558998107910156,66.10710144042969,100.79620361328125
253.8321990966797,62.10179901123047,68.89610290527344,86.63939666748047
253.95230102539062,60.89569854736328,68.24040222167969,91.66220092773438
252.0460968017578,60.619998931884766,68.25090026855469,87.82939910888672
255.14340209960938,61.44919967651367,65.45960235595703,75.99140167236328
256.0548095703125,63.13890075683594,62.52090072631836,72.80680084228516
255.33290100097656,67.40010070800781,63.23509979248047,72.97660064697266
256.581787109375,73.33789825439453,60.50189971923828,77.54350280761719
254.1533966064453,83.59429931640625,63.015499114990234,76.11589813232422
253.0467071533203,93.31849670410156,61.76459884643555,76.59760284423828
250.50599670410156,100.72799682617188,65.38269805908203,77.68240356445312
248.64639282226562,106.02780151367188,67.23519897460938,80.98359680175781
245.2200927734375,110.63079833984375,72.32499694824219,82.61150360107422
246.35719299316406,111.25440216064453,67.92350006103516,82.20929718017578
246.90150451660156,111.25959777832031,67.57669830322266,78.48889923095703
246.8072967529297,110.14910125732422,65.65080261230469,83.08809661865234
247.27200317382812,108.28109741210938,64.05979919433594,80.86900329589844
245.970703125,103.54850006103516,64.10240173339844,82.80239868164062
243.88369750976562,101.65059661865234,66.2417984008789,79.43689727783203
242.4394989013672,99.8927993774414,66.8582992553711,80.51529693603516
242.24600219726562,100.35320281982422,66.43769836425781,78.92890167236328
241.42230224609375,100.29759979248047,67.13240051269531,78.19830322265625
239.84620666503906,99.86849975585938,68.4751968383789,76.42960357666016
239.51519775390625,101.42530059814453,68.47090148925781,69.247802734375
238.79989624023438,101.2177963256836,69.1803970336914,65.05609893798828
239.13560485839844,98.10530090332031,65.83399963378906,63.02939987182617
237.81320190429688,92.79060363769531,66.37930297851562,63.67060089111328
236.9553985595703,87.32579803466797,65.13469696044922,67.19840240478516
237.14700317382812,83.92120361328125,62.66569900512695,64.21029663085938
237.2440948486328,81.63390350341797,61.66059875488281,65.84390258789062
237.3488006591797,85.81490325927734,62.52159881591797,65.5280990600586
239.37510681152344,90.43820190429688,58.84560012817383,71.59100341796875
234.24749755859375,97.36129760742188,65.04989624023438,77.81919860839844
230.83689880371094,103.05780029296875,68.26699829101562,87.50800323486328
228.79409790039062,111.19719696044922,67.49440002441406,82.46479797363281
225.7071075439453,117.26069641113281,68.84760284423828,80.33609771728516
222.9783935546875,121.87409973144531,67.9011001586914,78.64640045166016
221.95899963378906,121.45970153808594,67.90640258789062,78.74530029296875
222.0220947265625,119.12470245361328,63.52730178833008,80.74230194091797
220.60389709472656,114.31719970703125,62.77980041503906,87.65869903564453
217.83349609375,109.77989959716797,62.332298278808594,82.52570343017578
215.1988067626953,103.14080047607422,66.7020034790039,84.1615982055664
215.6125946044922,98.7781982421875,65.53379821777344,81.77580261230469
215.06089782714844,92.6436996459961,67.55130004882812,79.9031982421875
214.99929809570312,88.86849975585938,68.76229858398438,79.94560241699219
216.1125030517578,83.72730255126953,71.29930114746094,78.53209686279297
215.99020385742188,78.99369812011719,69.99310302734375,76.49690246582031
214.80870056152344,74.24520111083984,75.64969635009766,80.84459686279297
213.597900390625,72.52559661865234,77.01689910888672,79.9271011352539
212.17190551757812,71.40470123291016,78.29399871826172,79.8364028930664
210.68080139160156,71.8499984741211,77.18099975585938,73.89289855957031
210.9875946044922,72.52400207519531,63.20880126953125,73.74739837646484
209.7178955078125,74.64420318603516,64.20610046386719,77.62899780273438
209.19140625,79.34449768066406,60.05910110473633,77.03929901123047
207.1436004638672,83.83699798583984,65.23600006103516,79.26119995117188
207.14849853515625,90.73259735107422,62.66899871826172,78.76969909667969
206.5738983154297,97.1760025024414,62.66320037841797,74.31159973144531
206.09930419921875,102.19010162353516,60.745601654052734,74.73480224609375
204.29310607910156,106.36979675292969,63.279598236083984,74.51270294189453
202.75160217285156,105.62329864501953,63.20759963989258,74.12259674072266
200.9163055419922,106.55690002441406,60.67390060424805,73.12840270996094
198.42489624023438,104.40789794921875,64.00650024414062,76.5719985961914
197.8820037841797,102.51100158691406,60.55099868774414,74.16339874267578
195.7144012451172,100.15660095214844,62.338199615478516,75.2322998046875
193.80889892578125,95.7260971069336,64.96929931640625,75.57350158691406
193.54029846191406,93.07779693603516,64.05419921875,72.0947036743164
193.91119384765625,89.81719970703125,65.41239929199219,73.50379943847656
194.11279296875,86.93399810791016,65.52339935302734,74.29419708251953
193.6739959716797,86.08219909667969,66.86759948730469,73.11720275878906
192.66720581054688,86.55069732666016,71.9728012084961,72.1854019165039
191.97659301757812,86.28800201416016,80.99140167236328,74.97969818115234
192.01449584960938,86.14620208740234,77.7333984375,74.27040100097656
192.65310668945312,87.04759979248047,76.777099609375,79.90129852294922
194.36520385742188,89.0613021850586,72.5281982421875,78.00160217285156
193.86419677734375,92.08830261230469,71.4623031616211,77.47650146484375
198.00230407714844,94.83930206298828,66.80220031738281,79.0176010131836
200.27029418945312,98.91179656982422,65.6166000366211,76.10089874267578
201.5670928955078,103.73660278320312,66.99449920654297,75.07579803466797
208.94540405273438,107.87930297851562,61.18090057373047,79.29859924316406
210.11570739746094,112.81919860839844,61.446998596191406,77.74649810791016
213.10980224609375,117.54219818115234,60.095001220703125,79.02539825439453
215.2490997314453,122.7113037109375,60.61370086669922,77.80079650878906
214.62130737304688,127.26180267333984,61.72249984741211,74.5824966430664
216.3560028076172,129.9980010986328,63.167701721191406,73.2969970703125
218.2696990966797,130.8988037109375,62.31050109863281,81.20719909667969
218.88400268554688,131.4528045654297,64.30889892578125,95.07749938964844
227.1761016845703,130.7490997314453,55.54800033569336,92.39959716796875
226.43930053710938,130.92869567871094,58.34230041503906,91.00599670410156
226.37240600585938,129.66700744628906,60.1171989440918,88.98970031738281
