1
28.29990005493164,60.53099822998047,77.6177978515625,84.05999755859375
36.03850173950195,66.1281967163086,73.17530059814453,85.8938980102539
42.95220184326172,72.77880096435547,75.94319915771484,81.3373031616211
56.374900817871094,75.95439910888672,70.01619720458984,81.8666000366211
63.38330078125,78.97059631347656,68.3240966796875,79.92610168457031
70.26300048828125,84.42549896240234,71.00509643554688,76.89009857177734
78.0728988647461,85.64739990234375,72.83580017089844,77.30829620361328
91.71839904785156,88.24710083007812,69.58090209960938,82.96880340576172
99.60970306396484,91.61090087890625,69.89320373535156,80.12449645996094
114.11959838867188,94.2938003540039,64.4937973022461,86.01210021972656
122.06050109863281,94.7074966430664,61.721500396728516,81.33300018310547
128.7480010986328,93.65879821777344,60.774898529052734,82.71369934082031
134.40570068359375,92.23780059814453,62.39250183105469,78.5791015625
140.33290100097656,89.41909790039062,58.99440002441406,76.529296875
144.07159423828125,86.80359649658203,58.732398986816406,73.87460327148438
148.14590454101562,83.01750183105469,60.75619888305664,78.16179656982422
153.59390258789062,80.12560272216797,62.153499603271484,75.82369995117188
161.6175994873047,75.45809936523438,66.24120330810547,78.4884033203125
176.26809692382812,74.38829803466797,64.45269775390625,73.9229965209961
188.34579467773438,76.0438003540039,74.05960083007812,73.4574966430664
210.1739959716797,73.93509674072266,65.96730041503906,74.38420104980469
224.960693359375,75.0696029663086,67.25589752197266,77.67520141601562
240.0843048095703,72.36100006103516,65.58769989013672,78.47429656982422
257.551513671875,72.39559936523438,61.993099212646484,76.59629821777344
273.6841125488281,76.05130004882812,57.87120056152344,75.23370361328125
284.8591003417969,74.84030151367188,60.10380172729492,71.92160034179688
293.14300537109375,72.18109893798828,59.157100677490234,72.48670196533203
297.1086120605469,69.80780029296875,55.39659881591797,75.14219665527344
295.87811279296875,68.79019927978516,57.138099670410156,74.78240203857422
289.89111328125,68.2511978149414,57.17279815673828,79.93049621582031
277.4779052734375,67.79299926757812,59.894901275634766,80.06089782714844
263.485595703125,66.7864990234375,60.65250015258789,82.24919891357422
248.739501953125,65.16799926757812,64.31759643554688,81.48609924316406
235.25999450683594,64.00830078125,65.68209838867188,86.66600036621094
220.55259704589844,65.69020080566406,69.74210357666016,83.36239624023438
205.37010192871094,65.95130157470703,67.82859802246094,86.81330108642578
189.59030151367188,66.01080322265625,66.87159729003906,84.29850006103516
178.298095703125,70.96620178222656,66.7345962524414,81.8302001953125
170.1945037841797,72.48809814453125,62.50910186767578,87.75160217285156
159.41099548339844,83.31410217285156,66.30349731445312,81.3656005859375
150.1123046875,85.26190185546875,66.64250183105469,77.8927001953125
142.06309509277344,92.65460205078125,67.22350311279297,71.98650360107422
135.68829345703125,97.92130279541016,66.42510223388672,66.97049713134766
128.24920654296875,90.98069763183594,68.78900146484375,75.43419647216797
124.30840301513672,91.72699737548828,65.62999725341797,78.94960021972656
121.43209838867188,93.27539825439453,64.70790100097656,76.08570098876953
118.19110107421875,91.46710205078125,64.12010192871094,76.20880126953125
110.59220123291016,89.54329681396484,71.30690002441406,76.89679718017578
107.60099792480469,86.908203125,72.60379791259766,79.1614990234375
107.60579681396484,89.33540344238281,73.09709930419922,76.45279693603516
108.24079895019531,87.9260025024414,77.68270111083984,78.42140197753906
116.4010009765625,89.714599609375,76.32839965820312,82.73090362548828
128.0670928955078,89.4926986694336,75.08460235595703,78.35209655761719
152.11160278320312,86.88729858398438,66.62830352783203,75.17539978027344
172.04739379882812,81.69120025634766,66.38379669189453,78.01200103759766
187.00059509277344,79.5282974243164,69.46320343017578,75.6812973022461
210.38760375976562,81.83940124511719,68.11080169677734,70.35420227050781
228.19720458984375,81.36499786376953,62.26810073852539,72.19740295410156
243.32229614257812,81.29840087890625,65.63680267333984,72.6686019897461
257.4359130859375,80.71309661865234,66.52970123291016,73.43699645996094
271.90771484375,80.24320220947266,63.50669860839844,75.6760025024414
286.80731201171875,75.05239868164062,63.02439880371094,76.87159729003906
297.16259765625,71.40249633789062,63.27840042114258,75.02999877929688
302.52801513671875,68.45890045166016,64.61260223388672,78.14749908447266
309.04730224609375,66.24420166015625,62.01499938964844,76.08679962158203
309.0946960449219,63.28929901123047,65.74579620361328,82.63700103759766
306.54998779296875,61.337501525878906,64.3207015991211,81.27680206298828
298.3847961425781,67.32759857177734,67.78559875488281,79.5875015258789
282.5950012207031,67.90560150146484,70.11100006103516,86.76899719238281
262.3337097167969,69.27310180664062,74.30110168457031,93.47200012207031
242.8419952392578,67.13459777832031,73.27200317382812,99.50379943847656
222.8719024658203,68.7249984741211,74.21209716796875,95.98380279541016
193.94320678710938,74.41850280761719,87.11360168457031,87.0343017578125
170.33799743652344,84.33899688720703,89.79109954833984,80.7771987915039
150.34719848632812,76.56710052490234,80.28959655761719,98.53910064697266
122.33159637451172,80.68350219726562,96.84190368652344,97.71330261230469
101.49669647216797,75.31749725341797,98.2582015991211,103.0197982788086
76.60669708251953,69.31340026855469,106.79759979248047,104.4937973022461
59.66339874267578,67.45020294189453,104.09290313720703,95.94650268554688
40.32059860229492,59.57229995727539,104.8936996459961,97.53279876708984
23.52739906311035,52.94779968261719,109.32759857177734,100.20880126953125
0.5095000267028809,66.83509826660156,127.66320037841797,93.05889892578125
-4.210999965667725,64.65740203857422,121.48040008544922,93.7948989868164
-8.739500045776367,65.1395034790039,109.27030181884766,90.64600372314453
-3.576900005340576,71.27510070800781,99.4136962890625,81.71389770507812
2.0130999088287354,73.34369659423828,87.38059997558594,76.00679779052734
-6.408199787139893,88.95670318603516,68.61940002441406,75.96839904785156
-1.2127000093460083,94.86620330810547,58.4286003112793,66.90540313720703
3.802799940109253,87.5165023803711,63.26570129394531,63.783199310302734
4.749800205230713,90.80059814453125,67.33059692382812,66.52040100097656
1.8355000019073486,88.77670288085938,75.83370208740234,68.2886962890625
-0.8924000263214111,90.03060150146484,86.07129669189453,69.28700256347656
0.06639999896287918,83.18470001220703,86.60240173339844,73.5728988647461
23.539600372314453,72.42340087890625,74.53350067138672,81.48179626464844
25.913799285888672,69.41539764404297,83.3843994140625,87.95369720458984
32.98820114135742,74.60189819335938,88.69650268554688,91.53410339355469
44.86989974975586,76.04049682617188,80.6769027709961,92.58689880371094
56.097198486328125,78.22239685058594,77.15979766845703,94.40989685058594
65.52660369873047,80.01219940185547,77.13739776611328,105.13600158691406
66.18229675292969,79.216796875,95.75900268554688,121.12920379638672
88.77159881591797,74.35350036621094,87.6884994506836,119.12090301513672
111.35820007324219,83.73410034179688,86.19190216064453,106.04550170898438
129.83619689941406,87.11270141601562,83.72899627685547,102.964599609375
155.6259002685547,93.43250274658203,74.072998046875,98.61039733886719
177.58389282226562,95.85220336914062,79.99089813232422,98.53179931640625
197.30589294433594,100.49629974365234,80.54190063476562,92.7479019165039
224.12930297851562,104.49710083007812,72.5154037475586,87.8949966430664
249.2729949951172,106.47810363769531,71.67160034179688,93.49009704589844
270.47021484375,106.47509765625,76.9988021850586,94.0656967163086
290.7120056152344,109.2302017211914,76.71939849853516,90.68509674072266
312.39190673828125,106.7072982788086,74.635498046875,85.05609893798828
331.3450927734375,105.8322982788086,67.55480194091797,77.7603988647461
344.4139099121094,102.96009826660156,69.26380157470703,80.28099822998047
352.3616027832031,97.90339660644531,68.5270004272461,82.93550109863281
353.9996032714844,91.25810241699219,70.75070190429688,92.12840270996094
352.9325866699219,89.39820098876953,74.64019775390625,89.36720275878906
344.0845947265625,82.19190216064453,80.75640106201172,96.07890319824219
330.44488525390625,73.83149719238281,86.73059844970703,104.96949768066406
314.21990966796875,67.2208023071289,90.59480285644531,108.93180084228516
298.8226013183594,66.18479919433594,99.19740295410156,110.61180114746094
282.189208984375,66.506103515625,102.29869842529297,108.22019958496094
272.91339111328125,71.49819946289062,100.83989715576172,104.06169891357422
264.6070861816406,80.45559692382812,93.08509826660156,95.51959991455078
260.8454895019531,87.60440063476562,95.90170288085938,95.40360260009766
252.4604949951172,90.39649963378906,99.71440124511719,97.24980163574219
251.3751983642578,90.94120025634766,91.04769897460938,95.38189697265625
251.50909423828125,87.6709976196289,91.88580322265625,101.90080261230469
244.9907989501953,88.86910247802734,95.20030212402344,103.68109893798828
231.7823028564453,81.70469665527344,100.21109771728516,108.71659851074219
206.5220947265625,76.41210174560547,119.76219940185547,117.52439880371094
191.37640380859375,76.14550018310547,136.97650146484375,119.46890258789062
178.24920654296875,73.3488998413086,142.97950744628906,124.00630187988281
161.3470001220703,65.78209686279297,140.7165069580078,137.70989990234375
153.09120178222656,65.91449737548828,143.11199951171875,135.81089782714844
158.35980224609375,66.09429931640625,148.75439453125,130.1195068359375
168.39390563964844,71.54429626464844,129.42999267578125,127.04190063476562
184.03720092773438,64.5259017944336,111.94170379638672,133.1820068359375
205.4683074951172,71.64610290527344,95.92639923095703,121.177001953125
225.78529357910156,69.91069793701172,84.41950225830078,125.07839965820312
236.51559448242188,70.54940032958984,79.53610229492188,129.106201171875
235.36180114746094,80.57520294189453,87.15229797363281,119.05229949951172
251.9055938720703,95.08589935302734,70.6144027709961,102.98359680175781
249.22760009765625,98.37909698486328,71.95809936523438,95.88189697265625
251.70269775390625,99.51809692382812,61.527000427246094,93.35859680175781
245.48980712890625,100.31289672851562,64.73670196533203,92.30560302734375
238.9156951904297,103.26219940185547,66.33560180664062,88.9740982055664
233.77040100097656,103.95770263671875,64.87750244140625,86.74870300292969
234.22549438476562,101.46929931640625,59.26679992675781,85.70050048828125
222.10389709472656,81.23880004882812,64.38849639892578,81.08100128173828
227.56509399414062,86.25019836425781,59.55950164794922,71.41220092773438
234.02670288085938,83.76110076904297,62.923099517822266,72.95659637451172
247.08180236816406,84.86060333251953,60.05059814453125,71.60800170898438
262.20330810546875,84.75800323486328,64.00360107421875,75.49240112304688
279.44989013671875,85.24299621582031,61.48699951171875,75.84140014648438
294.6263122558594,84.81790161132812,58.907798767089844,72.42230224609375
302.9627990722656,80.44419860839844,60.12189865112305,73.20989990234375
307.9070129394531,73.72820281982422,63.51279830932617,76.97740173339844
306.0295104980469,70.63050079345703,70.47309875488281,88.22779846191406
306.2351989746094,68.06300354003906,66.9583969116211,96.60569763183594
304.7002868652344,67.35350036621094,67.381103515625,97.56099700927734
298.1799011230469,68.34750366210938,71.3010025024414,96.26210021972656
294.4132080078125,74.75279998779297,68.18560028076172,86.63059997558594
287.7585144042969,80.79319763183594,68.07830047607422,88.51529693603516
279.5972900390625,91.18620300292969,66.1260986328125,95.543701171875
272.7030029296875,101.681396484375,70.38590240478516,95.03240203857422
269.7409973144531,99.82080078125,71.38059997558594,99.11849975585938
265.46038818359375,98.72239685058594,76.67060089111328,92.57420349121094
250.8925018310547,93.88020324707031,83.59249877929688,95.0519027709961
238.00990295410156,88.55919647216797,97.20960235595703,105.43810272216797
228.54849243164062,77.23709869384766,112.1604995727539,119.00849914550781
215.98770141601562,69.5791015625,129.756103515625,131.0767059326172
197.88650512695312,81.01820373535156,140.26319885253906,122.2531967163086
197.58349609375,66.7688980102539,127.34750366210938,122.40889739990234
200.78480529785156,70.13639831542969,119.20559692382812,112.02649688720703
193.7718048095703,66.29460144042969,128.3592987060547,132.36549377441406
177.5177001953125,66.67030334472656,136.7593994140625,133.63839721679688
162.78489685058594,69.36489868164062,147.76609802246094,126.09210205078125
154.47189331054688,60.734500885009766,157.8538055419922,138.0093994140625
152.34410095214844,61.49369812011719,155.07699584960938,135.50929260253906
161.4073944091797,57.62620162963867,136.17880249023438,139.58470153808594
167.21600341796875,55.64070129394531,124.01129913330078,139.27679443359375
169.58059692382812,51.522701263427734,118.66729736328125,140.1414031982422
170.7021942138672,53.67879867553711,110.87210083007812,129.83859252929688
182.25180053710938,52.047401428222656,89.25550079345703,115.9926986694336
192.6230926513672,85.63760375976562,80.59559631347656,107.27870178222656
195.52859497070312,82.32369995117188,80.15139770507812,113.26249694824219
197.80889892578125,81.66629791259766,78.71099853515625,111.94719696044922
197.2803955078125,77.8115005493164,80.52860260009766,97.65450286865234
196.654296875,79.05120086669922,92.94180297851562,91.4541015625
214.0800018310547,78.03040313720703,79.28399658203125,73.61009979248047
216.82730102539062,75.95960235595703,71.9749984741211,74.30619812011719
219.31640625,74.10169982910156,71.04060363769531,72.96690368652344
219.28990173339844,72.35399627685547,74.56790161132812,77.83300018310547
221.95260620117188,68.93280029296875,76.27120208740234,82.08789825439453
229.83009338378906,68.83489990234375,58.90620040893555,85.28079986572266
226.72970581054688,75.84919738769531,64.85530090332031,78.45379638671875
227.48170471191406,78.95829772949219,61.076499938964844,77.0978012084961
226.20809936523438,78.82109832763672,62.38890075683594,79.76730346679688
230.12130737304688,77.1885986328125,64.96839904785156,80.94400024414062
230.69760131835938,75.31999969482422,71.48750305175781,83.43289947509766
236.89349365234375,73.56099700927734,78.36250305175781,86.71119689941406
248.99490356445312,76.1500015258789,88.08350372314453,89.36100006103516
272.7637939453125,72.08869934082031,78.69380187988281,101.64949798583984
278.59991455078125,69.18260192871094,77.71389770507812,106.30110168457031
262.53680419921875,62.09320068359375,93.55870056152344,109.8563003540039
253.18629455566406,66.38970184326172,84.30079650878906,99.01390075683594
240.48060607910156,71.96369934082031,80.43180084228516,94.33110046386719
230.4857940673828,77.57980346679688,90.1095962524414,93.90650177001953
240.3654022216797,80.62239837646484,85.17780303955078,102.1281967163086
246.8551025390625,80.9906997680664,80.37370300292969,109.00060272216797
239.318603515625,86.33489990234375,78.64830017089844,104.2686996459961
222.4788055419922,84.45159912109375,84.91390228271484,106.53459930419922
197.2906036376953,80.57250213623047,98.1270980834961,114.34159851074219
183.3242950439453,69.93240356445312,97.46199798583984,122.8917007446289
170.06289672851562,66.59300231933594,98.3634033203125,128.48599243164062
163.47560119628906,55.91809844970703,85.6395034790039,134.82090759277344
165.38299560546875,47.957801818847656,70.21109771728516,118.0978012084961
157.19769287109375,53.876399993896484,75.72209930419922,126.1312026977539
151.74899291992188,94.7791976928711,79.30780029296875,102.64730072021484
156.1298065185547,98.08979797363281,82.57579803466797,90.33769989013672
161.9676055908203,89.79499816894531,86.3947982788086,89.21839904785156
172.53329467773438,81.67729949951172,86.08159637451172,78.92030334472656
184.9853973388672,73.99299621582031,79.10489654541016,80.02110290527344
196.3227996826172,66.56770324707031,78.5199966430664,83.5615005493164
214.57040405273438,57.535499572753906,71.3917007446289,91.55069732666016
226.60440063476562,54.41579818725586,71.3125991821289,94.71649932861328
234.58779907226562,48.78179931640625,68.0542984008789,104.1792984008789
242.70880126953125,60.551300048828125,63.862300872802734,91.51309967041016
241.52999877929688,64.94190216064453,69.11750030517578,89.14219665527344
235.65260314941406,66.783203125,72.31340026855469,89.2145004272461
228.77110290527344,70.24199676513672,71.89320373535156,80.78739929199219
207.94430541992188,77.87020111083984,89.07969665527344,79.1852035522461
197.08009338378906,78.03209686279297,95.8772964477539,82.40879821777344
177.4739990234375,96.62359619140625,112.1843032836914,99.25569915771484
172.56959533691406,104.19349670410156,114.86849975585938,90.42539978027344
178.48289489746094,106.0259017944336,99.90360260009766,88.04000091552734
179.03619384765625,104.33699798583984,103.5260009765625,90.86319732666016
181.6134033203125,100.59549713134766,102.29209899902344,95.51329803466797
188.9490966796875,87.86160278320312,96.4574966430664,109.49140167236328
200.66119384765625,77.847900390625,93.39859771728516,115.74459838867188
213.93890380859375,80.91739654541016,88.10800170898438,111.39350128173828
218.96890258789062,86.13849639892578,85.18270111083984,103.91539764404297
221.5615997314453,83.44830322265625,87.0990982055664,108.80680084228516
227.5579071044922,79.91000366210938,85.131103515625,112.22530364990234
240.66250610351562,87.52059936523438,73.98889923095703,106.8739013671875
243.17100524902344,88.7426986694336,77.61509704589844,106.80899810791016
245.0167999267578,88.35769653320312,72.19629669189453,109.44400024414062
242.79299926757812,82.02189636230469,71.29350280761719,109.83450317382812
228.28329467773438,88.64520263671875,78.38349914550781,98.3593978881836
220.439697265625,92.8594970703125,68.55400085449219,97.44650268554688
211.19830322265625,97.67829895019531,77.78929901123047,94.65460205078125
204.3238983154297,102.95700073242188,76.27369689941406,91.29389953613281
202.28160095214844,107.79340362548828,73.52179718017578,86.67130279541016
201.48260498046875,111.04519653320312,72.0197982788086,82.96510314941406
202.44760131835938,107.05079650878906,70.68620300292969,87.3655014038086
206.04559326171875,103.98539733886719,68.0427017211914,90.5208969116211
209.5373992919922,94.7959976196289,70.72129821777344,100.29750061035156
215.3721923828125,96.91490173339844,77.339599609375,99.38990020751953
223.11770629882812,89.7770004272461,79.91380310058594,105.48919677734375
229.4873046875,85.56929779052734,78.71790313720703,111.53759765625
225.4716033935547,82.23570251464844,80.95989990234375,115.68219757080078
216.02110290527344,69.22889709472656,84.63970184326172,126.74120330810547
197.36990356445312,72.7072982788086,102.66909790039062,121.94239807128906
185.73019409179688,76.90779876708984,111.92009735107422,122.60449981689453
181.15460205078125,74.58209991455078,114.02020263671875,124.98380279541016
180.40899658203125,63.41579818725586,111.3501968383789,136.44920349121094
179.2147979736328,57.26620101928711,112.02159881591797,145.0272979736328
185.16949462890625,56.59859848022461,109.2738037109375,131.96859741210938
192.84519958496094,55.53950119018555,107.14140319824219,135.01210021972656
194.36239624023438,53.93539810180664,103.28009796142578,142.67840576171875
190.7115936279297,55.992000579833984,107.29840087890625,136.8863067626953
190.4918975830078,55.542701721191406,109.05750274658203,144.25970458984375
180.50270080566406,59.29949951171875,123.43250274658203,141.03269958496094
169.02130126953125,62.879798889160156,133.71180725097656,139.0240936279297
159.19659423828125,63.55400085449219,140.1320037841797,139.1988983154297
148.92379760742188,63.30179977416992,151.30380249023438,142.54409790039062
131.6280975341797,68.5259017944336,146.66160583496094,112.15019989013672
118.70020294189453,80.06890106201172,130.8341064453125,97.018798828125
120.02429962158203,75.8468017578125,102.61309814453125,99.85150146484375
121.17849731445312,70.0154037475586,94.19059753417969,112.0166015625
122.30149841308594,66.54900360107422,102.9447021484375,101.10769653320312
135.93589782714844,67.22630310058594,101.59970092773438,87.65170288085938
155.7738037109375,63.261600494384766,96.76840209960938,86.0656967163086
177.35369873046875,61.43439865112305,95.77130126953125,83.63710021972656
197.9987030029297,62.23699951171875,96.46929931640625,93.26570129394531
222.03480529785156,64.74970245361328,100.14129638671875,102.6176986694336
243.89529418945312,73.1697998046875,96.84269714355469,117.12110137939453
258.95458984375,70.47709655761719,97.08290100097656,126.0354995727539
267.8081970214844,76.63980102539062,93.35890197753906,116.36289978027344
263.6536865234375,73.35269927978516,94.15380096435547,115.10870361328125
256.81829833984375,70.2979965209961,96.00420379638672,118.64399719238281
248.46730041503906,81.6227035522461,98.79329681396484,105.85230255126953
245.1595001220703,84.08070373535156,94.34980010986328,99.92549896240234
240.20260620117188,81.75859832763672,95.31420135498047,99.99459838867188
242.5478057861328,71.44200134277344,97.19770050048828,112.74430084228516
243.53970336914062,68.46199798583984,85.70079803466797,112.55130004882812
237.4127960205078,76.12100219726562,83.31829833984375,100.36190032958984
228.2760009765625,80.0270004272461,82.64620208740234,94.59739685058594
215.43020629882812,78.7761001586914,102.76390075683594,113.0291976928711
207.1147003173828,81.52780151367188,98.1864013671875,118.32440185546875
202.02960205078125,84.87840270996094,80.0469970703125,112.72109985351562
204.09249877929688,86.1946029663086,83.50440216064453,112.88059997558594
221.9257049560547,79.768798828125,84.7428970336914,109.7802963256836
236.18040466308594,86.75299835205078,75.58660125732422,108.96900177001953
242.21359252929688,86.95179748535156,78.25920104980469,112.20159912109375
245.69140625,93.98069763183594,85.21379852294922,103.54070281982422
247.81179809570312,89.1281967163086,77.818603515625,100.6990966796875
242.08070373535156,81.2031021118164,77.81919860839844,115.5208969116211
242.0072021484375,79.91429901123047,79.0781021118164,116.55490112304688
244.10009765625,77.15779876708984,78.08070373535156,121.70610046386719
244.78860473632812,70.5176010131836,79.39029693603516,129.6096954345703
226.12969970703125,58.804100036621094,92.46019744873047,140.04080200195312
190.0489044189453,62.709999084472656,103.85399627685547,143.00779724121094
167.52149963378906,70.20159912109375,101.57730102539062,129.79420471191406
149.32260131835938,75.39600372314453,111.70610046386719,124.27629852294922
149.8795928955078,80.49970245361328,101.92030334472656,107.44139862060547
166.09230041503906,75.28929901123047,110.28910064697266,126.62550354003906
189.35069274902344,68.84149932861328,119.19950103759766,125.9375
227.9781036376953,55.953800201416016,101.70349884033203,146.20509338378906
260.1559143066406,60.45029830932617,109.68340301513672,143.3582000732422
270.68389892578125,59.524898529052734,112.54119873046875,142.74620056152344
272.32440185546875,56.41790008544922,108.5167007446289,148.28509521484375
261.2088928222656,55.59320068359375,97.00550079345703,143.37229919433594
221.55819702148438,54.47129821777344,117.48919677734375,149.6472930908203
180.04119873046875,60.6068000793457,148.05380249023438,143.9241943359375
170.79949951171875,55.2504997253418,140.38900756835938,151.7960968017578
167.58120727539062,56.06460189819336,135.43460083007812,151.38059997558594
155.0261993408203,118.15029907226562,143.3520965576172,120.7333984375
169.77769470214844,95.74539947509766,121.76490020751953,116.60199737548828
182.36619567871094,78.03070068359375,115.06439971923828,126.38719940185547
215.35899353027344,69.9531021118164,84.4928970336914,126.1052017211914
235.50320434570312,67.61409759521484,76.09660339355469,129.93820190429688
241.05760192871094,67.28500366210938,73.43119812011719,129.14320373535156
219.3986053466797,69.23570251464844,93.55699920654297,121.54180145263672
204.64100646972656,63.359500885009766,101.36280059814453,132.9174041748047
188.2633056640625,77.26020050048828,109.24130249023438,123.04840087890625
183.49879455566406,81.63369750976562,107.56880187988281,121.4352035522461
171.6439971923828,99.15360260009766,126.54170227050781,107.54550170898438
190.3332977294922,116.8635025024414,125.8467025756836,89.09300231933594
255.2541961669922,120.07119750976562,90.66120147705078,82.12449645996094
285.3583984375,105.34700012207031,93.07640075683594,89.5989990234375
314.93939208984375,95.81050109863281,95.88400268554688,86.83820343017578
320.4540100097656,83.52559661865234,94.28849792480469,96.5342025756836
298.2650146484375,73.7927017211914,93.61280059814453,111.90560150146484
277.42718505859375,68.95790100097656,86.4988021850586,115.04769897460938
248.19639587402344,55.723201751708984,86.11070251464844,119.47560119628906
218.3502960205078,65.4281997680664,81.5062026977539,101.82450103759766
179.75320434570312,69.30339813232422,94.97550201416016,96.62129974365234
153.33880615234375,83.54920196533203,96.12319946289062,86.94619750976562
124.02660369873047,109.36319732666016,79.94219970703125,72.91999816894531
129.01080322265625,108.82679748535156,68.17489624023438,77.21549987792969
142.87030029296875,108.75540161132812,63.18870162963867,75.66230010986328
166.24440002441406,116.68070220947266,71.76850128173828,88.1355972290039
187.76719665527344,131.82899475097656,85.31300354003906,77.58809661865234
180.33079528808594,136.83489990234375,100.63890075683594,69.72339630126953
180.93850708007812,116.34210205078125,99.12930297851562,87.89409637451172
180.60459899902344,88.45140075683594,91.44529724121094,106.77330017089844
166.48390197753906,77.64350128173828,95.58550262451172,125.93990325927734
143.6551055908203,79.24140167236328,102.71240234375,123.06169891357422
124.93800354003906,83.24700164794922,82.39790344238281,107.8301010131836
119.42659759521484,92.6084976196289,82.37909698486328,95.51119995117188
124.98750305175781,99.15699768066406,80.79750061035156,82.8772964477539
145.24440002441406,88.72119903564453,71.50910186767578,82.76629638671875
166.89109802246094,67.89350128173828,66.99440002441406,71.2041015625
