1
224.19700622558594,76.2970962524414,74.36129760742188,84.35230255126953
224.02090454101562,81.37689971923828,64.81189727783203,76.52770233154297
227.023193359375,76.9623031616211,61.35340118408203,79.38420104980469
225.6490020751953,76.7426986694336,66.39569854736328,79.63169860839844
228.55650329589844,72.51689910888672,63.85969924926758,81.12310028076172
221.36349487304688,68.55180358886719,74.82579803466797,81.94650268554688
217.94960021972656,72.60320281982422,73.77120208740234,78.4677963256836
216.11439514160156,69.43350219726562,71.26409912109375,78.44860076904297
214.83230590820312,71.7926025390625,72.11710357666016,78.07830047607422
220.32069396972656,76.07589721679688,72.31420135498047,76.60759735107422
212.60240173339844,79.02230072021484,73.75070190429688,78.0469970703125
207.42849731445312,82.75749969482422,66.37760162353516,72.1156005859375
204.6833953857422,85.86360168457031,63.778099060058594,70.58830261230469
201.67140197753906,88.90409851074219,66.4583969116211,66.64350128173828
202.2082977294922,87.60320281982422,62.92649841308594,62.051998138427734
192.74830627441406,89.7688980102539,67.22959899902344,60.308101654052734
168.3249053955078,102.29149627685547,77.87830352783203,63.46580123901367
167.2781982421875,95.67469787597656,85.01300048828125,71.66840362548828
164.4761962890625,95.05770111083984,95.80349731445312,91.33380126953125
159.2205047607422,96.73570251464844,95.72029876708984,91.77140045166016
152.87640380859375,94.24800109863281,88.01809692382812,88.68720245361328
154.57339477539062,92.05249786376953,90.79609680175781,84.06439971923828
167.66819763183594,88.6865005493164,89.24079895019531,75.84089660644531
179.1497039794922,81.0416030883789,97.9905014038086,75.28269958496094
200.34829711914062,78.24440002441406,92.36270141601562,76.71219635009766
206.77920532226562,73.0802001953125,92.2593002319336,83.25689697265625
203.7274932861328,70.4448013305664,91.94259643554688,88.0969009399414
204.6011962890625,72.03759765625,82.13500213623047,87.47599792480469
216.00990295410156,81.9751968383789,73.51740264892578,74.85859680175781
225.7368927001953,75.55329895019531,83.20069885253906,89.82749938964844
236.23500061035156,81.23860168457031,85.6281967163086,93.93289947509766
251.01849365234375,89.87960052490234,83.7947998046875,93.31439971923828
263.4967041015625,92.68340301513672,77.0208969116211,99.88819885253906
269.18280029296875,97.87419891357422,74.44830322265625,100.55449676513672
272.4132080078125,97.28459930419922,74.3469009399414,99.57980346679688
278.4757995605469,93.09380340576172,71.17449951171875,93.53610229492188
286.3840026855469,73.84989929199219,69.59089660644531,100.872802734375
292.41351318359375,71.09850311279297,72.91290283203125,107.0103988647461
295.2001037597656,68.35359954833984,77.67639923095703,120.49349975585938
293.59539794921875,62.51430130004883,80.6957015991211,132.37710571289062
300.7702941894531,57.293701171875,71.72810363769531,139.7303924560547
297.9136962890625,61.805198669433594,78.1511001586914,134.53729248046875
299.9352111816406,65.24320220947266,70.0801010131836,124.64859771728516
295.5221862792969,72.7300033569336,67.40769958496094,125.36280059814453
289.4894104003906,76.48300170898438,69.35569763183594,126.30870056152344
278.23968505859375,67.27760314941406,65.81410217285156,122.89949798583984
260.3219909667969,76.64309692382812,69.17559814453125,113.87439727783203
240.91839599609375,63.712398529052734,67.68900299072266,103.03459930419922
236.256103515625,69.10379791259766,59.82830047607422,97.29409790039062
224.78759765625,73.9800033569336,65.3479995727539,98.3499984741211
219.82659912109375,74.4406967163086,68.07540130615234,96.54959869384766
235.15899658203125,88.49819946289062,56.83209991455078,95.33149719238281
232.92430114746094,99.73390197753906,66.20179748535156,92.43309783935547
239.59840393066406,100.84919738769531,64.24040222167969,89.64689636230469
244.56500244140625,98.36509704589844,64.75199890136719,93.12670135498047
249.73890686035156,96.98310089111328,65.23660278320312,93.47730255126953
253.25860595703125,95.70850372314453,64.43119812011719,96.45140075683594
253.283203125,96.46749877929688,66.7385025024414,94.62660217285156
251.70030212402344,95.01699829101562,67.71659851074219,98.55960083007812
245.76409912109375,92.76699829101562,72.63780212402344,102.07540130615234
231.235595703125,86.40769958496094,77.57219696044922,110.47979736328125
215.89559936523438,62.51620101928711,84.5530014038086,127.96959686279297
191.93719482421875,63.88890075683594,97.32019805908203,127.6688003540039
173.4958953857422,72.77429962158203,94.84310150146484,107.01290130615234
161.98190307617188,78.88529968261719,88.9072036743164,86.67579650878906
156.1134033203125,78.3749008178711,86.30049896240234,84.8812026977539
162.7501983642578,87.50679779052734,79.36129760742188,71.39939880371094
178.90139770507812,82.58509826660156,80.2571029663086,75.7123031616211
196.3677978515625,75.74569702148438,90.3135986328125,84.95970153808594
211.20730590820312,79.02490234375,97.3510971069336,91.40709686279297
233.53550720214844,79.06310272216797,91.6897964477539,106.84729766845703
245.66709899902344,84.82659912109375,90.46589660644531,108.03399658203125
251.3657989501953,77.9395980834961,90.03160095214844,110.82260131835938
252.65899658203125,64.93099975585938,91.18379974365234,125.03759765625
252.27220153808594,66.71330261230469,102.31279754638672,123.37529754638672
259.6954040527344,70.29979705810547,100.55979919433594,115.61930084228516
262.9007873535156,62.34299850463867,97.70790100097656,115.48500061035156
269.4961853027344,65.64759826660156,100.85099792480469,108.46839904785156
281.9991149902344,64.5719985961914,101.33940124511719,107.5718994140625
299.49609375,63.38779830932617,95.85880279541016,113.62969970703125
313.0954895019531,65.0238037109375,93.03620147705078,111.61689758300781
330.6263122558594,71.76329803466797,87.8447036743164,110.37020111083984
341.5653991699219,77.60990142822266,85.49240112304688,104.40689849853516
352.3507080078125,87.03559875488281,74.8843994140625,94.89320373535156
351.73309326171875,91.92220306396484,71.02130126953125,92.3291015625
348.7460021972656,98.41200256347656,69.80059814453125,85.84329986572266
344.22821044921875,100.74690246582031,70.05619812011719,82.78959655761719
329.7857971191406,106.13379669189453,70.2156982421875,78.46489715576172
312.3411865234375,108.97599792480469,73.9613037109375,80.20690155029297
288.7107849121094,111.14849853515625,79.17489624023438,88.54530334472656
266.18310546875,107.59549713134766,80.93170166015625,91.01809692382812
246.8112030029297,110.19090270996094,74.79740142822266,91.31269836425781
228.76429748535156,103.9563980102539,67.49829864501953,91.23619842529297
202.84449768066406,91.66819763183594,73.466796875,104.48490142822266
180.22999572753906,95.03800201416016,76.68579864501953,101.02999877929688
155.57400512695312,90.04119873046875,74.76789855957031,103.26349639892578
128.13870239257812,90.94450378417969,82.46420288085938,99.43119812011719
105.49420166015625,84.02290344238281,88.54660034179688,106.31710052490234
89.83370208740234,77.81099700927734,83.15129852294922,111.70549774169922
68.23570251464844,76.2665023803711,93.54540252685547,120.50559997558594
61.79790115356445,78.15519714355469,83.74330139160156,119.7957992553711
53.120601654052734,73.44840240478516,82.18360137939453,134.2180938720703
44.35540008544922,72.05000305175781,82.418701171875,144.01539611816406
37.48780059814453,61.34550094604492,83.58159637451172,115.43270111083984
27.218299865722656,66.91580200195312,89.95040130615234,95.61029815673828
13.814200401306152,66.15339660644531,89.56849670410156,90.39230346679688
6.639599800109863,63.36249923706055,89.23529815673828,92.87300109863281
3.3708999156951904,62.09189987182617,91.0740966796875,89.814697265625
9.837900161743164,51.21179962158203,76.25569915771484,102.86219787597656
6.100100040435791,54.206600189208984,81.69879913330078,100.1166000366211
2.5936999320983887,54.39350128173828,84.24079895019531,96.50900268554688
-8.651200294494629,73.4269027709961,74.65969848632812,92.95249938964844
-3.3736000061035156,71.57980346679688,69.6082992553711,88.06549835205078
-2.0643999576568604,65.2522964477539,90.71199798583984,85.53890228271484
-11.559599876403809,76.43099975585938,73.908203125,91.75399780273438
-4.19350004196167,76.6135025024414,62.36909866333008,85.43150329589844
2.161799907684326,76.53260040283203,63.47829818725586,84.91840362548828
7.958399772644043,72.11620330810547,76.35549926757812,80.65859985351562
18.47879981994629,68.06500244140625,90.0270004272461,80.30079650878906
41.50960159301758,66.49559783935547,88.05509948730469,92.87449645996094
60.179100036621094,61.155601501464844,104.86080169677734,104.70140075683594
81.13700103759766,63.71110153198242,103.7614974975586,112.92960357666016
96.72200012207031,69.88050079345703,103.37409973144531,111.90670013427734
125.12680053710938,72.49569702148438,90.6072998046875,101.97760009765625
146.75079345703125,78.00910186767578,83.78690338134766,98.81909942626953
174.11410522460938,75.989501953125,81.50800323486328,87.44499969482422
193.1165008544922,71.79930114746094,90.41079711914062,87.88899993896484
218.6923065185547,68.56310272216797,78.00250244140625,97.3145980834961
239.2624969482422,68.47820281982422,76.76100158691406,97.60749816894531
261.5443115234375,67.67569732666016,73.29530334472656,95.24800109863281
278.8432922363281,66.04280090332031,74.34159851074219,90.4540023803711
296.46490478515625,64.28469848632812,71.30570220947266,86.88500213623047
304.4465026855469,62.341800689697266,71.22339630126953,90.53690338134766
311.2904968261719,63.24259948730469,59.878700256347656,80.67749786376953
307.6023864746094,65.15789794921875,63.14619827270508,78.81109619140625
302.0934143066406,71.49530029296875,66.00090026855469,76.35160064697266
295.86358642578125,72.35800170898438,63.152198791503906,74.18789672851562
284.95831298828125,76.43070220947266,64.80750274658203,75.4374008178711
271.4966125488281,80.8102035522461,66.17579650878906,75.71399688720703
257.05029296875,80.48719787597656,64.2155990600586,74.20600128173828
245.49600219726562,79.71260070800781,60.27510070800781,75.55899810791016
229.6051025390625,81.82119750976562,60.64289855957031,72.4020004272461
210.5312042236328,82.85900115966797,66.15859985351562,69.6072006225586
189.75439453125,80.72699737548828,64.69090270996094,74.64119720458984
171.16990661621094,82.09519958496094,66.86299896240234,79.80879974365234
152.95140075683594,84.07689666748047,65.62460327148438,79.07019805908203
135.35580444335938,82.34919738769531,67.35870361328125,83.16919708251953
119.75260162353516,85.69529724121094,69.70439910888672,82.87750244140625
110.0011978149414,81.30280303955078,73.46330261230469,85.20099639892578
101.6937026977539,85.03679656982422,78.17060089111328,80.2217025756836
105.85260009765625,79.7354965209961,75.50530242919922,86.13529968261719
106.68810272216797,77.13690185546875,75.55699920654297,94.65019989013672
115.34549713134766,82.26200103759766,67.95149993896484,87.27100372314453
122.12139892578125,85.61309814453125,64.86720275878906,87.11540222167969
125.63819885253906,91.31909942626953,65.00399780273438,75.99870300292969
128.29820251464844,84.34960174560547,67.74919891357422,82.47119903564453
133.31900024414062,79.7605972290039,67.06800079345703,85.93009948730469
143.16079711914062,89.01730346679688,64.57510375976562,74.03810119628906
150.94979858398438,83.58550262451172,63.92070007324219,77.94509887695312
160.5572967529297,82.22100067138672,63.33549880981445,78.76020050048828
171.16650390625,76.9761962890625,64.20050048828125,76.23269653320312
175.23629760742188,71.72489929199219,69.6697998046875,80.0822982788086
187.8990936279297,66.70580291748047,69.80560302734375,82.4281005859375
204.2209930419922,67.6781005859375,71.22139739990234,82.28369903564453
219.664306640625,65.9906005859375,69.5447998046875,81.61370086669922
235.03399658203125,65.36229705810547,65.78759765625,83.8384017944336
251.47799682617188,64.54460144042969,63.569400787353516,82.07209777832031
263.3609924316406,67.35130310058594,63.34830093383789,83.66480255126953
277.9403991699219,66.43119812011719,60.18389892578125,80.9303970336914
288.0526123046875,70.4717025756836,59.485599517822266,79.18879699707031
293.5098876953125,68.75769805908203,60.29779815673828,75.02420043945312
295.2589111328125,69.89849853515625,57.391998291015625,77.09760284423828
293.35089111328125,71.52570343017578,57.51139831542969,77.96109771728516
286.022705078125,71.58719635009766,56.18259811401367,75.69609832763672
271.5097961425781,73.41439819335938,61.89849853515625,77.74349975585938
256.1885070800781,72.28160095214844,63.535301208496094,78.3936996459961
241.62159729003906,73.7385025024414,62.89630126953125,77.14559936523438
224.45249938964844,74.11710357666016,68.69580078125,78.0647964477539
206.94569396972656,75.15869903564453,72.1488037109375,73.9218978881836
191.84060668945312,75.72109985351562,69.3323974609375,72.57360076904297
173.2993927001953,74.14420318603516,69.72630310058594,78.15139770507812
161.97300720214844,78.16609954833984,65.93360137939453,74.660400390625
151.32960510253906,78.56719970703125,64.92430114746094,81.16719818115234
147.5941925048828,81.20110321044922,62.7421989440918,83.75150299072266
140.98049926757812,83.1364974975586,62.84619903564453,85.20369720458984
140.55459594726562,85.79630279541016,56.78089904785156,81.52880096435547
136.1468048095703,90.86650085449219,56.927101135253906,78.2301025390625
130.55580139160156,92.8467025756836,60.09769821166992,78.55039978027344
124.71199798583984,94.08219909667969,59.08879852294922,80.74199676513672
114.7208023071289,94.07499694824219,64.51860046386719,86.17340087890625
104.25289916992188,93.08470153808594,63.489498138427734,74.010498046875
90.85230255126953,90.4302978515625,68.50679779052734,80.310302734375
82.716796875,86.34140014648438,67.50689697265625,77.39910125732422
72.32489776611328,83.81780242919922,68.58899688720703,78.38269805908203
65.7020034790039,77.28720092773438,64.96170043945312,82.25420379638672
55.45370101928711,75.82939910888672,69.06060028076172,81.17520141601562
44.11220169067383,73.75360107421875,73.64510345458984,79.0822982788086
31.034400939941406,65.06739807128906,78.21649932861328,83.72989654541016
29.995899200439453,55.46780014038086,69.95980072021484,89.03880310058594
23.40089988708496,53.3224983215332,71.2708969116211,91.53569793701172
