1
96.35549926757812,151.58819580078125,136.1999969482422,175.1822967529297
94.46099853515625,154.46339416503906,149.62640380859375,179.49899291992188
91.81680297851562,159.8509979248047,162.1186981201172,172.2563018798828
84.09950256347656,178.78419494628906,176.28709411621094,164.90220642089844
87.48819732666016,182.05459594726562,171.12750244140625,157.71409606933594
93.2323989868164,183.59219360351562,164.0299072265625,160.35479736328125
94.88300323486328,181.78280639648438,166.67959594726562,162.16110229492188
92.93280029296875,178.33639526367188,161.08290100097656,164.52040100097656
93.00289916992188,173.87030029296875,163.6342010498047,173.36070251464844
88.660400390625,171.64639282226562,172.65150451660156,173.10780334472656
94.47699737548828,171.01519775390625,158.69740295410156,155.147705078125
87.44770050048828,170.22059631347656,183.65220642089844,140.10330200195312
94.96199798583984,162.53070068359375,171.74349975585938,148.3126983642578
96.22589874267578,157.3302001953125,172.95680236816406,157.74459838867188
97.15689849853516,152.6416015625,169.26600646972656,161.43359375
93.73300170898438,153.92140197753906,158.6125030517578,159.08230590820312
97.08889770507812,146.6844024658203,155.56069946289062,169.94729614257812
95.989501953125,144.75860595703125,154.0366973876953,169.5131072998047
97.08470153808594,147.6667022705078,148.2010955810547,167.39639282226562
100.05079650878906,150.27369689941406,142.65350341796875,167.85020446777344
97.10749816894531,147.893798828125,149.0084991455078,168.9346923828125
94.77680206298828,147.21319580078125,151.79800415039062,172.77740478515625
90.07679748535156,152.2864990234375,164.39990234375,163.72019958496094
90.36219787597656,150.41639709472656,149.52760314941406,169.7303924560547
86.75399780273438,153.3979034423828,159.0948028564453,165.62770080566406
85.65899658203125,151.8466033935547,164.2017059326172,168.58799743652344
88.9822006225586,148.7216033935547,155.56260681152344,172.89329528808594
87.5386962890625,151.0836944580078,162.95770263671875,172.36819458007812
84.78890228271484,151.63429260253906,169.33819580078125,173.3220977783203
89.52420043945312,151.26170349121094,151.6345977783203,171.9792938232422
83.68260192871094,156.40469360351562,171.1947021484375,167.52940368652344
82.11029815673828,156.18760681152344,172.23680114746094,167.17489624023438
81.47509765625,152.56100463867188,171.48159790039062,173.377197265625
84.89109802246094,151.38780212402344,161.75790405273438,177.7834014892578
82.39849853515625,155.39439392089844,169.99659729003906,173.39630126953125
84.51210021972656,157.54110717773438,164.13299560546875,170.84930419921875
85.8604965209961,158.9066925048828,160.83509826660156,171.63729858398438
84.76920318603516,160.09410095214844,162.08050537109375,170.94219970703125
84.0020980834961,161.83030700683594,170.44180297851562,168.36500549316406
83.4198989868164,160.46629333496094,172.31790161132812,171.94090270996094
84.36129760742188,154.84640502929688,161.5572967529297,179.85679626464844
85.7135009765625,167.97019958496094,173.72360229492188,167.37820434570312
81.20320129394531,154.90460205078125,176.9031982421875,183.1573028564453
86.93990325927734,160.1717071533203,165.8701934814453,178.16290283203125
81.0176010131836,165.8520965576172,183.53160095214844,172.4355010986328
85.05979919433594,161.09959411621094,170.44610595703125,177.39309692382812
80.8279037475586,169.1020050048828,188.57479858398438,169.12989807128906
81.17070007324219,170.52049255371094,184.6840057373047,170.3966064453125
78.12480163574219,173.96299743652344,186.63070678710938,166.4346923828125
85.33760070800781,176.43389892578125,185.5554962158203,165.16549682617188
73.22969818115234,180.37649536132812,203.34010314941406,161.2926025390625
74.61060333251953,168.4429931640625,200.28160095214844,173.0637969970703
69.9928970336914,166.5030975341797,202.00180053710938,177.7779998779297
56.1416015625,167.927001953125,211.05209350585938,173.7191925048828
60.79610061645508,172.52499389648438,215.70570373535156,168.11770629882812
81.73069763183594,159.16709899902344,201.5471954345703,187.3802032470703
104.68260192871094,164.2006072998047,169.9868927001953,182.65589904785156
108.85970306396484,167.44509887695312,164.8948974609375,174.5666046142578
111.51329803466797,168.59390258789062,153.07510375976562,172.47779846191406
112.89640045166016,170.05470275878906,152.60800170898438,168.46279907226562
116.06649780273438,166.46839904785156,140.22000122070312,174.67210388183594
112.76730346679688,173.2021942138672,147.90049743652344,169.7008056640625
116.5873031616211,168.5070037841797,146.36680603027344,170.2581024169922
115.9104995727539,169.4781036376953,140.60569763183594,168.85020446777344
116.80339813232422,175.69200134277344,130.6114959716797,165.56570434570312
114.3656005859375,167.69569396972656,161.375,172.83580017089844
114.82540130615234,172.66250610351562,153.89869689941406,166.24330139160156
116.2750015258789,171.1645965576172,149.41490173339844,166.6042022705078
112.82520294189453,169.9530029296875,160.8715057373047,166.30099487304688
114.42279815673828,171.89190673828125,153.38519287109375,165.39549255371094
117.98090362548828,167.84109497070312,144.63470458984375,167.87620544433594
116.00430297851562,174.5041961669922,147.61749267578125,163.2677001953125
117.56189727783203,178.22000122070312,140.38400268554688,157.75039672851562
121.86139678955078,183.2873992919922,118.17140197753906,153.6396942138672
122.51609802246094,176.94189453125,130.67739868164062,159.42779541015625
122.73529815673828,178.12559509277344,119.94760131835938,157.53399658203125
124.15750122070312,181.0178985595703,128.49110412597656,151.7313995361328
120.2052001953125,174.7615966796875,142.86630249023438,161.2707061767578
121.864501953125,169.8907928466797,138.59429931640625,163.21510314941406
123.78900146484375,169.7552032470703,132.0697021484375,164.21389770507812
124.05650329589844,177.6768035888672,115.22229766845703,153.7982940673828
128.9333038330078,190.3321075439453,103.82710266113281,141.5054931640625
129.09170532226562,190.2362060546875,104.80049896240234,141.404296875
126.67610168457031,185.9394073486328,109.1802978515625,143.38360595703125
123.87159729003906,183.7032928466797,113.98670196533203,144.02029418945312
122.84369659423828,177.21080017089844,115.20210266113281,150.64430236816406
121.86419677734375,171.6378936767578,118.82360076904297,154.4281005859375
125.46489715576172,167.98129272460938,113.46959686279297,159.53370666503906
123.40039825439453,166.0612030029297,116.87629699707031,156.82730102539062
118.1863021850586,166.60279846191406,127.26470184326172,149.36270141601562
115.41929626464844,166.80709838867188,129.78460693359375,148.16940307617188
109.32140350341797,165.97439575195312,150.03550720214844,143.59060668945312
108.54879760742188,161.57029724121094,128.125,148.514892578125
106.30819702148438,174.17469787597656,127.82240295410156,135.08880615234375
103.49759674072266,170.82130432128906,128.56649780273438,134.18179321289062
103.37670135498047,164.69979858398438,133.71629333496094,146.29359436035156
99.93049621582031,171.7313995361328,134.57640075683594,136.48629760742188
92.37879943847656,160.96189880371094,151.83729553222656,150.26400756835938
90.69429779052734,157.914306640625,150.75830078125,154.27459716796875
89.95330047607422,162.61570739746094,141.87559509277344,150.2512969970703
83.29910278320312,157.1251983642578,154.46490478515625,154.5052032470703
91.40489959716797,161.87049865722656,134.5644073486328,149.79849243164062
88.82749938964844,164.6988067626953,133.07400512695312,144.88209533691406
85.85240173339844,163.20770263671875,134.87030029296875,144.70150756835938
88.71549987792969,167.00320434570312,126.48970031738281,141.03610229492188
89.92050170898438,166.6116943359375,121.62989807128906,139.2238006591797
91.87830352783203,161.5458984375,120.38249969482422,146.1103057861328
89.88469696044922,160.7628936767578,121.57640075683594,144.00250244140625
91.49109649658203,162.6365966796875,120.41639709472656,144.94090270996094
88.30840301513672,159.22569274902344,134.40289306640625,147.3444061279297
90.40769958496094,163.90269470214844,122.51740264892578,138.62120056152344
90.34459686279297,156.15859985351562,121.82649993896484,150.25750732421875
96.41100311279297,156.0133056640625,112.28630065917969,150.5791015625
92.31990051269531,153.45599365234375,115.16560363769531,153.68370056152344
95.5969009399414,156.5023956298828,107.6780014038086,149.00270080566406
97.06009674072266,150.3105926513672,106.59329986572266,158.63330078125
88.3458023071289,148.34010314941406,118.90380096435547,158.76699829101562
93.95549774169922,144.64370727539062,106.23100280761719,164.69129943847656
100.59729766845703,140.50559997558594,96.89810180664062,172.4799041748047
104.35910034179688,128.8780059814453,88.84100341796875,185.677001953125
102.43389892578125,128.68299865722656,87.29419708251953,183.947998046875
98.76820373535156,138.63780212402344,88.41510009765625,173.4246063232422
95.48149871826172,136.88490295410156,94.10659790039062,184.17880249023438
92.0509033203125,138.62449645996094,91.16719818115234,181.70579528808594
91.11900329589844,138.3686065673828,85.61650085449219,192.68899536132812
83.03790283203125,141.5554962158203,92.24949645996094,184.5500946044922
78.27570343017578,141.43699645996094,93.73320007324219,182.41290283203125
62.69540023803711,140.85079956054688,110.81770324707031,182.1846923828125
49.346099853515625,140.16180419921875,122.19439697265625,186.5988006591797
49.978599548339844,142.12440490722656,115.71910095214844,187.33250427246094
42.38529968261719,138.49490356445312,139.7469024658203,175.23500061035156
36.014400482177734,141.59210205078125,130.4423065185547,163.2845001220703
28.625,144.87640380859375,150.50900268554688,154.3094024658203
24.568199157714844,146.39230346679688,160.720703125,152.98629760742188
17.13990020751953,143.9853057861328,178.36489868164062,159.70550537109375
14.20359992980957,143.04930114746094,195.6667938232422,165.65280151367188
9.865300178527832,141.1011962890625,198.2845001220703,168.40379333496094
8.892600059509277,92.72899627685547,186.2631072998047,215.19419860839844
16.48150062561035,103.2344970703125,190.22549438476562,208.69509887695312
23.090999603271484,122.88069915771484,190.74749755859375,174.6566925048828
23.076799392700195,99.83309936523438,191.24839782714844,196.7584991455078
34.17580032348633,107.62100219726562,175.47940063476562,187.4906005859375
33.96689987182617,112.29979705810547,171.75619506835938,175.18209838867188
36.46900177001953,117.76069641113281,182.5825958251953,172.21420288085938
39.23249816894531,112.21839904785156,187.39300537109375,171.79989624023438
47.986698150634766,78.73030090332031,169.75860595703125,201.38819885253906
51.56439971923828,84.23819732666016,123.2833023071289,198.65350341796875
55.73350143432617,93.14949798583984,113.38670349121094,184.58450317382812
62.48249816894531,114.7074966430664,111.90180206298828,164.347900390625
57.75510025024414,135.3636016845703,117.93240356445312,142.6269073486328
59.598899841308594,144.72239685058594,113.93730163574219,132.52529907226562
61.49959945678711,148.6356964111328,111.73200225830078,127.37220001220703
62.61790084838867,143.67030334472656,114.6426010131836,129.00430297851562
62.502498626708984,139.20379638671875,118.22940063476562,129.77659606933594
60.774898529052734,142.9864959716797,123.90889739990234,123.74040222167969
61.84479904174805,144.8135986328125,124.05139923095703,117.45480346679688
58.4369010925293,148.0155029296875,127.37129974365234,112.11579895019531
48.707000732421875,149.56619262695312,139.99349975585938,109.91089630126953
40.422298431396484,147.2971954345703,155.25709533691406,115.40799713134766
39.674400329589844,156.6511993408203,157.04989624023438,103.36150360107422
43.85029983520508,149.54400634765625,152.69549560546875,110.61750030517578
43.59880065917969,160.94729614257812,155.34840393066406,96.57099914550781
48.122100830078125,165.6284942626953,157.67550659179688,91.57610321044922
50.86109924316406,162.154296875,151.36700439453125,92.04309844970703
55.120201110839844,170.80380249023438,153.66110229492188,83.48609924316406
57.38679885864258,178.21530151367188,153.47169494628906,75.81890106201172
58.55070114135742,176.5406036376953,150.20399475097656,78.2770004272461
57.189998626708984,173.83670043945312,153.60740661621094,81.9531021118164
57.6245002746582,174.33470153808594,154.84689331054688,84.05560302734375
60.65719985961914,172.09170532226562,148.398193359375,85.57599639892578
61.83369827270508,168.30999755859375,147.16909790039062,90.03559875488281
64.52880096435547,166.86070251464844,141.74969482421875,90.19439697265625
65.90550231933594,163.56649780273438,138.39639282226562,94.61959838867188
63.65019989013672,163.20620727539062,142.54519653320312,92.0989990234375
69.11579895019531,159.1186065673828,140.9906005859375,97.40450286865234
70.13009643554688,153.6992950439453,145.16619873046875,101.5353012084961
72.5781021118164,144.13099670410156,143.70050048828125,114.25969696044922
71.51899719238281,159.52220153808594,149.4761962890625,97.68160247802734
76.8407974243164,159.13330078125,147.79080200195312,97.11940002441406
75.58049774169922,156.72850036621094,151.7519073486328,95.34310150146484
75.96920013427734,154.53489685058594,158.78489685058594,96.80079650878906
79.58999633789062,152.5579071044922,159.3968963623047,96.90270233154297
79.9406967163086,146.8813934326172,160.8907928466797,104.52050018310547
79.89730072021484,149.74459838867188,163.88409423828125,101.60559844970703
78.2240982055664,145.34750366210938,165.59469604492188,101.22550201416016
74.98699951171875,135.03460693359375,170.97760009765625,112.97119903564453
71.13739776611328,130.2635040283203,175.8448028564453,122.64610290527344
69.71189880371094,126.98419952392578,176.34649658203125,127.14089965820312
64.00170135498047,123.85910034179688,182.01010131835938,134.19830322265625
61.465301513671875,119.75340270996094,187.46510314941406,142.04949951171875
57.31629943847656,131.5019073486328,196.84280395507812,136.53359985351562
52.92919921875,140.372802734375,209.3197021484375,129.75900268554688
54.09149932861328,163.69850158691406,211.9636993408203,108.32510375976562
47.135398864746094,168.6656951904297,220.8321990966797,102.77220153808594
46.801998138427734,168.57969665527344,209.27879333496094,106.95580291748047
55.09870147705078,169.1739959716797,210.91209411621094,115.33689880371094
60.34170150756836,173.26260375976562,215.673095703125,125.71150207519531
65.46109771728516,170.8560028076172,215.27549743652344,135.78419494628906
80.69309997558594,176.25390625,203.01429748535156,134.0948944091797
96.55390167236328,178.45809936523438,187.6072998046875,142.96209716796875
100.20439910888672,165.30999755859375,183.13999938964844,156.22030639648438
121.56179809570312,158.8153076171875,166.08090209960938,161.2230987548828
144.24099731445312,166.05149841308594,143.0518035888672,146.25210571289062
150.9541015625,160.8227996826172,134.3791961669922,145.26199340820312
151.1855010986328,156.89549255371094,135.67660522460938,153.8079071044922
146.09100341796875,148.46910095214844,139.13479614257812,166.22259521484375
133.1562042236328,139.7200927734375,136.7274932861328,166.91220092773438
115.02130126953125,140.85079956054688,152.66799926757812,163.22830200195312
106.19619750976562,142.26699829101562,162.5615997314453,150.4163055419922
93.66470336914062,147.61700439453125,177.2418975830078,139.69129943847656
88.06179809570312,139.58839416503906,177.7655029296875,149.8166961669922
83.9540023803711,140.59429931640625,183.4739990234375,146.83160400390625
80.23909759521484,134.50779724121094,194.1405029296875,147.01210021972656
85.6312026977539,135.49240112304688,191.47059631347656,142.0196990966797
82.3989028930664,135.476806640625,203.64549255371094,138.30560302734375
83.82510375976562,135.17250061035156,193.57200622558594,134.7657012939453
80.99579620361328,121.34269714355469,207.72109985351562,146.93299865722656
80.6063003540039,118.87079620361328,200.51609802246094,150.4821014404297
78.91609954833984,98.70700073242188,199.59080505371094,169.78919982910156
78.57270050048828,98.07559967041016,192.5980987548828,172.4470977783203
78.28469848632812,96.16120147705078,187.76829528808594,179.29690551757812
82.83409881591797,97.22309875488281,180.1884002685547,178.99960327148438
85.59310150146484,107.07440185546875,179.1842041015625,169.70419311523438
81.44730377197266,101.36199951171875,182.23779296875,182.40440368652344
82.24810028076172,109.43609619140625,184.4958953857422,177.93429565429688
79.62220001220703,110.4395980834961,187.59649658203125,179.66580200195312
82.25250244140625,113.42530059814453,178.55599975585938,180.55209350585938
87.10299682617188,120.9885025024414,200.56539916992188,176.55880737304688
86.69989776611328,129.27569580078125,221.5677947998047,177.16050720214844
84.47530364990234,135.2677001953125,235.9477996826172,178.81289672851562
94.943603515625,142.15260314941406,236.5281982421875,174.38330078125
92.59239959716797,151.06410217285156,256.84698486328125,168.9593048095703
91.15370178222656,152.45159912109375,283.3147888183594,170.4564971923828
84.30349731445312,145.25079345703125,335.6335144042969,193.10479736328125
89.6781997680664,149.90550231933594,356.47430419921875,189.50140380859375
106.95480346679688,156.99549865722656,364.79071044921875,183.07749938964844
145.54220581054688,157.2978057861328,357.04730224609375,194.6092987060547
177.4279022216797,164.4394989013672,321.7348937988281,207.92030334472656
189.46310424804688,180.34320068359375,329.9714050292969,200.37579345703125
181.7509002685547,192.56080627441406,368.24200439453125,196.09629821777344
203.2823028564453,191.93190002441406,386.1827087402344,199.04539489746094
