1
m676,374,127,45,70,14,112,18,95,11,2,20,89,45,78,52,70,59,65,64,60,71,54,76,41,4,2,84,34,96,28,100,24,104,21,107,19,109,17,111,15,112,14,114,12,17,2,96,11,18,2,84,3,10,10,17,3,84,4,10,8,18,3,84,5,10,6,55,10,24,9,8,5,10,5,54,16,18,11,8,6,10,4,18,1,34,17,17,12,8,7,9,3,18,2,13,3,18,17,17,12,8,8,8,3,18,2,12,4,18,16,17,13,8,9,8,1,18,3,12,5,17,15,17,14,8,10,7,1,17,4,11,6,18,14,16,15,8,11,15,4,5,5,10,6,18,14,16,15,8,11,14,5,5,5,10,7,18,12,17,15,8,13,11,16,9,8,19,10,17,16,8,14,10,16,9,9,19,9,17,16,8,14,3,1,5,17,9,10,18,8,17,17,8,17,6,17,9,10,19,7,17,17,8,18,4,18,9,11,18,7,16,18,8,18,4,19,8,12,17,7,14,20,7,19,4,19,8,13,16,7,13,21,6,20,4,20,7,14,15,7,13,48,4,20,6,15,14,7,13,48,4,21,6,15,13,6,13,50,3,22,5,16,12,6,12,78,5,15,11,6,11,83,1,16,10,6,10,103,7,8,8,51
m695,373,113,45,65,14,86,29,80,35,71,43,66,52,44,2,13,57,7,1,31,6,9,69,28,9,5,72,25,89,23,91,20,95,17,98,13,101,12,102,10,104,8,105,8,105,6,108,4,109,3,110,2,111,1,112,1,50,14,24,6,64,23,19,9,60,26,17,10,58,28,17,10,16,1,40,29,16,11,16,1,39,29,16,13,15,1,40,28,16,13,15,2,39,27,17,13,15,2,39,27,16,14,15,2,39,26,17,14,15,2,39,26,16,16,14,2,19,4,16,25,17,16,14,3,17,6,16,24,16,18,13,3,16,8,15,24,16,18,12,5,14,10,14,23,16,20,11,5,13,11,14,23,15,21,11,7,10,13,13,23,14,24,7,10,9,14,12,23,14,43,8,14,11,23,14,47,4,14,11,23,13,49,3,15,10,23,12,68,9,25,9,71,8,72
m709,373,120,44,60,15,94,30,87,34,79,42,75,46,72,58,59,70,46,78,29,93,26,96,22,99,18,103,16,105,15,106,13,108,12,109,10,97,2,12,8,97,4,12,7,97,5,12,5,97,6,12,4,98,7,12,3,98,8,11,2,49,20,30,9,10,2,45,33,20,11,24,3,27,36,20,11,23,4,20,3,1,39,19,12,22,4,17,46,19,13,21,4,16,46,20,14,6,1,13,4,15,47,19,16,5,1,13,3,16,47,19,16,5,1,13,4,15,46,19,19,3,1,12,5,15,46,19,20,2,1,11,6,16,45,19,19,3,1,10,8,15,45,19,13,9,1,9,9,15,45,18,15,6,4,7,10,15,44,19,26,4,13,14,44,18,44,14,45,16,45,14,44,16,46,13,45,13,49,13,45,11,51,13,45,10,52,12,46,9,54,9,48,8,34
m714,373,122,44,56,26,93,30,88,35,80,44,75,50,4,12,55,71,50,75,41,83,27,96,25,98,21,102,17,106,15,107,13,110,11,111,10,113,9,113,8,115,6,97,3,16,5,97,5,16,3,97,8,14,3,97,9,13,2,97,12,11,1,98,14,9,1,38,3,57,15,8,1,36,7,54,17,42,10,52,19,39,13,51,19,24,1,13,15,26,1,22,20,14,4,5,3,11,17,25,1,21,21,4,2,7,13,11,17,24,3,19,23,3,2,6,14,10,19,21,4,19,24,3,2,5,16,9,20,20,4,18,25,2,3,4,17,9,21,19,4,18,31,3,18,8,22,18,4,17,53,8,23,17,3,17,33,2,20,8,23,36,33,2,20,8,24,34,56,8,25,32,58,7,27,29,60,6,29,26,62,5,30,24,65,4,31,21,69,1,40,10,40
m730,369,114,48,72,3,100,16,85,9,1,19,81,34,77,37,73,42,69,49,61,70,40,77,34,81,21,95,17,98,14,101,12,103,11,104,9,105,9,106,8,106,7,108,6,109,5,109,5,91,1,1,3,14,3,90,9,12,3,50,2,38,10,11,2,12,1,37,18,2,1,20,11,10,2,10,3,37,22,24,6,10,2,9,4,34,25,21,9,10,1,10,4,35,24,14,3,4,9,10,1,9,5,10,6,22,3,1,18,12,4,5,9,9,1,8,6,9,7,26,17,13,5,4,9,9,1,8,6,9,8,21,21,13,7,1,11,17,6,8,9,22,19,14,20,16,6,8,10,21,19,14,20,15,7,8,10,21,19,14,21,6,1,7,7,7,12,20,19,14,21,5,2,7,7,7,13,19,19,14,22,3,3,6,8,7,13,20,18,13,29,6,9,6,14,19,18,13,29,6,12,3,15,19,17,13,30,5,30,19,17,13,31,4,31,19,16,13,33,1,33,18,17,11,68,19,18,8,70,18,97,17,98,16,100,13,103,10,58
m737,367,114,48,81,11,88,29,84,31,70,45,66,50,61,54,55,60,49,67,44,71,41,75,37,78,33,82,24,91,21,94,18,97,15,100,12,102,11,103,10,105,8,106,7,107,7,80,2,25,7,76,7,24,6,50,8,16,10,24,6,48,10,13,13,25,4,47,12,9,17,25,4,12,6,28,19,2,18,25,3,12,8,26,41,24,3,11,9,26,41,24,3,10,10,26,14,6,22,23,2,10,11,27,41,23,2,10,12,26,41,23,1,10,13,27,40,23,1,9,15,26,41,32,15,27,40,31,17,26,40,30,18,27,39,30,19,26,40,20,1,7,20,27,44,14,2,7,21,26,42,14,4,6,22,8,1,17,42,13,5,6,23,5,4,16,43,11,7,5,24,2,8,14,43,11,8,4,34,14,42,12,8,3,36,13,43,10,48,14,42,10,48,14,44,7,50,13,45,5,9
m739,367,115,47,69,2,6,5,100,18,84,41,71,46,66,51,59,57,55,61,53,63,51,66,48,68,43,74,38,78,27,89,23,93,20,96,17,99,15,101,12,103,10,105,9,106,8,108,6,109,6,109,5,75,9,26,5,68,18,24,4,67,21,23,4,14,4,48,23,22,3,14,6,18,6,24,22,21,4,13,7,15,12,22,21,21,3,13,8,13,16,21,21,20,3,13,8,12,18,21,20,20,3,12,9,11,19,21,20,20,3,11,11,10,20,21,19,20,2,10,13,11,19,22,18,21,1,9,15,10,20,21,18,29,17,10,21,21,17,22,1,4,19,10,22,20,17,22,1,3,21,10,22,20,17,21,2,1,22,9,24,20,16,21,2,1,23,8,25,19,18,19,26,8,26,18,22,15,26,7,29,15,26,9,30,5,31,14,27,8,32,2,33,14,101,14,102,12,103,12,38
m740,368,114,47,68,16,85,30,5,4,72,45,64,52,56,60,52,63,50,65,48,68,45,70,40,75,36,79,25,90,22,93,19,96,16,99,13,101,12,102,12,103,10,104,9,105,8,106,8,106,7,107,5,109,4,110,4,110,3,20,1,17,3,40,4,26,2,20,3,13,8,35,8,25,2,20,3,11,15,31,2,2,2,26,2,20,3,10,20,28,3,28,2,8,3,9,3,10,21,27,5,26,1,8,4,9,3,10,21,29,1,28,1,7,5,8,4,10,22,28,1,28,1,6,7,7,4,10,23,26,2,35,7,7,4,10,24,61,9,5,5,10,25,27,6,26,10,5,5,10,26,25,8,25,10,5,5,10,28,22,9,25,11,4,6,9,30,20,10,24,12,4,5,8,32,18,11,20,1,2,14,3,5,7,34,14,14,20,2,1,22,6,36,10,18,19,70,3,22,16,99,13,102,10,104,9,106,6,10
m740,368,124,44,70,13,106,1,2,18,92,33,88,38,81,44,76,50,72,53,70,56,64,67,55,73,48,80,39,88,31,96,26,100,22,103,19,106,16,108,15,110,13,111,12,112,11,114,9,115,8,116,7,118,6,118,4,19,3,55,3,40,3,21,2,18,5,31,5,40,2,21,2,13,13,26,7,40,1,11,1,9,3,10,18,24,6,41,1,10,2,9,1,11,19,24,6,41,1,9,3,8,2,11,20,24,4,51,4,8,3,10,21,59,2,16,6,7,3,10,21,75,8,6,4,11,21,74,8,6,4,11,22,67,1,4,9,6,4,11,22,67,1,3,11,5,4,11,23,58,10,2,11,6,3,11,24,55,25,6,4,9,27,34,7,13,25,5,4,8,30,31,8,13,28,2,4,7,32,16,3,11,8,11,37,4,36,11,10,6,9,11,99,4,11,8,101,4,12,1,19
m740,368,124,49,83,6,107,18,91,7,2,26,86,40,80,48,71,55,67,59,63,63,58,67,54,73,48,78,43,83,34,93,29,96,26,100,22,103,19,106,17,108,15,109,14,111,12,112,11,114,10,114,9,67,10,38,8,70,15,32,6,69,17,32,4,70,18,32,3,21,1,11,12,27,16,33,2,11,2,8,2,10,15,25,16,23,2,8,2,10,3,8,3,9,16,24,16,23,3,7,1,11,3,8,3,8,17,25,15,23,4,6,1,10,4,8,3,9,17,25,14,23,4,16,5,7,4,9,18,25,12,25,5,12,7,7,4,9,19,26,10,26,5,10,8,7,4,9,19,26,10,25,7,2,1,5,9,6,5,9,20,26,9,26,7,1,1,5,10,5,5,9,21,24,9,27,9,4,12,4,5,9,22,23,9,13,1,11,12,3,12,4,6,8,23,22,9,10,4,13,11,1,13,4,6,7,26,19,10,8,5,14,35,6,29,16,11,6,7,13,36,6,34,10,13,4,8,9,40,5,58,4,9,5,107,3,121,4,120,4,120,4,120,4,122,1,30
m741,368,124,47,85,3,109,4,5,7,106,19,92,34,85,42,75,51,70,56,65,62,59,68,54,73,48,79,42,85,35,91,30,96,26,99,23,102,20,104,18,107,15,109,14,111,12,112,11,114,9,83,7,25,8,81,10,25,7,81,11,26,5,79,14,26,5,78,15,26,4,32,12,34,16,26,3,11,1,20,15,32,16,26,2,10,3,8,1,10,16,31,17,26,2,9,4,8,1,10,17,30,17,26,2,8,5,7,3,9,18,28,18,26,1,8,5,8,3,9,18,28,18,34,6,7,4,9,19,27,17,33,9,6,4,9,20,25,18,27,1,4,10,6,4,9,20,25,18,27,1,4,10,5,5,9,21,24,18,26,3,2,12,4,5,9,21,23,19,14,2,9,4,2,12,4,5,9,23,21,18,15,2,9,18,4,5,9,24,19,19,15,2,8,20,3,6,7,27,16,19,16,2,2,2,2,31,7,34,7,21,16,2,1,37,6,63,13,43,5,63,11,113,10,114,9,116,6,21
m743,368,123,47,84,4,108,3,5,8,104,20,90,35,83,43,73,52,67,57,64,62,58,68,53,74,46,80,40,86,32,93,28,96,24,100,21,103,18,106,15,108,14,110,11,112,11,112,10,113,9,115,7,85,7,24,6,84,12,21,6,82,14,21,5,35,7,39,17,21,3,30,14,36,19,21,2,31,15,33,21,12,2,7,2,9,3,18,17,32,21,12,2,7,2,8,4,18,17,31,22,12,3,6,1,8,4,8,1,10,18,26,27,11,3,6,1,7,5,7,2,10,19,23,29,11,3,12,7,7,3,9,20,22,8,2,19,11,4,5,1,3,9,6,4,9,20,23,6,4,18,11,4,5,14,5,4,9,21,23,6,3,19,9,6,4,14,5,4,9,22,22,28,9,6,2,16,5,4,9,22,21,29,9,25,4,4,9,23,21,28,10,25,2,6,8,24,20,28,10,33,8,24,20,29,9,33,7,26,19,29,9,34,6,27,18,29,10,34,5,27,18,29,10,35,4,28,17,29,10,67,17,29,9,70,14,32,6,10
m744,368,121,48,83,4,105,4,5,8,102,19,89,34,80,44,71,52,66,56,63,59,59,64,55,73,45,80,38,86,30,93,26,96,22,101,18,103,16,106,13,108,11,110,10,112,9,112,8,104,1,8,7,104,3,7,6,80,12,13,3,8,4,78,16,12,4,7,4,76,19,11,4,7,3,36,6,34,20,12,3,7,2,31,13,31,23,11,3,7,1,31,15,29,24,11,4,6,1,9,3,18,17,28,24,12,3,6,1,8,4,7,2,9,17,26,27,11,4,13,4,8,2,9,18,23,29,11,4,12,5,8,2,9,19,21,30,12,4,9,7,7,3,9,20,20,30,12,4,7,10,5,4,9,21,20,30,11,5,5,11,5,4,9,21,21,29,11,5,3,13,5,4,9,21,21,29,11,21,4,5,9,22,21,29,10,22,3,6,8,23,21,28,9,32,8,24,20,28,9,32,7,25,21,28,8,33,6,26,20,28,9,32,6,26,20,28,9,33,5,27,18,29,9,34,4,27,18,29,9,66,17,30,8,68,15,31,6,74,7,34,6,9
m745,368,121,48,79,4,112,11,108,14,105,18,99,26,80,43,70,52,66,56,62,62,55,74,45,80,38,85,33,89,28,95,23,99,20,101,18,104,15,106,13,109,11,110,10,111,8,113,7,84,5,26,5,79,13,24,5,76,17,23,4,76,19,22,3,75,21,12,1,10,1,19,2,9,12,33,22,12,2,9,1,10,1,8,2,8,14,31,23,12,2,18,3,7,3,8,14,28,26,12,3,16,4,7,3,8,15,23,31,11,4,14,4,8,3,8,15,20,34,11,4,7,1,5,5,7,4,8,16,19,34,10,6,6,1,2,8,7,4,8,17,18,34,10,7,5,11,6,5,8,18,18,33,10,8,4,11,6,5,8,19,18,32,9,9,4,12,4,6,8,19,20,30,9,9,4,12,4,6,8,20,20,30,8,10,1,15,2,7,8,20,22,28,8,35,7,22,22,27,8,35,7,23,21,27,8,36,6,23,22,26,9,35,6,24,21,27,8,36,5,24,21,27,8,38,2,26,20,27,8,67,19,27,7,69,17,28,7,73,12,30,5,14
m745,368,121,47,79,6,111,11,106,16,102,23,92,31,78,45,68,54,64,60,58,68,50,76,42,81,37,86,32,90,27,96,23,99,19,102,17,105,15,106,13,108,12,110,10,111,9,112,8,75,4,35,6,74,7,34,5,17,1,56,11,31,4,17,2,56,12,30,3,18,3,12,5,37,14,30,2,18,2,9,12,32,16,30,1,29,14,30,17,19,2,9,1,29,15,26,19,19,4,17,2,8,2,9,15,23,22,19,5,14,4,8,1,10,16,19,25,19,5,7,1,6,4,8,1,10,16,19,24,20,6,6,1,4,6,7,2,10,17,18,24,20,7,5,11,7,2,10,18,18,22,19,9,5,11,6,4,9,19,19,20,16,11,6,12,5,4,9,19,20,19,15,12,5,14,3,5,9,20,21,16,16,13,3,23,9,20,22,15,17,39,8,21,22,14,16,40,7,23,22,12,16,42,6,23,23,11,13,45,6,24,22,11,12,47,5,25,21,11,9,51,3,26,21,11,8,53,3,26,20,12,6,85,17,13,5,29
m745,368,120,47,78,7,109,12,105,16,100,22,88,36,74,48,66,56,62,59,58,67,50,76,41,81,36,86,30,91,26,95,22,100,18,102,16,105,14,106,12,108,11,110,9,111,8,112,7,75,3,35,6,75,5,34,5,75,7,34,3,18,1,56,10,32,2,33,6,36,13,30,1,30,12,33,14,20,2,8,1,29,14,30,17,18,4,16,3,18,15,26,20,18,4,15,5,17,15,22,23,19,5,13,5,18,16,19,25,18,7,11,5,19,16,19,25,18,8,9,6,7,2,10,17,19,23,16,11,4,11,6,3,10,18,19,22,15,13,3,12,5,4,9,18,20,20,15,14,3,12,5,4,9,19,20,19,15,15,2,13,3,5,9,20,21,17,14,39,9,20,22,15,14,41,8,21,23,13,12,43,7,23,23,12,11,45,6,23,23,12,10,46,6,24,23,11,9,48,5,25,22,11,8,50,4,25,22,11,7,52,3,26,21,11,7,83,17,13,7,26
m745,367,121,48,81,2,117,6,112,10,106,16,102,21,94,31,75,48,68,55,63,60,58,67,51,75,43,81,37,85,32,91,26,96,23,99,20,102,17,105,15,106,13,108,12,110,10,111,9,112,8,76,8,29,7,75,11,29,5,75,12,29,4,18,1,56,14,29,2,19,1,12,8,35,15,29,2,18,2,9,12,33,16,17,3,9,1,19,2,8,14,30,18,17,4,8,1,8,3,18,14,27,20,18,5,15,4,18,15,22,24,18,5,14,5,6,3,9,16,20,24,18,7,6,1,5,5,7,2,10,16,19,24,19,7,6,1,3,7,7,2,10,17,19,23,17,9,6,11,6,3,10,18,18,23,16,9,7,11,6,4,10,18,19,20,16,10,7,12,5,4,10,18,20,19,15,11,7,13,3,5,9,20,21,17,15,10,8,14,2,5,9,21,21,15,16,10,8,22,8,21,23,13,16,10,7,23,7,23,23,11,17,11,3,27,6,23,24,10,17,41,6,24,23,10,16,43,5,25,22,10,15,45,3,26,22,10,11,79,21,10,10,82,18,12,8,26
m744,367,122,48,83,2,117,6,114,8,107,16,103,23,84,42,73,50,67,57,63,61,59,69,50,76,43,81,38,86,32,91,27,97,23,100,20,102,18,105,15,107,14,109,11,111,10,112,9,113,8,76,4,35,6,76,6,34,5,17,2,57,11,30,5,17,2,56,12,31,3,18,2,12,8,35,14,30,2,18,3,9,12,33,15,30,2,18,3,8,14,30,17,18,3,9,1,9,3,7,3,8,15,26,20,18,4,8,1,8,4,6,5,7,15,22,23,19,5,7,1,7,4,7,5,7,16,19,25,17,8,6,1,6,5,7,4,8,17,18,24,17,10,10,7,6,5,8,17,19,23,15,12,5,12,6,5,8,18,19,22,15,12,5,13,4,5,9,19,19,20,15,12,6,13,4,5,9,19,21,18,15,12,6,14,3,5,9,20,21,16,16,13,5,22,9,21,22,14,16,13,4,24,8,21,23,13,15,42,7,23,23,12,14,44,6,23,23,12,14,44,6,24,23,11,12,47,5,25,22,11,10,51,2,26,22,11,9,81,21,11,8,85,15,14,7,27
m741,368,123,48,75,12,108,19,101,24,96,28,89,35,78,47,70,54,63,62,59,67,54,72,46,79,40,85,32,94,27,97,24,100,20,104,17,106,16,108,14,110,13,110,12,76,3,33,10,75,6,32,9,16,3,57,9,30,7,14,6,55,12,29,7,13,7,54,9,3,1,29,6,13,9,52,14,30,5,13,8,52,15,31,3,13,9,50,17,31,3,13,8,50,7,3,8,31,2,13,9,10,2,36,7,5,8,19,3,10,1,13,10,8,4,31,11,6,7,19,4,22,11,7,5,27,15,2,1,1,9,19,5,20,12,8,5,24,17,2,11,20,5,18,14,7,5,22,19,1,11,21,6,17,14,7,5,22,31,18,9,12,2,2,15,7,6,21,31,17,10,11,3,2,15,7,6,23,29,17,10,6,1,3,21,7,7,24,28,15,11,6,25,7,8,24,26,16,11,6,25,7,9,24,25,17,11,3,28,5,11,23,25,17,42,5,12,25,22,17,60,23,23,16,62,23,22,15,64,21,24,12,68,18,25,7,76,15,111,10,59
m733,367,106,49,80,3,87,23,81,27,77,31,61,46,50,56,46,61,44,62,43,64,41,66,35,74,20,87,18,90,14,92,13,94,10,97,7,100,5,101,5,102,4,102,4,102,3,103,3,70,4,29,3,69,8,26,2,70,9,25,2,11,4,54,10,25,2,10,5,53,11,25,1,11,5,52,13,24,1,10,6,51,14,24,1,10,6,13,2,34,15,25,1,10,6,11,5,32,16,35,7,10,7,28,19,35,8,9,7,23,24,35,9,8,8,21,24,36,9,8,8,21,24,27,1,8,10,7,8,22,23,27,1,8,10,7,9,22,22,27,1,8,10,7,9,22,22,5,2,20,1,8,10,8,9,22,22,3,5,17,2,9,9,8,10,22,31,15,2,10,8,8,11,21,31,11,6,10,8,9,11,21,30,11,7,9,9,8,11,22,28,10,9,9,9,8,12,21,28,10,10,8,11,6,13,20,29,9,11,6,32,19,28,10,12,4,34,17,29,10,52,15,29,8,57,11,31,6,10
m709,368,120,48,77,8,109,12,106,16,102,22,94,28,80,42,69,52,64,59,59,67,50,75,42,79,38,84,32,89,26,95,23,97,21,100,18,102,15,106,12,108,11,109,10,111,8,112,8,113,6,98,2,14,5,76,5,17,5,12,4,76,6,17,4,13,4,10,2,63,8,17,2,14,3,10,2,63,8,34,2,10,3,21,9,31,10,34,2,9,4,19,12,29,10,35,2,9,5,18,13,27,11,35,1,9,6,18,14,25,11,36,1,8,8,17,15,23,12,21,2,20,10,17,16,23,10,21,4,18,12,17,15,23,10,21,5,16,14,16,16,23,9,19,7,15,16,15,17,22,9,17,10,14,16,15,18,22,8,18,11,12,18,14,17,23,7,18,11,7,1,4,18,13,20,21,6,18,12,5,3,5,19,11,21,21,5,17,14,2,5,5,20,10,23,19,5,16,22,5,21,9,24,19,4,14,25,4,22,8,25,18,4,12,27,4,23,7,27,16,4,11,29,2,25,6,28,15,4,10,58,6,29,14,3,9,61,4,31,9,7,7,30
m703,369,113,47,65,7,91,24,84,32,78,39,68,48,58,58,53,69,42,75,34,81,28,87,20,94,17,97,15,99,13,101,11,103,8,106,6,107,5,109,4,93,4,13,2,94,5,13,1,94,6,12,1,94,7,86,2,18,8,80,13,13,8,77,16,12,9,75,18,11,10,22,2,49,19,10,13,20,2,47,21,10,14,18,3,45,22,12,14,17,3,43,24,12,14,16,4,41,26,12,17,13,4,36,31,12,17,12,5,20,6,7,34,12,18,10,7,18,48,12,18,10,7,18,48,11,20,8,9,17,48,11,20,8,10,16,49,10,20,7,12,15,49,10,20,7,13,15,48,10,20,6,14,16,47,10,20,6,15,15,47,9,21,6,15,15,47,9,22,5,15,15,47,9,23,4,16,14,47,9,23,4,16,14,48,7,25,3,17,13,48,7,46,12,49,6,20
m669,369,118,47,73,10,104,17,96,22,84,35,79,39,74,45,70,55,61,60,55,66,49,77,35,86,25,95,21,98,19,100,15,103,13,105,11,108,9,109,8,110,7,111,7,111,6,112,5,93,8,12,4,13,1,78,11,11,4,10,6,75,12,11,3,10,7,9,3,62,13,11,2,10,8,8,5,61,13,11,2,8,10,8,5,60,15,19,11,8,5,60,15,19,11,8,5,60,15,18,12,8,6,37,2,20,16,16,13,8,6,19,21,18,17,15,14,9,6,18,23,16,18,9,1,2,17,8,6,18,22,17,18,9,1,2,17,9,6,17,22,16,20,8,1,1,18,9,7,17,21,16,20,8,20,9,7,17,21,16,20,8,20,9,8,17,20,15,22,7,20,9,9,17,19,15,22,7,20,8,11,16,19,14,24,6,21,8,11,15,19,14,24,5,22,8,12,14,19,14,52,6,14,13,19,13,54,5,15,12,19,13,55,5,15,11,19,12,57,4,16,10,19,11,60,2,17,8,21,9,34
m653,369,119,48,70,1,105,18,88,32,84,35,80,39,76,44,71,48,66,62,45,79,37,89,29,95,23,98,20,100,18,103,15,105,13,107,12,108,10,110,9,111,8,99,1,12,6,99,3,12,5,99,3,12,5,99,4,12,4,99,5,12,3,100,5,12,2,84,3,12,8,11,1,16,8,60,5,10,9,10,1,14,11,58,6,10,10,23,12,58,6,10,11,8,1,12,14,57,6,9,13,7,1,11,15,36,3,18,6,9,14,6,1,11,16,22,17,17,6,9,16,4,1,11,16,20,20,15,7,8,17,4,1,11,17,19,20,15,7,8,18,3,2,10,17,19,19,16,7,8,19,2,2,10,18,18,19,15,8,8,19,2,2,10,18,18,19,15,8,8,23,9,19,19,18,14,8,9,24,7,21,18,18,13,9,9,24,7,22,17,18,12,10,8,25,6,24,17,16,12,10,9,56,16,16,12,10,8,59,14,16,12,10,7,61,14,15,12,10,6,62,14,15,11,11,5,65,12,16,10,11,4,66,12,18,6,13,3,69,10,37,2,29
m619,371,116,46,73,12,76,40,70,47,62,54,58,58,56,60,54,75,38,86,27,92,22,95,20,98,16,101,12,104,9,108,6,111,5,111,4,112,4,112,4,12,4,96,4,11,5,96,4,11,5,96,3,11,6,96,3,10,8,61,1,33,2,10,9,20,2,38,3,13,4,15,2,9,10,17,7,34,5,12,6,14,1,10,10,17,8,32,6,12,7,13,1,9,11,16,11,28,7,12,8,23,11,16,13,24,9,12,9,21,12,17,15,18,11,13,9,12,3,2,16,17,43,13,11,11,21,17,43,13,13,9,22,16,42,14,13,9,22,16,42,13,15,8,22,16,42,13,15,8,23,15,42,13,15,8,23,15,42,13,16,7,23,15,42,12,17,7,24,14,42,12,17,6,25,14,42,11,18,5,27,13,42,11,19,2,30,12,42,10,53,11,42,10,54,10,42,9,56,9,42,9,58,6,43,8,61,4,44,6,29
m607,368,116,49,67,5,62,13,33,12,57,19,26,15,56,21,7,5,3,24,56,60,57,60,62,54,65,51,7,13,47,75,22,3,16,77,18,10,12,78,15,18,4,80,14,102,13,104,12,105,10,107,8,93,4,11,8,93,5,11,6,94,5,11,5,95,6,10,5,95,6,11,4,96,5,12,2,97,6,11,2,97,7,11,1,72,3,22,7,11,1,14,1,55,6,21,7,11,1,13,5,51,8,20,8,10,1,12,7,16,3,29,10,20,9,9,1,12,8,16,4,25,12,21,9,8,1,12,8,16,6,22,13,21,11,19,9,16,8,16,15,22,12,18,9,17,38,22,12,5,1,12,10,17,37,22,13,4,1,12,10,17,37,21,14,4,1,12,11,17,35,22,14,4,2,11,11,17,35,22,14,3,2,12,12,17,34,22,15,2,3,11,12,17,34,22,15,2,3,11,13,16,34,22,20,11,13,16,34,22,21,10,14,16,33,21,23,2,22,15,33,21,47,16,32,20,50,14,32,10,6,4,51,13,32,10,6,3,53,12,32,9,6,4,54,12,32,7,7,4,55,11,32,7,6,4,58,8,34,5,33
m576,363,120,54,38,1,119,5,113,8,111,12,94,31,81,44,18,11,45,47,13,17,41,51,7,22,40,80,39,82,38,87,33,90,30,93,26,96,24,100,20,103,17,105,15,106,14,107,13,108,12,109,11,110,10,111,8,12,6,94,8,11,8,93,7,11,9,94,5,11,10,94,4,11,10,95,3,12,10,69,3,23,2,12,11,69,3,23,2,11,11,69,5,22,2,11,11,28,4,22,3,12,5,22,2,10,12,28,7,16,6,12,5,22,1,10,14,26,30,12,5,22,2,8,15,27,29,12,5,8,1,14,1,7,16,27,28,13,5,8,3,12,1,6,18,26,28,13,5,8,4,11,1,5,19,26,28,13,5,8,4,11,2,3,20,26,27,14,5,7,6,10,25,25,28,14,5,7,6,10,25,7,1,17,27,15,5,7,6,10,26,4,4,17,26,14,6,7,6,10,35,16,26,14,6,7,6,10,36,15,25,15,5,8,6,10,37,14,25,14,6,8,6,9,39,13,25,13,7,7,6,10,40,12,25,13,7,4,9,8,43,11,25,12,21,6,45,11,24,13,21,5,47,10,24,13,21,5,48,9,24,12,21,5,49,9,24,12,21,4,51,8,25,10,78,5,28,9,34
m571,360,116,56,79,2,2,1,3,1,40,21,44,20,30,32,33,22,28,36,28,24,26,42,10,4,9,21,29,47,4,29,35,77,38,78,37,81,35,84,32,88,27,91,25,94,22,95,20,9,3,85,19,8,4,86,17,9,4,87,16,8,5,87,16,8,5,88,15,7,5,9,3,78,13,8,5,8,4,16,5,58,12,8,4,8,5,14,11,56,10,7,4,8,6,13,16,53,9,7,4,7,7,13,23,47,8,7,3,8,7,12,25,47,7,6,4,8,6,13,24,14,3,14,1,17,6,5,4,9,6,13,24,14,4,12,5,15,5,5,4,9,6,12,24,14,6,12,7,13,4,5,4,8,6,13,23,15,8,10,9,11,4,5,4,8,6,13,23,15,9,9,10,11,3,4,5,8,6,13,23,14,10,9,11,11,2,5,3,9,6,12,23,15,11,9,10,11,2,5,3,9,6,12,23,14,13,8,11,11,2,3,4,9,6,12,23,14,13,8,11,11,2,16,6,12,23,13,14,8,11,12,1,15,7,12,22,14,14,8,12,11,2,14,7,12,22,14,14,8,12,11,4,12,7,12,21,14,15,8,13,10,4,12,7,12,20,15,15,8,14,9,3,13,7,12,20,14,16,8,15,8,4,12,7,12,19,15,16,8,16,7,4,11,8,12,18,15,17,8,16,7,7,9,7,12,17,16,17,8,17,6,8,8,8,11,17,15,18,8,18,5,8,7,9,12,15,16,18,8,18,5,9,6,9,12,14,16,19,8,18,5,10,5,9,12,13,16,20,8,18,5,11,3,10,12,13,16,20,8,19,4,24,12,12,16,22,6,20,4,25,11,12,15,23,6,19,5,25,11,12,14,24,5,21,4,25,11,11,14,25,5,21,3,26,11,11,14,25,5,21,3,26,10,12,13,26,4,22,3,26,10,12,12,27,4,22,3,27,9,13,10,28,3,24,1,2
m545,335,164,98,0,2,504,2,162,2,1175,10,153,12,151,13,151,12,151,15,148,17,148,13,151,12,25,4,122,13,24,26,101,13,22,31,97,15,20,32,96,17,18,32,95,20,14,33,93,28,10,30,93,33,8,27,94,35,6,25,96,67,96,69,94,71,91,76,87,79,83,84,79,15,6,66,75,14,9,69,72,11,12,71,69,11,13,12,6,55,66,11,13,12,10,53,65,10,14,12,12,53,62,10,15,12,14,51,62,10,15,11,18,49,60,10,15,12,21,47,59,9,16,12,24,45,58,8,17,12,25,48,53,8,18,11,27,50,50,7,18,12,28,15,3,33,48,6,18,13,28,15,5,33,47,4,19,13,28,15,6,37,65,12,29,16,5,39,63,12,29,16,5,42,60,12,29,16,5,43,59,11,30,17,2,46,57,12,31,65,56,11,32,65,56,11,32,66,55,11,32,67,54,10,33,67,54,10,33,68,53,10,33,68,52,11,33,69,51,11,33,70,50,11,32,72,49,11,32,73,48,11,32,79,42,11,32,83,37,12,32,86,28,18,32,86,27,19,31,86,27,20,31,90,22,21,31,87,24,22,31,87,2,2,19,23,31,87,22,24,31,32,4,51,22,24,31,31,6,48,23,25,31,30,8,48,22,25,31,11,2,16,10,5,1,34,1,5,23,25,31,11,3,14,19,30,6,2,23,25,31,10,4,14,20,29,32,24,31,9,6,12,22,28,33,23,31,8,7,12,23,27,33,22,32,7,8,11,25,26,34,18,36,5,9,11,27,24,103,10,29,12,3,7,103,10,34,4,7,6,103,10,46,5,103,10,46,5,103,10,47,4,103,9,48,4,103,9,47,5,103,9,47,5,102,10,47,5,100,11,49,4,99,11,51,3,99,11,52,2,98,11,151,11,153,11,153,10,72
m495,355,149,69,36,2,146,7,141,9,46,14,81,9,42,20,79,9,38,24,78,10,36,26,77,11,34,27,62,13,1,13,32,28,54,36,30,28,50,41,29,29,47,45,26,30,47,47,2,6,12,34,47,102,46,103,46,16,6,81,46,11,16,77,45,6,22,76,72,77,68,81,65,84,61,88,59,91,56,96,52,91,57,90,5,4,49,89,7,5,47,90,1,15,42,13,5,91,39,12,7,93,36,11,9,24,3,67,34,11,9,24,25,47,32,11,10,24,25,48,30,10,11,27,23,49,28,10,12,29,20,51,26,10,12,9,1,22,17,52,25,10,13,8,4,21,16,54,23,10,13,8,4,22,14,56,22,9,14,7,6,22,13,58,19,9,15,7,7,23,11,59,18,8,16,7,7,24,10,59,18,7,17,7,8,23,10,60,17,6,18,7,9,23,9,61,16,6,18,7,10,22,9,62,15,5,19,8,11,20,9,64,13,5,19,8,13,19,8,66,11,4,21,8,14,17,8,70,32,8,16,14,8,74,29,8,17,12,9,75,28,8,18,8,11,77,27,8,20,3,13,79,26,8,36,79,27,7,36,80,26,7,36,80,27,6,36,79,28,7,35,30,3,45,30,6,35,27,8,25,3,11,35,5,35,27,9,23,6,6,38,5,35,26,11,21,52,5,34,25,13,20,52,5,34,24,15,18,54,4,34,23,17,17,55,3,34,22,20,15,92,21,129,10,3,6,130,10,3,5,131,9,5,3,133,8,141,8,142,6,71
m440,363,164,60,81,10,151,23,135,31,115,4,12,34,77,19,15,9,6,39,72,93,68,96,66,98,64,101,61,104,59,107,56,110,53,113,50,116,48,9,9,99,50,5,12,98,66,99,66,99,65,100,64,101,64,102,62,103,61,105,60,105,59,106,58,108,56,109,56,110,54,112,53,112,52,31,10,72,52,29,17,3,1,64,50,29,22,64,50,28,22,65,49,28,22,66,49,28,21,67,48,28,20,69,49,6,2,19,19,70,49,4,4,19,18,72,56,19,17,74,54,20,16,78,51,20,15,80,49,20,15,80,50,19,15,81,50,19,14,82,50,18,14,83,50,18,13,84,51,16,13,85,51,15,13,59,6,20,52,14,13,58,8,20,52,12,14,58,9,19,53,11,15,56,10,20,53,9,16,33,4,18,17,15,54,5,18,31,6,17,21,12,78,29,8,15,27,7,78,11,2,12,13,13,33,2,79,8,5,10,15,11,115,8,6,8,17,8,118,6,9,6,18,3,123,4,11,5,63
m438,363,131,66,36,14,40,15,56,25,33,19,49,36,24,23,44,42,19,27,38,50,11,34,28,103,25,107,22,110,19,114,16,118,14,119,12,121,13,12,6,102,40,92,41,92,41,91,40,92,39,93,38,94,37,94,36,95,35,96,34,71,12,14,33,71,14,13,31,72,15,12,31,73,16,11,29,75,16,10,29,76,17,9,29,76,17,9,28,77,17,10,27,77,17,10,27,77,18,9,26,78,18,9,26,78,18,9,26,78,19,9,25,78,19,9,24,79,19,9,24,80,18,9,23,84,15,9,22,88,12,9,21,91,10,9,21,86,1,4,10,9,20,84,4,4,10,9,19,84,6,1,12,9,19,85,18,9,19,85,5,7,6,9,18,88,2,8,6,9,18,98,33,27,1,34,5,21,3,6,34,26,2,33,7,19,44,26,3,31,9,17,45,27,2,31,10,15,46,28,1,30,13,13,46,28,2,28,16,11,46,29,2,26,18,8,48,13,5,11,3,7,1,16,20,6,50,11,8,9,4,6,3,13,21,5,51,11,10,7,4,6,5,9,23,4,52,10,12,6,4,6,37,4,53,8,15,5,3,6,37,3,54,8,17,4,1,7,38,2,54,8,23,5,39,2,55,6,24,5,97,5,25,4,127,3,129,2,76
m459,360,114,57,31,8,104,12,101,15,97,19,91,25,32,4,49,31,25,23,32,37,19,29,26,44,10,36,23,92,21,94,19,96,17,97,16,99,15,100,12,103,10,14,2,89,9,12,7,87,7,11,10,87,5,12,12,86,3,12,14,86,2,11,15,98,15,98,15,99,14,98,15,91,1,4,17,92,22,92,21,93,21,26,1,66,20,26,4,64,20,26,6,62,19,27,29,39,19,27,29,39,19,28,29,14,4,20,19,9,3,16,29,13,6,19,19,8,5,15,28,14,6,19,19,7,6,16,27,14,7,18,19,7,6,16,26,15,7,18,18,8,6,17,25,15,7,18,18,8,3,1,1,19,23,16,6,18,19,8,3,21,23,16,6,18,20,7,3,22,21,17,5,18,20,8,4,21,21,17,5,17,22,7,4,22,20,16,8,14,24,6,5,1,2,18,19,16,10,12,26,6,10,16,18,15,12,10,44,15,18,15,14,7,46,14,18,14,16,5,48,13,18,13,71,12,18,13,72,11,17,13,73,11,17,13,74,10,17,12,76,8,18,12,79,4,20,10,104,10,104,9,34
m459,360,123,57,32,7,113,12,110,14,107,18,102,23,30,18,47,31,24,26,40,37,17,31,36,43,9,37,32,92,29,95,27,96,26,97,26,98,24,100,22,102,19,12,4,89,17,11,8,89,14,11,11,88,13,10,14,87,11,11,14,88,9,11,15,89,8,10,15,91,7,9,15,93,6,8,15,95,6,7,14,97,25,82,2,14,25,81,5,13,24,82,5,13,22,71,2,10,6,12,22,27,3,41,3,9,7,11,21,28,6,37,5,8,8,11,20,28,28,15,5,8,8,11,19,29,29,14,6,7,9,10,19,30,28,13,7,7,9,10,19,30,28,13,7,7,10,9,19,30,27,14,7,7,11,9,18,30,27,14,7,7,11,9,18,31,25,15,7,7,12,8,18,31,24,16,7,7,12,8,17,32,24,16,7,7,13,7,17,33,23,16,7,7,14,6,17,33,22,16,8,7,14,6,17,11,5,18,21,16,8,7,15,5,17,9,8,18,20,16,9,5,16,5,17,9,9,17,19,16,11,5,15,5,17,9,10,16,19,15,14,3,15,5,18,7,11,17,18,14,17,3,12,6,18,5,14,16,18,13,33,6,38,15,18,13,33,6,39,14,18,12,35,4,41,13,17,13,35,2,43,13,17,12,36,1,45,12,17,12,82,12,17,11,84,11,17,11,85,9,18,10,88,7,19,8,44
m459,360,123,57,32,7,113,12,110,14,107,18,101,24,30,18,48,31,23,26,40,36,18,31,36,43,9,37,32,48,2,42,29,95,27,96,26,98,25,98,24,100,22,102,20,11,5,88,18,10,9,88,15,10,11,88,13,10,14,87,11,11,15,87,10,10,16,88,8,10,16,90,7,10,14,93,7,8,13,96,7,6,14,97,25,82,2,14,25,82,4,13,23,83,5,13,22,71,3,9,6,12,22,28,2,40,4,9,7,11,21,28,6,37,5,8,8,11,20,28,10,3,15,15,5,8,8,11,19,30,28,13,7,7,9,10,19,30,28,13,7,7,9,10,19,30,28,13,7,7,9,10,19,30,27,14,7,7,10,9,19,30,27,14,7,7,11,9,18,10,1,20,25,15,7,7,12,8,17,32,24,16,7,7,13,7,17,32,24,15,8,7,13,7,17,33,22,16,8,7,14,6,17,11,5,17,22,16,7,8,15,5,17,10,6,18,21,16,8,6,16,5,17,9,9,17,20,15,9,6,16,5,17,9,9,17,19,16,11,4,16,5,17,9,10,16,19,15,14,2,16,5,17,8,11,16,19,14,32,6,18,5,14,16,18,13,33,6,38,15,18,13,33,6,39,14,17,13,35,4,40,14,17,13,35,3,42,13,17,12,82,12,17,12,82,12,17,11,84,11,17,11,85,9,18,10,88,7,19,8,44
m460,360,122,57,30,8,112,11,109,15,105,19,34,4,62,24,29,20,46,30,23,27,39,36,17,32,35,42,10,37,31,47,4,41,28,95,26,96,25,98,24,98,23,100,21,102,19,11,4,89,17,11,7,89,14,10,11,88,13,9,14,87,11,10,15,87,9,10,15,89,8,9,15,91,7,9,14,93,7,7,14,95,7,5,14,96,25,98,24,82,4,13,23,82,5,12,22,72,1,10,6,12,21,27,3,41,3,9,7,11,20,28,6,18,4,16,4,8,7,12,19,10,2,16,28,15,5,8,8,11,18,10,4,15,29,14,5,8,9,10,18,10,4,15,29,14,6,7,9,10,18,9,5,16,28,13,7,7,9,10,18,8,6,16,27,14,7,7,10,10,17,8,6,16,27,14,7,7,11,9,17,8,6,17,25,15,7,7,12,8,17,8,6,17,25,14,8,8,11,8,16,9,7,16,24,15,8,8,12,7,16,9,7,17,23,15,8,8,13,6,16,9,7,17,22,16,8,8,14,5,16,9,8,17,21,15,9,8,14,5,16,9,9,16,21,15,10,6,15,5,16,9,9,17,19,15,13,4,15,5,16,9,10,16,19,14,16,2,15,5,16,9,10,16,19,14,32,6,17,7,12,16,18,13,33,6,17,5,15,15,18,13,33,5,39,14,17,13,35,4,40,13,17,13,35,2,42,13,17,12,37,1,43,12,17,11,83,11,17,11,83,10,18,11,84,9,18,10,87,7,19,8,44
m459,360,122,57,31,7,114,10,110,14,106,18,101,23,31,19,46,28,26,26,40,34,18,32,36,41,8,38,32,91,29,94,27,95,26,97,24,99,22,100,21,12,2,88,18,12,6,87,16,11,9,88,13,11,12,87,11,12,13,87,10,11,15,87,8,11,15,89,7,10,15,91,6,10,14,93,6,8,14,95,7,5,14,97,24,98,24,81,4,14,23,82,4,13,22,71,3,9,6,12,21,27,4,40,3,9,7,11,20,28,6,17,4,16,5,8,8,10,20,28,28,15,6,6,9,11,18,10,4,15,28,15,6,6,10,10,18,9,5,15,29,13,7,6,10,10,18,9,5,16,27,14,7,7,10,9,18,8,7,15,27,14,7,7,10,9,18,8,7,15,27,14,7,7,11,8,18,8,7,16,25,15,7,7,11,8,18,8,7,16,24,16,7,8,11,7,18,8,7,17,23,15,8,8,12,6,17,9,7,17,22,16,8,8,13,5,17,9,8,17,21,16,8,8,14,4,17,9,8,17,21,16,9,7,14,4,17,9,9,17,19,16,10,7,14,4,18,8,9,17,19,15,13,3,16,4,18,7,11,16,19,15,32,4,18,7,12,15,19,14,33,4,18,6,14,15,17,15,33,4,18,6,14,15,17,14,35,3,18,4,17,14,17,14,35,1,42,13,17,13,80,12,17,13,80,12,17,12,82,11,17,12,82,11,18,10,85,8,19,9,87,6,20,8,43
m478,363,108,54,61,7,98,21,48,3,34,26,44,6,29,30,42,9,9,5,9,35,40,11,6,53,38,70,37,72,34,74,33,76,31,78,29,80,26,84,23,87,21,88,19,90,16,93,15,94,12,97,11,98,10,99,9,100,8,26,4,71,8,23,7,53,4,14,7,22,8,53,5,13,7,22,8,53,6,13,6,22,9,39,3,10,7,12,5,23,10,19,3,15,5,9,8,11,5,23,32,15,6,9,8,11,4,23,33,13,8,8,8,11,4,22,34,13,8,8,8,11,4,23,32,14,8,8,9,10,4,23,32,14,8,8,9,11,2,24,31,14,9,8,10,10,2,24,31,14,9,8,11,9,2,9,2,13,30,15,9,8,12,8,2,8,4,12,29,16,9,8,13,7,2,8,4,12,29,16,8,9,14,15,6,11,28,17,7,11,14,14,6,11,28,16,8,11,14,13,8,10,28,16,10,9,15,12,9,9,27,16,12,8,15,12,10,7,28,15,14,7,15,5,1,6,11,5,29,15,15,6,15,5,1,5,46,14,17,4,16,5,2,2,48,13,38,5,52,13,39,3,53,12,41,2,53,12,96,11,97,11,97,10,98,10,98,9,47
m493,361,105,55,2,2,21,2,79,4,19,7,29,16,30,11,12,10,20,26,26,15,8,14,12,34,22,16,6,19,4,40,20,17,4,67,17,90,14,93,12,94,11,95,10,96,9,96,9,97,8,1,2,95,11,1,2,91,7,1,3,94,8,1,2,1,1,93,12,93,11,95,10,95,11,94,12,94,13,92,12,94,13,72,9,11,17,67,11,11,19,47,2,15,12,10,21,7,3,34,5,12,13,11,22,3,6,6,8,18,7,11,13,11,30,4,12,16,8,11,14,11,44,17,9,10,14,11,44,16,10,10,15,10,44,15,12,9,15,10,43,16,12,9,16,9,42,16,12,9,17,9,41,17,12,9,18,8,41,16,13,9,18,8,40,17,12,10,19,7,39,18,10,11,20,7,39,17,11,11,20,7,39,17,10,11,22,6,38,17,12,10,22,6,38,17,12,10,22,6,37,17,13,10,23,5,37,16,14,9,24,5,37,15,16,8,24,5,36,16,17,7,24,5,36,15,19,5,25,5,36,15,49,4,36,15,50,4,36,14,52,3,36,14,53,2,36,13,54,2,36,13,55,1,37,11,58
m514,360,125,53,31,7,116,11,113,14,110,17,26,22,53,2,2,25,16,29,46,80,41,84,36,1,2,87,34,2,2,87,34,92,32,94,30,96,28,98,26,101,23,104,21,106,19,108,17,109,16,110,15,112,16,110,18,108,18,108,17,110,15,111,14,92,2,17,13,89,11,13,12,88,13,13,11,19,7,61,15,12,9,20,11,15,6,37,16,12,5,22,15,10,9,36,16,13,7,18,36,35,17,12,7,17,39,32,18,12,10,13,41,31,19,11,11,12,41,19,2,10,19,12,11,10,41,19,3,10,20,11,11,9,42,19,3,9,21,11,11,9,41,19,3,10,22,10,9,10,42,18,4,9,24,9,8,11,41,18,5,9,24,10,7,11,41,16,7,10,23,10,7,11,41,15,8,10,24,9,6,12,41,14,8,10,25,10,5,12,41,14,7,11,25,10,5,12,41,13,8,11,25,10,5,11,43,12,8,11,26,9,4,12,43,12,7,11,27,9,5,10,45,10,8,10,29,8,5,9,47,7,10,8,32,7,5,8,65,7,36,3,7,5,67,5,120,5,120,5,42
m553,363,126,53,38,2,117,18,25,6,57,2,13,25,18,14,62,1,2,31,9,23,60,35,7,32,49,83,38,2,2,88,34,94,32,95,31,97,28,100,25,103,21,107,18,109,16,112,13,114,12,115,11,116,9,102,1,15,8,101,5,14,6,101,6,14,5,101,7,14,4,102,7,14,3,102,8,13,2,104,8,12,2,10,1,24,8,34,3,24,9,11,2,9,3,21,13,30,7,21,11,9,2,8,5,19,16,26,13,17,12,8,1,8,6,18,18,23,16,16,14,6,1,8,7,17,18,21,19,15,16,4,1,8,7,17,18,20,21,14,19,1,1,7,8,17,17,20,22,14,19,9,8,18,15,20,23,15,20,7,8,18,15,19,24,15,20,6,9,18,14,19,25,15,22,3,10,17,14,20,25,15,23,1,12,16,13,20,26,14,37,16,13,20,26,14,37,16,12,20,27,14,37,15,13,19,28,15,36,13,15,19,28,15,36,10,18,18,29,15,36,8,19,19,29,16,36,6,20,18,31,15,36,6,20,17,32,7,2,5,38,4,21,16,33,5,71,16,34,4,73,14,35,4,73,14,35,4,73,14,35,3,74,13,36,3,74,12,36,3,77,9,37,2,32
m620,363,103,51,12,6,96,11,12,3,4,7,65,42,61,44,6,6,47,59,43,60,43,61,41,62,40,64,38,75,28,84,18,87,15,90,13,91,11,94,8,96,6,98,5,99,3,100,3,101,2,101,2,101,2,101,2,101,2,101,2,68,2,32,1,66,7,29,1,23,5,38,9,27,1,21,11,32,13,45,15,29,15,43,18,26,17,33,4,4,21,23,18,32,30,22,20,30,31,21,21,30,31,20,22,29,31,20,23,29,30,20,24,29,30,19,26,22,1,5,30,19,26,12,11,5,29,19,27,12,12,3,30,19,27,11,46,18,28,11,46,18,28,11,46,18,29,9,47,17,30,9,47,16,31,8,48,15,32,7,50,12,34,6,51,11,35,5,52,10,36,4,55,8,36,3,18
m640,353,115,62,86,2,111,4,109,5,108,6,107,7,107,6,49,12,41,1,1,1,1,8,6,19,26,14,33,17,3,25,25,14,29,48,26,15,24,51,28,16,18,53,32,21,2,42,51,61,55,58,57,56,60,54,60,54,61,53,61,52,47,67,1,12,31,90,23,95,19,98,16,101,13,103,11,105,9,107,7,108,6,110,5,111,3,112,3,82,4,26,3,79,13,21,2,78,16,19,2,77,17,20,1,23,8,44,20,19,1,22,9,44,20,19,1,22,10,42,21,19,1,22,10,42,21,42,10,41,22,41,12,19,5,16,22,41,12,18,6,16,22,41,12,16,8,15,24,40,12,16,8,15,24,19,1,20,12,16,7,16,25,18,2,18,13,16,7,15,26,18,3,17,13,17,5,16,25,19,4,4,4,7,14,17,5,16,25,8,7,4,4,4,6,4,16,16,4,16,26,7,17,3,26,17,3,15,27,6,48,16,3,15,27,6,48,16,2,15,28,6,49,15,3,13,28,6,51,14,2,13,29,6,52,13,2,13,29,6,53,27,29,5,54,27,29,1,2,2,55,26,89,25,91,24,92,22,93,22,51
m659,325,112,91,110,2,109,3,107,5,75,4,26,6,74,8,22,7,73,10,20,8,73,11,18,9,73,12,16,10,74,12,14,10,75,12,13,11,76,11,11,12,77,11,10,12,78,11,9,12,80,10,9,12,79,11,8,12,80,11,8,12,80,12,7,12,81,11,7,11,82,11,7,11,83,10,7,11,84,10,6,10,86,10,5,10,86,13,2,10,87,23,89,22,90,20,92,19,93,18,45,1,8,2,37,18,52,2,2,2,35,18,53,2,1,3,5,7,22,18,61,11,20,20,63,10,18,21,64,10,16,24,62,12,12,30,57,14,9,36,52,15,7,40,49,17,5,43,45,68,41,72,38,75,34,79,31,83,27,86,25,87,24,54,5,14,2,14,22,54,6,13,5,13,20,53,9,12,6,12,19,53,10,12,8,11,17,52,12,13,8,10,17,49,15,13,9,10,15,46,19,13,10,9,14,44,22,13,10,9,13,43,24,13,11,8,13,42,25,13,11,9,11,42,26,13,11,9,11,41,27,13,11,9,11,19,2,19,28,14,11,9,10,17,4,18,30,13,11,9,10,15,7,16,31,13,11,9,11,13,8,16,31,13,12,8,11,13,8,15,33,13,11,7,13,12,8,15,33,13,11,8,12,12,8,14,34,13,11,7,14,11,8,14,34,13,11,7,15,11,7,14,34,13,11,7,16,10,7,14,34,13,11,7,17,9,7,13,35,13,12,5,19,8,7,14,34,13,14,2,20,8,6,15,34,13,36,8,6,15,34,13,37,7,6,15,34,13,37,7,7,14,34,13,38,6,7,14,34,14,37,6,7,14,34,14,38,5,7,14,34,14,39,4,7,14,33,15,40,3,7,14,33,15,41,2,7,14,33,16,41,1,7,14,33,16,49,14,34,15,49,14,34,15,49,13,35,15,49,13,35,15,50,12,36,6,2,5,52,12,101,11,101,12,101,11,102,9,104,6,78
m647,325,130,89,122,8,118,12,115,15,115,10,115,7,2,1,1,1,116,8,123,5,122,6,891,1,129,2,2,2,124,6,124,6,123,6,122,8,120,10,120,2,1,8,115,6,1,9,115,5,2,9,112,7,2,10,110,8,2,11,109,8,2,12,77,1,29,9,3,12,59,21,23,11,6,10,53,2,2,24,19,12,8,11,51,3,2,25,17,12,10,11,47,3,1,15,9,5,16,13,10,11,59,1,15,6,14,13,11,12,74,7,13,12,12,13,73,10,8,13,13,13,73,30,15,13,71,30,16,13,71,29,18,13,27,3,5,2,32,27,21,13,22,9,1,1,2,2,31,26,23,14,19,19,29,26,24,13,19,19,28,26,25,13,19,17,29,26,27,12,19,19,26,26,29,11,18,20,25,27,29,12,18,7,2,13,21,27,31,11,28,2,1,3,2,2,1,2,2,1,16,28,31,11,22,4,2,2,1,3,5,5,14,30,31,11,23,2,3,1,1,4,5,6,12,31,32,10,26,10,3,11,6,31,33,10,27,11,1,48,33,10,27,60,33,10,27,9,2,49,33,10,32,56,32,10,37,51,32,10,36,52,32,10,34,28,3,24,32,9,32,29,4,24,32,8,34,27,5,25,31,8,34,25,7,25,31,8,34,24,8,25,31,8,34,23,10,24,32,6,35,22,11,24,35,2,37,20,12,24,74,20,12,10,3,12,73,20,12,9,4,12,74,19,12,9,4,12,74,19,13,9,4,12,73,19,13,8,5,12,73,19,14,7,5,13,73,18,14,7,5,13,72,18,15,7,5,14,71,6,4,7,16,7,6,14,71,3,6,7,17,6,6,15,69,2,9,4,20,4,7,16,115,15,115,16,67,1,46,16,114,16,115,16,115,15,115,15,116,14,118,12,119,11,119,11,120,10,121,9,122,8,48
m709,345,124,69,95,8,111,15,106,18,103,22,100,24,97,17,8,2,96,14,108,13,110,12,111,11,113,9,113,10,111,16,105,29,92,41,39,1,2,13,25,47,33,2,1,1,1,16,21,51,40,12,19,55,40,10,17,59,39,10,14,63,37,11,10,67,34,14,7,71,27,98,22,103,19,86,5,15,15,89,7,13,14,90,8,13,11,93,9,12,8,96,10,10,7,97,12,8,7,98,13,7,5,60,6,33,14,6,5,58,9,15,4,14,14,5,5,56,11,15,5,13,14,5,4,55,14,13,8,11,15,4,4,52,17,14,8,11,14,4,3,13,2,31,25,13,9,10,15,3,3,11,5,26,29,13,10,9,15,3,2,10,7,25,30,14,10,9,16,1,2,9,10,3,2,17,31,14,12,8,18,9,10,2,4,16,32,13,15,6,16,9,10,3,4,16,33,12,16,5,16,8,10,4,4,16,33,12,17,5,14,8,10,5,4,15,35,12,17,5,13,7,11,4,6,15,34,12,17,5,13,6,12,4,6,15,34,12,17,6,12,5,23,15,34,12,17,6,13,2,1,1,14,3,5,16,34,12,17,7,12,3,24,15,34,12,18,6,12,2,25,15,34,12,18,6,13,2,25,15,33,12,18,6,40,15,33,12,21,2,42,14,33,12,65,14,33,12,65,14,33,12,65,14,33,12,66,13,33,11,67,14,32,11,67,14,32,11,67,14,32,11,67,14,32,11,68,13,32,11,68,12,33,11,69,10,34,10,70,4,40,10,114,10,115,8,116,7,118,5,40
m756,352,115,63,68,2,110,5,109,7,108,7,107,8,107,10,10,11,84,10,5,19,80,37,77,39,75,40,70,46,61,54,29,12,16,40,14,4,27,18,11,39,18,3,25,20,9,38,21,2,24,24,4,45,42,79,35,83,32,85,31,86,29,87,28,89,24,93,21,96,19,97,17,99,16,100,14,102,13,80,4,19,11,80,13,11,10,60,4,17,14,11,9,58,7,15,16,11,7,12,1,44,10,13,18,11,5,12,1,42,14,11,19,12,4,12,2,38,17,11,20,11,3,21,3,25,21,11,20,12,2,19,6,16,29,10,22,11,1,19,8,14,29,11,24,9,1,19,8,14,29,11,26,27,8,14,28,11,29,17,1,7,8,14,27,12,30,24,9,14,26,12,31,14,2,7,9,14,25,13,31,23,9,15,24,12,33,21,10,15,23,13,34,21,9,16,22,12,35,20,10,16,21,13,36,19,10,17,20,12,38,18,11,16,19,13,38,18,11,16,19,13,38,17,13,15,18,13,39,13,17,16,17,13,41,10,19,15,17,13,43,8,19,15,17,13,44,7,20,14,17,13,45,6,20,15,16,13,46,6,20,14,15,13,48,5,20,14,15,13,49,4,21,13,16,11,51,3,21,13,16,11,76,13,18,7,78,12,20,5,79,11,67
m784,352,104,62,72,19,84,22,81,24,80,24,79,22,82,16,87,16,86,28,74,34,33,11,22,40,24,23,5,54,19,86,15,89,13,75,5,12,11,73,10,10,10,72,15,7,10,70,20,4,10,74,19,1,10,81,22,86,17,90,13,93,10,95,8,97,6,98,6,99,4,101,2,11,2,89,2,9,4,89,1,10,5,88,1,10,5,69,2,28,4,49,5,15,5,26,4,45,10,14,6,25,4,14,4,25,12,13,7,25,5,9,10,20,15,13,8,23,6,9,11,15,19,13,8,24,5,9,11,15,20,11,9,24,5,9,11,15,20,11,9,25,4,9,12,15,19,11,10,12,1,5,3,4,3,9,12,15,19,10,11,12,1,4,11,9,12,16,17,11,12,11,1,4,10,10,12,17,15,12,12,11,1,3,11,10,12,17,15,12,12,11,2,2,11,10,12,17,13,14,13,10,3,1,11,10,12,18,11,14,14,10,15,10,13,17,10,15,14,10,15,10,13,17,9,16,14,10,16,9,13,18,7,17,14,10,16,9,14,17,6,18,14,9,17,9,14,17,6,17,15,8,20,6,16,17,4,18,16,6,21,6,16,18,1,20,16,5,25,3,17,37,67,37,67,37,68,36,69,34,70,33,72,31,73,27,78,25,79,22,37
m795,334,99,80,90,2,96,2,96,3,94,4,94,4,94,4,93,6,92,5,94,4,94,4,95,3,94,4,93,5,93,5,94,3,95,3,95,3,95,3,194,1,197,1,96,4,89,10,84,15,77,22,42,12,20,26,38,19,15,27,36,23,12,29,34,26,9,32,31,70,29,73,25,76,23,78,21,80,19,81,17,83,16,84,14,86,12,89,9,63,1,27,7,61,8,24,5,60,13,21,4,60,15,21,3,58,19,20,2,56,21,20,1,55,24,20,1,51,27,20,1,47,31,20,1,42,36,20,1,23,4,15,36,20,2,20,7,13,36,21,1,21,7,13,35,22,2,20,7,14,34,22,2,11,2,7,8,13,33,23,3,10,2,7,8,13,33,23,3,9,3,7,8,13,32,12,1,11,3,9,3,7,8,13,32,11,2,11,3,9,3,7,8,14,31,11,2,11,3,9,3,7,8,14,30,11,3,11,3,9,3,7,8,15,29,11,4,10,4,8,3,7,8,15,28,11,5,10,4,9,1,7,9,16,26,11,7,9,4,17,9,16,26,11,7,9,4,17,10,15,25,11,8,9,4,17,10,15,24,12,8,9,5,16,10,16,23,12,9,8,5,15,12,15,22,12,10,8,5,14,13,15,22,12,11,7,7,2,2,7,14,15,21,13,11,7,12,6,15,15,20,13,13,5,13,5,15,15,20,12,33,4,16,14,19,11,55,14,19,10,57,13,19,9,58,13,19,7,61,12,19,6,62,12,88,11,88,11,51
m812,336,105,78,71,1,102,4,99,6,99,4,100,5,98,6,99,5,15,6,79,5,13,8,80,4,11,10,80,4,7,14,80,24,79,25,79,24,81,23,81,23,82,22,82,23,79,26,77,28,76,29,75,31,47,3,23,33,42,9,19,36,34,17,16,40,26,24,12,44,22,28,9,49,18,32,5,52,15,92,13,93,11,95,10,72,11,14,8,72,13,13,7,72,15,12,6,72,16,12,4,55,3,15,18,11,3,53,6,14,19,11,2,51,8,14,21,9,2,49,11,13,23,7,1,48,13,13,30,47,16,12,30,15,1,29,18,13,29,14,3,25,21,13,29,14,3,23,24,12,29,13,4,21,26,12,29,12,5,20,27,13,28,12,5,19,28,13,28,11,6,19,29,12,28,11,6,18,30,12,28,11,6,17,32,11,30,8,7,17,33,10,31,7,7,16,34,10,32,6,7,16,35,9,33,4,8,15,36,10,33,3,8,15,37,9,44,15,37,9,45,14,37,9,45,14,37,9,45,13,37,10,45,13,37,11,44,13,37,11,45,12,37,11,45,12,37,11,45,12,37,11,44,13,37,11,44,13,37,11,45,12,37,11,45,12,37,10,47,11,37,10,47,11,36,11,47,11,37,10,47,11,37,10,47,11,37,9,48,11,37,9,48,11,37,8,50,10,37,7,51,10,37,7,51,9,39,5,52,9,40,2,33
m824,325,114,90,109,5,106,8,103,11,101,11,101,12,100,12,100,13,99,13,99,13,99,13,86,2,10,14,85,4,8,15,83,8,5,16,83,9,5,15,84,9,5,14,85,10,4,13,86,10,4,13,86,11,3,13,85,28,85,28,86,27,87,26,88,25,89,24,90,24,90,23,91,21,92,21,92,21,92,20,93,20,92,22,90,29,65,6,12,32,50,21,9,37,40,31,4,40,37,79,34,81,32,83,31,84,29,86,27,88,26,89,25,90,24,91,23,91,23,59,1,32,23,55,5,15,5,12,22,54,7,14,6,11,22,52,9,14,7,11,21,51,10,14,8,10,21,11,6,32,13,13,9,10,19,11,9,28,15,14,8,10,19,10,11,23,19,14,9,10,17,10,12,22,20,14,9,10,16,10,13,23,20,13,9,10,16,9,14,23,20,13,10,10,15,8,15,24,20,12,10,10,15,8,15,24,20,12,11,9,15,7,16,25,19,12,12,8,16,6,16,25,20,12,12,7,16,6,16,25,20,12,13,7,15,6,16,26,19,12,14,6,15,5,17,26,18,13,15,5,15,5,17,27,17,13,16,4,15,3,19,27,17,12,19,1,15,5,18,28,16,12,35,5,18,29,14,13,35,5,19,28,14,13,35,4,20,29,13,13,35,4,21,28,12,14,35,4,21,29,11,14,34,5,22,28,11,13,35,4,24,28,10,13,35,2,27,27,9,13,65,28,4,17,66,29,2,15,69,6,2,19,3,14,71,5,3,18,3,13,72,4,5,17,5,11,82,16,6,9,84,16,6,8,85,15,8,2,90,15,100,14,101,13,102,12,102,12,103,11,104,9,55
m788,344,138,72,96,1,134,5,132,6,131,7,130,9,128,9,127,11,126,12,124,14,123,14,110,4,8,15,107,12,2,16,56,8,40,34,56,14,32,35,56,18,27,36,57,20,23,38,54,24,21,38,55,25,19,38,59,23,17,38,60,23,15,39,48,1,12,24,13,40,61,24,12,17,1,22,62,25,9,16,5,21,62,26,7,15,7,20,63,27,4,16,7,21,62,29,1,17,7,22,61,46,9,22,61,45,10,23,60,43,11,26,59,14,2,24,13,26,59,14,2,23,14,27,57,15,3,21,15,28,56,14,5,20,15,7,1,20,55,15,6,19,15,6,3,20,53,16,7,17,16,5,6,18,53,16,8,16,16,4,7,1,3,14,52,17,8,15,18,2,14,13,50,18,9,14,34,14,49,18,9,13,29,2,5,14,47,19,10,12,29,1,7,14,46,18,12,11,37,16,44,18,12,10,38,17,42,18,14,9,39,17,41,18,15,8,40,17,40,18,15,8,40,17,40,18,15,7,20,1,21,17,38,18,17,6,18,4,20,18,37,18,17,6,19,3,21,17,37,17,18,6,19,3,21,18,36,17,18,5,19,4,22,17,36,16,19,5,19,5,22,17,34,17,19,5,19,5,23,16,34,17,19,4,20,5,23,16,34,16,19,5,21,4,24,16,33,16,19,5,21,4,24,16,33,16,19,4,25,1,25,16,31,16,20,3,26,1,25,16,31,16,21,1,53,16,31,16,75,17,30,16,76,16,30,15,77,15,30,15,78,15,30,13,81,14,30,11,84,11,32,10,128,10,128,9,129,9,129,8,130,7,131,7,132,5,132
m825,295,79,107,69,3,74,5,71,8,69,9,69,9,67,11,66,11,66,12,66,11,67,11,68,9,69,9,70,8,70,8,71,7,71,8,71,7,72,6,72,6,71,7,71,8,71,9,69,11,68,12,66,15,64,18,61,22,39,1,17,25,36,1,19,26,32,3,18,28,30,4,16,31,28,4,16,32,27,7,13,33,27,2,2,1,14,33,27,1,3,1,14,33,45,35,44,35,44,14,9,13,42,14,11,12,42,13,13,11,41,13,15,10,41,13,15,10,41,12,16,10,23,4,14,11,17,10,23,5,12,12,17,10,23,7,10,12,18,9,22,6,12,12,18,9,22,6,11,12,19,9,22,6,11,12,19,9,22,7,10,12,19,9,21,9,8,13,19,9,20,11,7,13,19,9,19,13,5,13,20,9,18,15,3,14,20,8,18,33,20,8,16,34,22,7,15,35,22,6,16,35,22,6,15,35,24,4,15,36,42,36,42,37,41,38,40,16,3,20,39,15,5,21,36,16,6,22,33,17,7,24,29,19,7,26,26,19,8,28,24,19,8,30,23,17,9,5,2,25,20,18,9,5,2,27,18,17,9,5,4,27,17,17,9,5,4,27,18,15,10,5,5,27,17,15,10,5,6,27,17,13,11,5,6,28,17,12,11,5,7,29,15,12,11,5,8,30,14,10,12,5,9,31,14,7,13,5,9,32,17,2,14,5,10,33,31,5,10,34,30,5,10,36,28,5,10,10,1,26,27,6,10,9,3,24,27,6,10,10,4,23,26,6,11,9,5,22,26,6,12,8,7,20,26,6,13,7,9,18,26,7,13,7,11,15,26,7,14,6,15,11,26,8,13,6,18,7,28,7,14,6,52,7,14,6,52,7,15,5,52,8,15,4,52,8,15,4,53,7,16,3,53,8,16,2,53,8,71,8,71,9,70,9,71,8,71,8,71,8,42
m688,347,145,69,81,2,97,10,14,1,2,30,83,65,77,70,74,72,73,77,67,83,62,86,59,97,47,103,41,107,38,109,34,112,33,113,28,118,24,2,2,117,24,2,2,118,20,126,19,126,15,131,10,136,11,134,8,138,7,138,6,140,4,15,3,1,1,122,4,15,1,125,6,140,5,3,2,136,10,135,10,136,9,136,9,90,4,42,8,36,1,1,1,1,8,38,11,40,9,31,27,22,16,23,1,16,8,30,29,19,19,24,2,14,8,29,30,18,19,25,3,13,7,30,30,18,19,25,5,11,7,30,30,18,19,26,5,10,7,30,26,22,18,26,6,10,7,30,21,3,3,20,19,27,7,8,7,30,18,2,1,3,1,22,19,28,6,8,8,30,8,1,5,1,2,21,2,5,19,29,6,8,9,29,8,3,9,3,1,1,2,10,5,3,19,30,6,7,12,27,7,3,9,3,1,12,6,1,21,30,6,7,12,27,7,3,9,3,1,10,6,1,23,30,6,7,12,27,7,3,9,1,3,3,11,3,23,30,6,6,10,31,5,8,3,3,3,3,11,1,24,31,6,6,12,29,6,5,6,1,2,1,1,1,1,1,36,31,5,6,14,28,6,5,50,31,5,5,18,25,8,3,50,31,5,5,19,1,1,22,8,3,50,31,6,4,23,20,61,29,8,3,25,19,61,28,37,19,60,27,39,19,60,27,40,18,60,24,43,18,60,23,45,17,60,12,4,1,51,16,61,12,56,16,61,11,58,15,60,12,59,14,60,11,60,13,61,10,62,12,61,10,62,12,61,9,64,10,62,8,66,9,62,7,68,8,63,5,40
m678,347,155,70,87,8,106,5,17,2,2,31,94,63,89,68,85,72,81,80,74,84,69,90,62,103,48,112,40,118,35,121,33,124,29,127,24,132,21,134,20,136,18,138,15,140,13,143,11,144,10,146,9,147,8,148,7,148,7,149,5,151,4,151,4,152,4,152,2,8,2,143,3,6,6,140,3,6,7,91,7,41,3,5,8,88,11,40,3,6,7,85,14,23,2,15,3,6,6,83,17,24,3,13,3,6,6,35,1,46,18,25,2,13,5,4,6,34,2,45,18,26,3,21,6,35,1,45,18,27,3,21,6,34,1,45,17,29,3,20,5,34,2,44,18,29,4,9,1,9,5,35,1,44,18,29,4,9,3,7,5,35,1,44,17,30,4,9,4,5,6,80,17,30,5,8,4,5,6,79,18,30,5,8,3,6,6,78,19,30,5,8,2,7,6,77,20,31,4,8,2,7,7,75,20,32,4,7,3,6,8,74,21,32,4,7,2,7,8,71,24,32,3,8,3,5,9,35,2,30,28,32,3,7,4,5,10,11,1,22,5,22,33,32,3,7,7,2,10,34,60,32,2,7,21,10,2,21,59,32,3,7,22,8,3,21,59,32,2,7,24,7,4,19,60,31,2,7,27,4,6,18,60,29,6,4,38,18,60,26,51,18,60,24,54,17,60,12,66,17,60,11,68,15,60,12,68,15,60,11,70,14,60,10,71,13,61,10,72,12,61,9,74,11,61,8,75,11,61,7,77,9,62,6,79,8,63,4,41
m674,346,159,71,66,4,134,55,102,63,95,68,90,70,88,73,85,80,78,85,72,92,63,106,49,113,44,118,39,122,35,125,33,127,27,133,24,136,21,138,20,140,18,141,16,144,14,146,13,146,11,149,11,149,10,149,10,150,9,151,5,154,5,155,3,157,2,12,4,141,2,12,4,141,1,12,6,43,5,6,1,38,6,41,1,12,6,38,27,23,11,41,1,12,6,34,33,16,16,41,1,12,6,32,36,13,19,40,1,12,6,31,37,12,19,54,6,31,37,12,19,55,5,31,39,10,19,55,5,32,40,5,1,1,19,30,2,24,5,32,36,9,1,1,19,29,4,9,3,11,5,32,36,1,1,6,1,2,19,30,3,9,4,10,5,33,21,5,1,1,7,1,3,2,2,2,19,31,4,8,4,10,5,33,20,6,1,1,15,1,20,31,4,8,5,9,5,34,19,7,13,1,23,31,4,8,5,8,6,34,20,6,13,1,23,31,4,8,5,8,6,35,19,5,38,31,4,7,7,7,7,34,19,5,37,33,3,7,7,7,7,34,18,3,1,1,2,1,35,33,3,7,6,8,8,34,60,42,8,6,9,34,60,42,8,6,9,34,60,42,9,5,10,33,60,41,11,5,10,9,2,21,59,41,13,4,11,8,3,20,59,41,15,2,11,7,4,20,59,40,30,6,5,18,60,39,31,6,5,18,60,36,35,5,5,18,60,13,1,1,1,13,2,1,39,5,6,17,59,13,70,17,59,12,71,16,60,12,72,15,60,11,73,15,60,10,75,14,60,10,75,13,61,9,77,12,61,8,78,12,61,8,79,10,63,6,81,9,63,4,41
m675,347,158,70,48,5,26,2,8,10,104,15,12,34,95,66,90,69,87,74,83,80,77,84,71,91,63,107,47,115,41,119,37,123,34,125,32,127,24,135,21,138,19,139,18,141,16,143,14,144,13,146,11,147,9,150,8,151,7,151,7,152,5,154,3,155,3,156,2,157,1,157,1,12,3,155,4,93,7,54,4,41,2,1,1,44,11,54,4,36,10,2,1,36,16,24,1,28,5,34,11,37,18,25,1,27,5,34,5,42,18,26,3,25,5,33,6,42,18,27,3,24,5,33,7,41,18,27,4,23,5,32,7,42,17,28,5,22,5,33,5,42,18,28,5,9,1,12,5,33,4,43,18,28,6,8,1,12,5,34,1,44,18,29,6,8,2,11,5,79,18,30,5,8,3,10,5,78,19,30,5,8,3,10,6,76,20,31,4,8,3,10,6,75,21,30,5,7,5,8,7,74,21,31,5,7,5,8,7,72,23,32,4,7,5,8,7,70,25,32,3,7,6,7,9,65,29,32,3,7,6,7,9,63,31,32,2,7,8,7,9,34,1,17,3,1,37,31,3,7,8,7,11,8,2,21,59,32,2,7,10,6,11,8,2,21,59,32,1,8,12,5,10,8,3,20,59,31,2,7,16,1,12,6,4,19,60,30,3,6,30,7,4,18,60,29,3,4,34,6,4,18,60,24,47,4,5,18,59,13,6,1,55,1,6,16,60,13,70,15,60,12,71,15,60,11,72,14,61,10,74,13,61,10,74,13,61,9,76,12,61,8,78,11,61,7,79,10,63,5,82,8,63,4,41
m668,347,165,69,54,7,26,20,110,61,102,66,97,69,94,74,89,81,82,88,74,97,65,107,55,114,49,119,44,123,40,126,36,130,29,137,27,139,25,141,24,141,22,144,20,145,19,147,17,149,15,150,14,152,12,154,10,155,10,156,8,158,7,158,6,160,5,160,5,16,3,141,4,16,5,91,8,41,4,16,5,41,25,21,13,40,3,17,5,35,35,14,16,40,3,17,5,32,36,1,1,12,17,41,2,18,5,31,36,2,1,11,18,41,2,18,5,31,35,15,18,41,1,19,5,31,29,9,5,7,18,29,1,11,1,19,5,32,28,9,5,2,2,3,17,29,4,29,5,32,28,10,4,2,2,3,17,29,4,29,5,32,23,15,4,6,18,29,5,28,6,32,21,16,5,1,21,31,4,28,6,32,7,4,10,16,27,31,4,16,1,11,6,33,6,4,11,14,28,31,4,15,3,10,6,34,4,5,11,12,30,32,3,15,3,10,6,34,2,1,1,6,9,11,32,32,3,7,1,6,4,10,6,35,1,28,31,33,2,8,1,5,5,9,7,35,3,14,1,10,32,34,1,7,2,5,6,8,8,34,3,7,2,2,4,3,4,2,33,42,2,5,6,8,8,34,3,7,50,42,3,4,6,8,8,34,4,6,50,41,4,4,7,7,8,34,60,41,5,3,8,7,7,12,1,21,59,15,3,23,8,1,10,5,8,10,3,19,60,15,2,23,21,5,7,10,3,19,60,14,2,24,22,5,6,10,3,19,60,13,2,23,25,20,4,18,60,13,2,21,29,19,3,18,60,12,9,13,33,17,3,18,59,13,66,6,4,16,60,12,69,4,5,15,60,11,79,15,60,11,79,15,60,10,81,13,61,10,81,13,61,9,83,12,61,8,85,11,61,7,86,10,62,6,40
m693,347,165,70,56,9,153,43,1,3,3,10,103,66,98,69,95,73,91,78,64,5,17,85,56,10,14,88,51,13,12,91,47,18,2,100,44,125,40,130,34,134,30,136,28,138,26,139,25,140,24,142,23,142,23,142,22,143,22,143,21,145,20,145,19,146,19,146,18,14,1,132,18,13,2,132,17,13,3,132,16,13,3,134,15,12,3,136,13,13,2,116,1,21,11,23,5,102,5,20,10,13,1,9,8,99,5,21,8,24,11,95,7,20,8,13,1,10,13,45,10,37,9,20,6,13,2,9,17,41,14,34,9,20,6,13,1,10,20,36,21,28,11,20,4,25,22,34,23,25,12,20,4,25,24,32,23,24,13,21,2,25,26,31,23,24,13,21,2,11,2,12,28,29,22,24,15,20,2,10,3,12,29,29,20,25,15,20,2,9,4,11,30,29,19,25,16,21,1,8,6,10,31,29,18,25,17,20,1,7,7,10,32,28,17,25,19,26,8,10,33,27,16,26,20,24,9,9,35,27,15,25,22,23,9,9,36,26,14,25,23,21,12,8,37,25,13,25,25,17,15,7,39,24,13,24,26,17,15,6,41,23,12,24,28,16,16,6,40,23,12,23,29,16,16,6,41,22,11,23,30,16,16,5,43,22,10,21,33,15,16,5,44,21,9,21,34,14,17,5,44,21,9,20,35,14,17,5,44,21,9,19,36,14,17,5,45,20,8,19,37,13,18,5,45,21,7,18,38,13,18,5,46,20,6,18,40,11,19,5,47,19,6,16,42,11,20,4,47,18,7,15,43,11,20,4,48,17,7,15,45,8,21,5,47,17,7,14,46,7,23,4,48,15,8,13,48,5,25,3,49,14,8,12,80,1,51,12,9,10,135,11,9,9,137,9,11,4,67
m715,343,168,73,61,1,156,58,22,14,71,67,13,23,64,73,3,30,61,109,58,112,56,113,55,114,54,116,51,119,49,122,45,98,3,23,20,5,17,99,6,23,15,12,10,100,9,22,14,125,9,20,13,123,14,18,12,123,17,16,12,122,20,14,11,123,23,11,10,125,25,7,10,127,40,130,37,132,36,133,34,134,34,135,32,136,32,136,32,136,31,12,1,124,31,11,2,124,30,11,4,123,30,11,4,122,30,12,4,122,30,12,4,121,31,11,6,13,2,78,2,25,30,12,6,12,4,75,4,25,30,12,6,12,5,72,7,23,30,12,8,11,5,71,7,24,30,12,8,11,5,71,6,24,31,11,9,11,5,70,6,25,31,11,9,11,5,69,6,25,32,11,10,10,6,67,6,26,32,10,11,10,6,66,6,26,33,10,11,10,7,64,6,27,33,10,11,10,7,63,6,27,34,9,13,9,8,61,6,28,35,8,13,9,9,59,6,29,35,8,13,9,9,58,7,29,35,7,14,8,11,55,8,30,35,7,14,8,12,53,9,30,36,6,14,8,12,51,10,30,37,6,15,7,12,48,13,30,37,6,15,6,13,22,5,17,17,30,38,5,15,6,14,21,38,31,38,5,15,6,14,21,38,31,39,5,14,6,14,21,37,31,40,5,15,5,15,20,37,20,5,5,41,6,14,5,15,21,36,19,53,6,14,4,16,20,36,18,54,6,34,20,35,18,55,7,33,20,35,17,58,4,35,19,35,16,98,19,35,14,101,18,35,13,103,17,35,12,104,17,34,13,105,16,34,12,107,14,35,11,109,13,35,9,111,12,36,8,113,11,36,7,115,9,38,5,63
m719,335,204,81,128,1,192,16,186,20,182,22,181,24,180,24,179,26,137,8,9,50,119,74,5,7,115,73,10,6,113,74,12,6,111,74,13,10,106,74,13,13,103,75,11,17,100,75,9,23,96,76,8,27,88,81,6,35,78,86,2,42,72,89,1,45,65,141,53,152,51,154,49,156,47,157,47,158,44,161,42,165,38,168,35,170,34,171,32,174,30,174,29,178,25,180,23,116,3,63,22,114,6,63,20,113,9,63,19,111,11,64,17,110,13,65,16,107,17,66,13,106,19,67,12,105,20,69,10,105,20,69,9,106,20,70,8,106,20,71,7,21,4,80,20,72,7,20,6,79,19,74,5,21,6,79,19,75,4,21,7,77,19,15,2,5,1,14,3,36,4,20,9,75,20,14,6,16,6,35,3,21,8,74,21,13,7,1,6,4,12,2,1,8,4,19,3,21,8,73,21,13,15,5,14,8,5,19,2,8,2,11,9,70,23,13,7,2,5,4,1,1,15,9,2,29,3,11,10,66,26,13,6,4,2,6,17,6,7,27,3,11,10,64,27,13,7,12,18,1,11,27,3,11,10,61,30,13,6,13,34,23,3,11,11,59,31,14,4,9,2,3,36,13,1,7,3,11,12,56,33,14,4,8,3,3,14,5,17,14,1,6,3,11,12,28,2,21,38,13,7,3,24,4,22,9,1,5,5,10,12,27,61,13,8,4,23,4,23,2,2,2,3,5,5,10,13,26,61,13,8,7,56,4,7,9,13,26,61,14,5,1,1,9,56,1,8,9,14,25,61,14,5,11,66,8,15,25,59,15,9,3,71,6,17,24,59,15,9,2,73,5,18,23,59,15,8,2,75,4,19,22,59,18,5,3,97,22,59,26,98,21,59,26,98,22,58,25,99,22,58,25,100,21,58,25,100,21,58,24,102,20,58,23,104,18,59,24,104,17,59,24,105,16,59,14,3,3,110,14,60,13,118,13,60,14,52,1,65,11,61,14,119,9,63,11,72
m722,342,146,73,66,21,118,56,87,66,78,72,72,77,68,80,65,83,61,87,55,93,50,97,47,100,44,103,41,105,39,108,29,118,26,120,24,122,23,124,21,125,19,127,18,128,17,129,16,130,15,132,14,132,13,133,12,134,12,136,9,137,9,137,8,116,2,20,8,114,5,19,7,86,16,12,7,18,6,18,6,48,35,4,11,17,7,17,8,46,50,16,8,18,8,46,50,15,9,18,9,46,49,13,10,19,9,47,48,11,12,19,9,15,8,26,46,10,12,20,9,13,11,26,44,10,13,20,9,12,12,27,42,10,13,21,9,11,14,27,40,10,14,21,9,11,15,27,41,7,15,21,9,11,15,27,40,7,15,9,2,11,9,11,16,27,37,8,16,8,3,11,9,11,17,26,36,7,18,7,4,10,10,11,17,27,35,2,1,5,17,6,5,10,10,11,18,27,36,4,19,6,5,10,10,11,18,27,36,2,20,6,6,10,10,11,19,26,58,6,6,10,11,10,19,27,57,6,7,9,11,10,20,26,32,4,21,6,7,8,12,10,21,25,33,1,23,6,7,8,12,11,21,25,32,1,23,6,8,7,12,11,22,24,29,1,2,3,21,6,8,7,12,11,23,23,28,8,20,6,8,7,13,10,24,22,29,1,2,2,22,6,8,6,14,10,24,22,56,6,9,6,13,10,25,21,56,6,9,6,14,9,25,21,56,7,9,6,13,10,24,21,56,7,11,4,14,9,25,20,56,7,30,8,25,20,56,7,30,9,24,21,56,6,31,8,25,20,56,6,31,9,24,20,56,7,32,8,24,19,57,6,33,7,25,18,57,5,35,7,24,17,99,7,24,16,100,6,25,14,102,6,25,12,104,5,26,10,59
m724,341,204,75,72,13,183,38,160,61,139,70,132,74,129,78,124,82,121,84,119,87,115,91,110,95,106,99,19,9,74,103,16,13,70,105,15,14,68,108,12,17,58,118,9,20,55,121,5,23,54,123,3,25,51,125,2,27,49,126,1,28,48,157,46,158,45,160,43,162,41,163,40,165,39,166,37,169,34,171,33,173,30,176,27,179,25,181,22,183,21,17,7,160,19,18,8,52,10,27,4,67,17,19,8,51,13,19,2,2,6,68,16,19,8,48,19,15,10,70,14,20,8,50,17,14,11,71,12,20,8,51,7,1,6,15,13,72,11,20,8,18,1,31,8,2,6,9,19,71,11,20,8,15,6,33,3,4,4,10,19,72,10,20,8,14,9,32,3,3,4,8,21,36,2,34,9,20,9,13,10,30,14,4,23,35,4,34,8,20,9,13,11,33,1,1,5,7,22,34,5,35,8,6,3,11,9,13,12,35,7,6,20,33,5,37,7,6,3,11,9,13,12,48,19,34,5,39,5,5,4,11,9,13,13,47,19,34,5,39,5,5,5,10,9,13,13,47,18,35,5,40,4,5,5,9,11,12,14,46,18,34,6,40,4,4,6,9,11,12,15,44,18,35,6,40,4,4,6,9,11,12,16,41,20,35,6,43,1,3,7,9,11,12,17,36,24,35,7,42,2,2,7,8,12,12,18,28,30,35,10,2,6,1,5,26,11,8,12,12,18,27,31,17,6,10,27,6,5,14,11,8,12,12,19,26,31,35,27,3,7,9,2,2,12,7,12,12,20,25,30,17,3,16,42,4,6,1,9,6,13,12,21,24,30,16,72,1,9,5,14,12,21,24,30,16,62,7,3,1,9,4,16,11,22,23,30,17,63,5,3,2,9,3,17,10,22,23,30,26,51,8,3,2,9,3,17,11,22,23,29,26,51,7,4,2,9,3,18,10,22,23,29,26,55,1,5,4,29,10,23,22,28,26,61,5,30,10,22,22,28,24,58,3,2,4,32,9,23,21,28,24,57,4,3,3,33,9,22,21,28,14,2,8,58,3,40,8,23,20,28,24,58,3,41,8,22,20,27,25,59,2,42,8,22,18,28,25,59,2,43,7,23,17,28,15,69,2,44,7,23,15,29,15,69,2,45,6,24,13,30,11,73,2,46,5,25,11,32,11,72,2,48,2,30,2,38,9,73,2,2
m725,339,192,75,75,35,152,47,138,59,129,65,125,70,120,76,116,83,108,87,105,91,100,95,97,97,94,99,84,109,80,112,77,116,74,118,71,121,67,126,63,130,61,132,59,134,57,136,55,137,53,140,51,142,49,144,47,150,41,148,2,3,1,6,31,163,28,163,28,173,18,175,17,177,14,178,13,180,12,18,4,159,10,18,6,141,1,3,7,2,1,3,9,18,7,87,5,48,17,2,7,18,8,85,14,33,3,4,18,3,6,18,8,83,22,36,2,2,14,1,5,19,8,82,25,40,5,2,4,2,4,20,7,14,4,64,27,33,11,8,4,20,7,13,6,63,27,32,5,2,5,8,3,20,8,12,8,61,28,15,8,2,13,1,5,5,6,20,8,12,8,61,28,19,18,2,6,7,2,20,9,12,9,59,28,33,3,4,5,5,2,1,2,20,9,12,10,57,29,16,4,10,4,5,6,1,9,20,9,12,10,57,28,32,1,7,5,4,6,9,1,11,8,13,11,54,30,30,7,3,5,4,6,7,3,11,8,13,11,53,31,13,1,6,18,1,6,4,6,6,4,11,8,13,12,50,33,12,2,7,17,1,6,3,6,7,5,9,9,13,13,47,34,9,9,3,25,3,6,7,5,8,10,13,14,44,36,7,40,1,7,6,6,8,10,13,15,41,38,6,49,6,5,8,11,13,16,32,45,8,49,5,5,7,12,13,17,27,49,7,50,4,6,7,12,13,18,25,49,8,50,3,7,6,13,13,19,24,49,8,51,1,8,6,14,12,20,23,49,7,62,5,14,12,21,23,47,7,64,3,15,13,20,23,47,7,64,2,16,13,20,23,46,8,83,12,21,22,47,4,87,11,21,22,46,3,89,11,21,22,44,8,87,10,22,21,46,6,88,10,21,22,45,6,89,9,22,21,44,6,91,9,22,20,45,5,92,8,22,20,45,5,9,6,78,8,21,20,45,5,8,8,78,7,22,18,47,4,9,7,79,6,23,17,46,4,10,7,80,6,22,16,62,5,82,5,23,14,107
m750,342,188,95,79,2,20,3,2,3,139,28,8,22,125,67,120,70,116,75,18,14,81,76,15,21,76,79,11,27,70,82,7,33,66,125,62,129,51,140,46,143,43,147,40,116,4,28,38,116,8,27,35,117,11,26,31,119,14,24,26,123,18,22,22,125,25,16,21,123,33,11,20,121,41,6,19,121,45,3,18,121,67,121,67,121,66,122,66,121,67,121,66,121,67,121,66,120,68,119,68,119,68,119,68,118,69,117,70,25,6,85,71,25,9,81,72,25,11,78,73,26,12,76,73,26,14,74,73,27,15,72,74,26,17,70,74,27,17,68,75,27,19,65,76,28,19,63,78,27,21,59,80,28,22,57,81,12,3,12,23,56,82,11,4,12,24,54,83,10,6,11,24,53,84,8,8,11,25,50,85,8,9,10,27,45,89,7,11,10,27,42,92,5,12,10,27,44,90,4,13,10,28,23,3,8,7,1,92,2,14,10,28,22,5,9,4,2,108,10,29,21,6,8,114,10,29,20,8,6,115,10,30,19,9,3,117,10,30,19,129,10,30,18,130,10,30,18,130,10,31,17,130,11,30,16,131,11,30,17,131,11,30,15,132,11,31,14,28,1,103,11,31,14,133,8,34,13,23,6,104,6,37,11,26,3,105,4,40,9,27,8,146,4,29,10,178,11,177,11,177,12,177,10,183,6,1,2,181,11,179,9,181,9,178,15,173,2,2,11,171,17,155,2,13,11,162,1,6,5,1,22,153,2,4,6,1,24,152,1,4,31,158,31,156,32,155,33,157,7,2,8,2,6,2,4,159,5,4,20,162,26,166,21,59
m779,341,183,95,92,23,138,1,4,2,8,37,25,17,80,64,16,28,72,69,11,38,63,73,7,43,59,75,5,46,57,76,2,49,55,129,54,129,53,100,2,28,45,106,7,25,42,107,12,22,39,109,18,17,37,110,25,11,35,111,31,6,33,112,35,3,30,115,36,2,26,26,4,89,36,2,24,27,6,88,37,1,23,28,7,88,36,1,21,31,6,89,35,1,20,33,5,90,34,1,19,35,3,92,51,132,50,133,48,136,46,42,3,93,45,9,2,127,44,9,5,125,43,10,6,53,5,66,42,10,6,48,12,65,42,9,7,44,15,66,41,10,7,18,2,22,14,69,40,11,6,18,3,20,11,74,40,10,7,17,5,20,2,81,40,11,6,17,6,102,40,11,7,16,6,103,40,11,6,16,7,102,40,12,6,14,10,3,9,87,42,12,6,11,13,2,9,87,42,12,7,10,14,98,42,11,7,11,15,96,43,11,8,11,14,96,42,11,9,11,12,98,41,11,10,12,11,98,40,10,13,11,11,97,41,10,13,12,10,97,41,9,15,12,8,98,41,8,16,13,7,98,41,6,19,12,6,98,42,5,21,11,5,99,41,5,22,11,4,101,41,4,23,10,4,101,68,114,43,2,25,113,70,112,72,111,73,110,73,108,77,106,45,3,30,105,45,3,30,91,3,12,77,89,7,12,75,88,9,10,76,88,9,13,74,86,10,13,74,86,11,12,74,85,14,9,76,84,14,9,77,48,6,29,14,4,3,1,78,47,8,27,17,3,1,2,79,46,7,28,16,8,79,13,1,33,3,29,17,8,81,10,4,32,1,30,17,8,82,7,7,32,4,5,1,6,2,12,18,6,84,6,9,30,22,7,22,2,86,4,12,28,24,5,111,3,14,28,24,2,113,2,14,30,153,31,151,33,150,35,147,36,148,36,147,37,146,37,146,37,147,37,146,38,146,37,147,37,148,35,152,31,154,29,156,27,82
m823,335,161,80,94,15,13,20,103,63,83,80,58,9,5,92,53,110,49,114,46,116,44,119,41,121,38,124,36,125,34,127,30,131,26,135,23,138,13,132,6,10,12,133,8,8,11,117,2,16,9,6,10,116,5,15,10,5,10,112,10,14,10,5,9,109,14,15,9,5,8,106,19,14,10,3,8,105,21,14,10,2,8,104,24,12,20,102,27,11,20,101,29,12,18,100,32,10,19,98,34,11,18,97,35,11,17,97,36,10,17,99,35,10,17,99,35,11,16,99,35,10,16,101,35,8,17,101,38,2,21,100,64,3,1,93,74,87,75,85,31,1,45,84,77,83,16,2,61,81,16,5,4,2,5,3,45,33,9,39,16,8,57,19,23,37,16,28,39,14,29,34,17,29,38,13,33,30,17,11,2,16,39,13,33,29,18,11,6,2,7,3,38,14,33,27,19,7,20,5,33,16,35,25,19,13,15,3,35,16,37,21,20,17,4,15,34,11,39,19,21,17,6,16,35,4,43,17,23,17,6,17,81,14,25,18,6,18,80,8,31,18,7,19,78,6,32,19,8,17,77,7,33,18,10,16,79,2,36,18,12,16,69,12,34,16,15,15,67,15,33,15,18,12,68,15,39,9,24,3,72,15,33,14,99,16,34,12,100,16,35,9,101,16,145,16,145,16,144,17,144,17,146,15,146,14,143,18,146,14,144,17,143,16,145,15,147,2,6,6,157,4,33,1,158,7,155,5,155,6,53
m848,329,156,86,126,15,116,10,11,22,87,70,77,80,68,88,66,91,63,93,56,100,53,104,50,106,49,108,46,110,45,111,43,114,39,117,36,120,33,124,30,104,2,20,28,104,5,20,26,104,7,19,24,105,9,18,22,105,12,17,20,106,14,16,19,106,16,16,16,107,18,15,15,107,20,14,14,109,20,13,13,112,19,12,13,117,14,12,12,121,11,11,12,123,11,11,11,125,9,10,11,127,8,10,10,129,7,10,10,130,6,9,10,132,5,9,9,133,6,8,9,134,5,8,8,135,5,5,10,136,20,136,20,136,2,2,15,24,6,2,3,102,2,3,14,21,16,100,1,4,14,21,16,105,14,20,18,103,13,1,1,20,19,98,1,3,14,21,19,96,20,21,20,96,19,20,21,94,22,19,21,91,24,20,22,89,26,19,23,37,2,49,26,19,23,27,13,47,28,17,24,27,13,46,29,17,25,26,14,41,1,3,29,16,26,26,13,46,29,16,27,26,13,1,2,29,1,13,28,16,27,27,18,42,26,16,28,26,17,25,4,14,26,15,29,27,16,25,5,13,26,15,30,26,16,24,5,14,26,15,31,26,14,24,9,11,27,14,31,27,12,25,10,10,27,13,33,26,11,25,11,11,26,13,34,26,10,24,12,11,27,11,36,25,9,24,13,11,27,11,36,26,7,24,16,9,27,10,38,26,6,23,18,7,28,10,39,26,4,23,20,3,1,2,28,9,41,25,4,22,22,5,28,10,41,25,2,22,56,10,42,24,2,21,57,10,43,44,59,10,43,43,60,10,44,41,61,10,45,39,63,9,45,38,64,9,48,34,65,10,54,26,67,8,55,26,67,4,60,24,69,2,62,22,134,21,136,19,137,17,67
m862,325,159,91,101,7,128,40,101,63,92,72,85,78,79,82,76,85,73,88,70,91,66,95,59,101,54,107,49,110,47,113,44,115,42,117,40,119,39,120,38,121,38,121,37,122,37,15,2,105,36,16,4,103,36,123,36,124,35,126,32,129,30,130,28,132,26,134,25,136,22,138,20,140,18,142,16,144,15,144,14,145,13,23,3,120,13,21,6,119,12,20,7,120,11,19,9,120,10,21,8,120,9,23,7,120,8,24,7,120,7,26,6,117,1,2,7,27,5,116,2,2,6,12,1,15,5,117,1,2,6,11,4,13,5,116,9,12,4,14,4,115,10,11,6,131,10,12,6,131,10,12,7,130,9,13,8,128,10,12,10,127,10,12,11,126,9,12,14,124,9,11,16,123,9,11,18,121,9,10,20,119,10,10,21,118,10,9,24,117,8,10,25,38,6,69,6,1,4,9,28,35,8,66,13,9,29,33,10,64,14,8,31,31,15,59,15,8,32,30,21,53,15,7,33,30,23,50,16,7,34,28,25,49,16,6,36,27,27,46,17,6,36,26,29,44,18,6,37,25,31,42,18,6,37,24,34,39,19,6,37,24,38,35,18,7,38,23,42,30,19,7,38,23,45,27,19,6,39,23,54,17,20,6,40,22,56,15,20,6,41,21,56,15,21,5,42,19,58,13,22,5,43,18,57,14,23,4,44,17,57,14,24,2,46,16,57,13,73,16,57,13,74,15,56,13,75,15,56,13,75,15,56,13,76,14,56,12,78,13,56,11,80,12,56,10,83,10,57,9,86,7,58,6,28
m898,329,148,87,104,3,97,3,5,2,8,11,8,24,83,68,79,72,75,74,73,76,72,76,72,77,70,78,70,78,70,79,69,79,68,80,50,98,46,102,42,106,39,108,38,110,35,113,33,114,33,115,31,116,30,122,25,133,13,139,8,142,5,144,3,146,2,147,2,146,3,145,3,146,2,146,3,145,4,144,4,144,4,144,4,144,4,41,4,99,4,40,6,98,4,36,11,55,5,37,5,33,13,54,8,35,5,30,17,54,7,35,5,29,19,53,8,34,5,28,21,52,8,34,5,28,22,52,7,34,6,28,22,52,6,34,6,28,23,51,7,33,7,27,24,51,6,33,8,26,24,53,4,17,2,14,8,26,25,72,3,14,9,24,26,72,3,14,9,24,27,70,4,13,11,23,27,70,3,14,11,23,28,69,2,15,11,23,28,68,4,14,11,22,30,67,4,15,9,22,31,31,5,30,5,15,9,22,31,31,5,30,5,15,8,23,32,29,8,27,6,15,7,24,33,28,8,26,7,15,6,24,34,28,9,25,7,15,5,25,35,27,10,23,8,15,3,10,2,15,36,27,9,23,8,15,3,8,5,14,37,26,9,23,8,15,3,7,7,13,37,26,8,23,10,14,3,5,9,13,38,26,7,23,9,15,18,12,38,26,6,23,10,15,18,12,39,25,6,22,11,15,19,11,39,25,5,21,18,10,20,10,40,25,3,21,20,9,20,10,40,25,1,22,22,6,24,8,41,45,14,3,9,2,27,7,41,43,15,4,38,7,41,42,15,4,39,7,42,40,15,4,40,7,42,40,14,4,42,6,42,39,15,3,43,6,43,37,17,1,44,6,43,36,64,5,44,33,66,5,44,32,68,4,45,30,69,5,44,29,71,4,45,27,73,2,47,25,123,23,48
m932,327,162,89,55,4,155,18,143,33,128,47,114,52,109,58,103,61,100,68,75,10,9,72,63,23,2,76,59,104,56,106,55,107,53,109,52,110,51,111,50,112,49,113,49,113,48,114,48,114,48,114,48,114,48,113,48,114,9,12,27,114,4,19,25,139,23,140,22,140,22,142,19,144,19,144,18,145,17,145,17,146,16,147,15,148,14,149,13,13,7,130,12,11,10,77,4,48,11,11,11,77,4,49,10,10,12,76,6,48,9,10,13,76,7,47,9,10,13,75,9,47,8,9,14,74,11,46,7,10,14,73,14,45,6,10,14,72,16,44,6,10,14,71,18,44,4,11,15,69,20,43,4,11,15,68,22,26,3,14,2,12,15,66,25,25,4,13,2,12,16,64,27,24,4,27,17,59,31,24,5,26,18,30,13,2,44,24,6,25,18,30,59,24,7,24,18,30,59,23,8,24,18,30,60,22,9,23,19,29,60,22,10,22,19,29,59,23,11,21,19,30,58,22,12,20,20,30,58,22,13,19,20,30,58,22,13,18,22,29,58,22,13,17,24,28,57,23,13,17,25,27,57,23,14,16,26,26,57,22,15,17,27,24,56,23,15,16,28,24,56,22,16,16,30,22,55,22,17,6,1,8,32,21,55,21,18,6,1,9,31,21,55,20,19,6,1,8,33,20,55,18,21,6,1,7,34,20,55,17,22,6,1,8,33,20,55,16,23,5,2,8,33,20,55,16,23,5,2,9,33,18,56,15,24,4,3,9,33,18,56,14,33,8,33,18,56,13,34,8,33,18,56,12,36,6,34,18,56,11,39,3,36,17,56,10,79,16,57,10,79,16,57,9,80,16,57,9,81,15,57,8,82,15,58,7,82,14,59,6,84,13,60,5,85,11,104
m1006,335,149,88,51,33,2,17,94,64,84,68,80,71,78,72,77,73,75,75,74,75,61,11,2,75,57,92,54,96,51,98,49,100,47,102,46,103,45,104,44,105,5,6,32,107,1,12,27,128,20,132,16,134,14,137,10,141,7,142,6,143,5,144,4,145,4,145,3,143,6,140,8,18,6,115,10,16,8,113,11,14,11,108,16,13,12,92,1,9,22,13,12,82,41,14,13,80,42,13,14,79,43,13,15,78,43,13,15,77,44,13,16,76,44,13,17,74,45,13,17,73,46,12,18,73,46,12,19,71,47,12,19,70,48,11,20,69,49,11,20,10,1,57,50,11,20,10,1,56,51,11,21,8,3,53,53,11,21,8,3,51,56,10,21,8,4,48,58,10,22,7,5,43,62,9,23,7,5,26,79,9,23,8,4,26,80,8,24,7,6,24,80,8,24,7,6,24,80,8,24,7,6,24,80,7,26,6,6,24,80,7,27,6,6,23,80,8,26,6,6,23,80,8,27,5,6,23,81,7,38,23,81,7,39,22,81,8,38,22,82,7,38,22,82,7,38,22,83,7,37,21,85,6,38,20,86,6,37,20,86,6,37,20,88,4,38,19,130,19,130,19,131,18,44,2,85,17,133,16,133,16,133,16,132,17,132,16,134,14,137,8,48,8,135,14,137,11,138,3,486
m1039,338,160,86,54,42,115,55,24,15,65,63,16,18,62,68,10,21,60,73,5,24,57,105,54,107,52,109,37,10,3,111,32,129,26,135,22,139,19,142,17,144,14,146,12,148,11,125,8,16,10,126,10,14,9,127,11,11,11,128,11,7,13,129,31,129,30,130,30,114,5,10,30,113,10,3,34,110,50,108,51,104,56,102,58,101,58,101,59,101,59,15,2,84,58,14,6,83,57,14,7,82,56,15,7,17,6,59,56,15,6,12,13,57,57,15,7,11,14,56,56,16,7,10,15,56,56,16,6,11,15,56,56,17,5,11,16,55,55,18,5,11,16,54,56,18,5,11,17,52,57,18,5,12,16,51,58,18,5,12,17,49,59,18,5,12,18,47,60,18,5,12,19,44,63,17,5,12,21,41,64,17,5,13,21,38,66,17,6,12,22,36,67,17,6,12,23,33,69,17,6,12,24,30,71,17,6,12,25,27,73,17,6,12,26,25,75,16,6,13,25,25,75,15,7,12,27,24,75,15,7,12,27,24,75,8,3,3,8,12,28,23,76,7,15,11,28,23,76,6,16,11,29,21,79,3,18,10,29,21,101,9,29,22,101,8,30,21,102,7,30,21,102,8,29,21,102,8,30,20,103,7,30,20,104,7,30,19,104,7,30,19,14,2,89,7,29,19,13,4,1,1,87,6,29,18,10,8,90,5,30,17,10,8,126,16,9,10,125,16,10,8,126,16,12,2,130,17,143,18,142,19,142,18,141,19,142,18,142,18,142,18,143,16,145,15,146,13,73
m1056,335,219,88,100,6,164,64,77,4,73,99,41,7,71,104,36,8,71,107,31,10,70,112,26,11,70,114,22,13,70,116,18,15,70,119,13,16,71,121,9,17,71,124,6,17,56,9,7,148,53,14,4,147,51,19,1,147,49,123,4,44,46,125,8,39,45,128,10,36,44,129,11,36,42,131,11,35,41,133,10,34,41,134,9,35,41,134,7,37,40,135,6,37,40,136,4,39,39,180,38,181,6,12,18,183,4,15,16,183,3,18,14,184,3,20,11,186,1,22,9,212,6,213,6,214,5,215,3,19,3,81,5,108,3,19,4,14,4,62,8,25,1,79,3,18,6,9,10,59,10,23,2,79,3,18,7,4,15,58,12,19,4,79,2,18,9,1,17,58,12,18,5,79,2,18,27,58,12,17,5,80,1,19,27,57,13,16,5,81,1,19,27,57,12,16,6,81,1,19,27,56,13,16,5,53,15,33,28,55,13,17,4,54,19,29,28,54,13,17,5,55,17,30,29,52,13,18,4,56,17,30,29,51,13,20,2,58,16,30,29,50,14,81,15,30,29,49,14,82,14,12,1,18,30,46,16,83,13,12,1,18,30,44,17,14,2,69,13,11,1,18,30,41,20,12,5,69,12,2,2,3,5,18,31,37,23,10,6,71,11,2,2,3,5,18,32,31,27,10,7,72,14,1,7,18,33,28,30,7,9,73,9,11,2,18,32,28,45,75,8,11,2,18,33,27,45,75,9,10,2,18,34,26,45,22,12,17,4,21,8,10,2,18,35,25,45,21,14,15,5,21,10,7,4,17,36,24,45,20,16,14,6,21,9,7,4,17,37,23,45,19,19,11,7,23,4,11,4,15,38,23,45,18,22,9,7,38,5,13,40,22,44,19,23,7,9,37,6,3,4,5,40,22,44,18,39,38,14,4,40,23,43,17,40,13,12,11,17,3,41,22,43,17,40,11,17,6,63,22,43,17,41,8,89,21,42,18,41,6,91,21,42,14,45,4,93,20,43,14,142,20,43,14,142,20,43,14,142,20,43,14,142,20,43,14,142,19,44,14,142,19,45,13,142,18,46,12,143,18,46,14,141,17,47,15,139,18,48,12,141,17,49,13,140,16,50,11,142,15,51,10,144,13,53,9,141,15,55,10,140,13,58,5,144,12,207,11,149
m1074,315,204,94,186,3,201,3,201,3,200,4,200,3,201,3,199,5,199,4,200,3,200,4,199,5,199,5,198,6,197,7,196,7,196,8,195,8,84,44,67,9,82,56,57,8,78,67,51,8,71,78,45,10,69,82,41,12,67,86,39,11,68,88,35,13,68,90,33,12,69,92,30,10,72,94,26,10,74,95,24,15,69,97,23,16,68,98,21,17,56,3,9,99,19,9,61,10,6,99,20,7,59,15,4,100,22,3,57,122,79,126,18,1,57,128,74,131,71,134,69,135,68,136,67,138,65,139,64,140,64,140,63,141,63,141,62,140,64,139,64,140,64,139,65,138,66,137,66,137,67,134,69,106,7,22,69,103,11,20,41,3,26,18,11,72,14,19,69,16,15,71,14,18,70,16,16,69,14,18,71,16,16,68,15,17,72,16,16,67,15,17,73,16,16,66,16,17,48,1,23,17,16,65,16,17,36,3,5,3,1,4,21,17,16,64,16,18,29,2,5,2,6,9,20,17,17,62,17,17,30,1,6,2,7,9,19,18,15,13,3,45,18,17,47,10,18,18,16,13,3,43,18,18,45,13,16,19,16,12,6,39,20,17,46,14,15,19,17,11,8,35,21,17,47,15,14,20,17,10,8,33,23,17,47,15,14,20,17,10,9,30,24,18,48,16,12,20,17,11,9,27,26,17,49,18,10,20,18,10,9,26,26,18,49,18,9,21,18,11,9,25,26,18,50,17,9,9,2,10,19,10,9,25,26,14,55,18,2,1,4,8,4,10,18,11,8,25,26,14,56,18,1,1,3,1,1,7,4,10,19,10,9,24,26,14,57,23,1,6,6,10,18,11,8,24,27,13,58,19,4,6,8,9,18,10,8,24,31,8,59,14,9,5,10,8,18,10,9,23,27,9,62,4,20,4,11,8,17,10,9,23,27,9,63,2,6,2,13,3,14,7,16,10,10,21,28,8,88,2,15,7,16,10,9,21,28,7,109,3,18,10,9,20,30,5,131,9,9,20,167,9,8,20,168,8,8,19,170,7,8,19,171,6,9,18,173,2,11,17,187,16,188,15,190,12,192,11,128
m1080,315,198,101,147,10,184,16,178,21,173,25,163,36,155,43,152,46,149,49,143,56,134,66,126,73,122,84,109,94,97,103,84,115,77,122,73,125,72,118,4,1,74,118,80,107,3,3,2,2,80,119,79,119,78,115,72,6,5,115,7,2,60,11,2,126,57,137,1,2,56,145,51,152,45,154,43,154,44,129,3,15,50,147,2,2,47,146,51,139,1,6,3,2,46,155,42,149,2,3,43,141,2,5,50,150,47,158,39,161,36,162,35,49,4,105,2,3,35,164,6,1,26,91,9,60,1,4,6,1,26,90,18,51,39,89,19,51,38,89,20,51,37,89,23,49,36,89,24,49,35,90,23,52,32,92,22,52,31,93,22,54,28,94,21,56,26,11,13,72,19,58,3,3,18,12,13,17,3,56,14,66,4,1,11,12,15,15,5,57,9,70,14,13,15,15,6,58,7,71,13,13,15,14,8,56,8,72,1,1,9,14,15,13,9,56,7,75,9,14,15,13,10,55,7,75,8,15,16,12,11,54,6,76,7,16,16,12,13,54,4,76,6,17,16,12,14,53,3,77,6,17,16,12,15,53,1,78,5,17,17,12,16,81,2,48,5,17,18,11,18,16,5,56,5,47,5,17,18,11,40,54,7,46,4,18,18,11,41,52,9,45,4,17,19,11,42,51,9,45,3,18,19,11,43,50,9,21,8,16,3,18,19,12,42,49,10,21,15,9,2,19,19,12,43,48,11,20,17,7,2,19,19,12,44,47,11,21,18,5,2,19,20,11,45,45,13,20,19,4,1,9,2,9,20,11,46,43,14,21,21,1,1,8,4,8,20,12,45,43,14,22,20,10,4,8,20,12,46,41,15,23,19,9,5,8,20,12,47,40,16,22,19,8,7,7,20,12,47,39,17,22,20,7,7,8,19,12,48,37,18,22,20,7,7,8,19,13,47,36,20,21,20,6,9,7,19,13,47,36,20,20,21,6,9,7,19,13,48,34,21,20,21,5,10,7,19,14,47,33,22,21,20,5,11,3,22,14,47,33,22,16,1,3,21,5,36,14,47,33,22,15,26,4,37,15,46,32,24,10,31,3,37,15,47,30,26,7,33,3,37,16,45,28,30,5,35,1,38,16,45,27,110,17,44,25,112,17,44,22,116,17,43,18,121,16,43,17,123,14,45,14,127,11,46,13,185,12,186,12,186,10,189,2,196,2,92
m1098,325,180,85,98,18,3,7,149,35,132,52,125,57,116,66,110,73,102,80,96,86,90,91,85,95,83,98,81,100,79,101,79,102,78,103,76,104,76,105,59,7,9,105,54,15,6,105,51,20,3,107,48,23,2,107,47,133,46,134,45,135,44,136,44,137,42,138,41,139,41,139,40,143,37,145,34,50,5,91,34,52,3,4,1,86,34,51,4,91,34,51,4,39,17,36,32,55,1,1,6,31,23,34,28,56,15,23,25,35,26,55,13,1,1,23,28,34,24,57,11,3,2,21,28,38,20,58,7,29,28,38,19,60,4,30,28,39,18,95,29,39,9,1,7,94,30,41,2,2,3,1,6,95,30,40,3,2,3,1,6,40,1,53,32,46,1,1,5,38,6,50,33,48,5,11,4,20,10,48,33,49,4,11,5,19,12,47,32,50,4,11,5,19,13,46,32,50,3,12,5,19,14,45,31,51,3,11,6,19,15,44,31,51,2,12,6,19,16,43,30,52,2,12,6,19,17,43,28,53,1,12,7,19,18,43,26,54,1,12,7,19,20,42,25,54,1,12,6,20,23,40,23,28,3,36,7,20,29,3,5,27,22,27,6,34,7,20,37,28,21,27,7,32,8,20,38,27,20,27,8,32,8,20,39,27,19,27,9,30,9,20,39,27,18,28,10,29,9,20,40,27,17,28,11,27,10,20,40,27,17,28,12,25,11,20,41,27,15,29,12,17,1,7,12,19,42,26,15,29,13,16,1,7,12,19,42,27,14,29,14,15,1,7,12,19,43,26,14,29,15,14,1,6,13,19,44,25,14,28,17,13,1,6,13,19,44,25,14,28,18,12,1,6,13,19,45,25,13,28,19,11,2,4,14,19,45,25,14,27,21,9,21,18,46,24,15,26,22,8,21,18,46,24,17,23,24,7,22,17,46,25,18,21,26,3,24,18,45,26,18,20,54,18,44,27,18,19,54,19,43,27,19,18,55,20,41,28,19,16,56,21,40,29,21,13,57,20,40,29,25,7,59,22,38,28,93,22,37,27,95,19,39,25,98,18,39,22,102,16,40,19,76
m1128,326,150,84,138,12,96,1,1,12,10,30,85,65,79,71,75,75,58,92,54,96,52,98,51,99,50,100,49,98,51,79,5,15,2,1,47,78,11,11,2,1,47,77,13,3,3,1,52,77,73,76,21,4,49,75,24,1,50,75,74,76,74,79,48,9,14,84,39,19,8,86,34,26,3,89,30,121,27,125,24,130,19,134,15,136,14,136,13,137,13,139,10,141,9,141,8,143,7,144,6,96,7,8,9,25,5,96,25,24,6,95,26,23,6,94,27,23,6,94,27,23,7,92,28,23,8,31,5,54,28,24,9,28,7,53,30,23,9,26,10,52,31,22,9,24,13,50,31,23,8,23,15,49,32,23,8,20,18,48,34,22,8,18,21,47,34,22,8,15,24,46,34,22,8,13,28,45,34,21,9,12,30,44,34,20,10,11,32,43,34,19,10,12,33,42,33,19,10,13,34,41,33,18,10,14,35,40,33,17,10,15,36,40,32,15,12,15,37,39,31,14,14,15,38,38,31,13,14,16,39,37,31,13,14,16,40,37,30,12,14,18,41,35,30,12,14,18,42,34,30,11,15,18,43,33,30,11,14,19,43,34,29,11,14,19,44,33,29,10,15,19,45,32,30,8,16,19,45,32,30,7,17,19,46,31,30,4,20,20,45,30,31,5,19,20,45,30,30,6,19,20,46,29,28,8,19,20,46,29,27,9,19,20,46,29,27,8,20,20,46,28,32,1,23,20,47,27,56,20,48,25,57,20,48,23,59,20,49,19,63,19,50,14,67,19,51,12,68,18,52,10,70,18,53,6,74,16,134,14,134
m1150,331,128,77,87,8,115,28,98,34,87,42,80,50,75,54,73,56,71,58,68,60,68,61,66,62,65,63,37,4,23,64,36,6,22,64,35,7,21,65,35,8,19,67,33,9,18,71,30,9,18,74,27,9,17,75,27,9,16,76,26,12,12,78,27,59,5,37,28,55,13,32,28,53,18,29,27,52,23,26,26,52,26,24,26,50,30,22,25,50,33,20,24,50,35,19,23,51,36,18,22,52,37,17,21,53,38,16,20,27,1,26,38,16,18,57,38,15,17,58,38,15,16,60,13,3,21,15,14,64,7,10,18,15,13,13,18,51,19,14,13,11,20,51,20,13,12,11,21,51,21,12,11,11,22,52,18,14,10,12,23,51,19,13,10,11,24,52,18,13,9,12,24,52,21,10,8,13,24,53,19,11,7,15,23,54,16,13,6,16,23,54,16,13,6,17,22,58,15,10,5,13,3,1,23,58,15,10,5,11,29,7,2,51,12,11,4,11,30,7,3,52,7,14,4,10,31,7,4,53,3,16,3,10,32,7,6,70,3,9,33,7,7,23,2,44,3,8,34,7,8,9,14,45,3,7,35,7,8,8,14,16,7,7,2,14,2,7,36,7,8,7,14,16,10,5,3,13,2,7,36,7,8,7,12,17,13,4,2,12,3,6,37,6,9,7,12,14,18,3,2,10,3,6,38,6,9,7,11,13,26,2,10,6,38,6,9,6,12,15,36,5,38,7,8,7,12,15,36,5,38,7,8,7,11,17,34,5,39,7,8,7,11,17,34,5,39,7,8,7,10,14,38,5,39,6,9,7,11,7,44,5,39,6,9,7,13,2,47,4,40,7,8,7,62,4,40,7,8,7,62,3,41,7,7,8,63,2,40,8,7,8,105,8,7,8,106,8,5,9,105,8,7,7,107,7,7,7,107,7,7,6,108,7,8,3,66
m1200,336,78,71,72,6,70,8,68,10,66,12,65,13,63,15,61,17,53,25,45,33,44,34,43,35,41,37,40,38,39,39,37,41,34,44,33,45,32,46,32,46,31,47,28,50,30,48,27,51,26,52,25,53,25,53,25,53,25,53,24,54,24,54,23,55,23,55,23,55,22,56,22,56,21,57,20,58,20,58,19,59,19,59,19,17,5,37,18,10,14,36,18,9,16,35,18,8,17,35,17,8,19,34,16,9,19,34,15,9,21,33,14,9,22,33,13,9,24,32,12,10,25,31,11,10,26,31,10,11,27,29,11,10,30,27,10,10,32,24,11,11,33,23,11,10,35,21,11,10,38,19,11,9,40,19,10,8,43,17,9,8,45,15,10,8,45,16,9,7,47,15,9,6,49,14,8,7,50,11,10,6,55,7,9,6,72,6,71,6,71,7,70,7,70,7,71
m1180,357,98,95,95,3,95,3,93,5,92,6,91,7,90,8,89,9,88,10,87,11,86,12,84,14,82,16,80,18,79,19,78,20,76,22,75,23,74,24,73,15,4,6,72,15,6,5,70,15,8,5,69,15,10,4,67,16,12,3,66,16,81,16,81,16,81,17,80,17,80,17,80,17,81,14,83,14,84,13,83,14,80,17,51,14,14,20,47,24,6,22,2,2,41,58,38,69,29,73,24,78,19,82,15,84,13,85,12,86,10,88,8,89,8,91,5,93,4,93,4,94,4,94,3,26,6,63,2,26,7,1,1,61,1,25,12,60,1,25,12,5,2,2,2,49,1,24,14,3,10,46,1,23,30,44,1,22,33,42,1,21,34,11,2,29,2,19,36,10,2,29,2,18,40,8,1,29,4,12,45,3,2,32,6,7,53,29,71,23,77,19,81,16,83,15,85,13,86,11,90,8,94,1,1482,1,97,2,95,3,95,3,94,5,93,4,94,4,96,2,95,3,1
m1240,444,38,19,22,6,28,2,1,8,2,6,18,20,17,22,16,22,16,22,16,22,2,1,12,23,15,23,1,4,10,23,1,5,1,30,1,37,2,36,4,34,3,33,7,2,2,26,8,2,2,5,1,18,10,27,16,10,2,6,11
m1170,440,108,24,70,15,82,39,65,45,36,76,14,1,7,90,7,5,6,90,6,6,3,93,1,107,2,106,2,107,1,106,2,106,3,105,8,100,10,98,12,96,14,4,1,89,23,1,2,82,30,78,42,65,47,59,63,43,68,2,3,33,81,23,11
m1210,443,68,21,51,5,41,2,13,14,3,1,4,1,29,6,3,31,25,43,22,46,20,48,17,1,2,48,15,53,14,54,13,58,7,58,11,1,1,55,13,55,14,54,13,55,15,1,1,51,21,47,22,44,25,41,29,37,43,21,10
m1179,394,99,67,36,1,96,7,82,3,5,13,74,26,6,3,4,2,56,45,52,47,51,48,49,51,46,54,2,1,2,1,26,1,9,60,29,1,7,66,24,2,6,71,19,3,5,73,19,2,4,74,19,2,4,72,20,3,3,73,20,3,2,74,21,3,1,77,1,1,17,2,1,36,1,9,4,30,16,32,3,1,1,2,1,9,5,32,13,2,1,29,5,1,2,9,1,1,3,36,8,3,1,28,9,9,2,1,1,48,1,28,9,9,1,51,1,28,9,9,2,1,1,3,1,44,2,26,11,3,3,1,5,3,1,43,4,22,30,43,5,10,41,43,57,43,59,40,58,41,58,40,59,6,1,33,63,1,2,33,63,1,2,33,66,33,69,30,74,25,76,23,70,1,5,23,70,1,5,23,70,1,5,9,1,13,69,2,5,24,78,21,79,20,80,19,80,19,82,17,82,17,79,20,79,20,78,21,79,20,79,20,79,20,79,20,80,19,81,18,81,18,81,18,74,3,4,18,74,25,74,3,1,21,75,2,2,20,75,2,5,17,75,2,4,18,82,17,81,16,2
m1180,391,98,62,26,3,3,1,88,16,79,23,15,6,21,1,1,9,20,27,7,1,2,13,11,19,17,30,2,49,16,82,15,83,13,85,12,86,10,88,8,90,7,91,6,92,5,93,4,94,3,95,2,96,2,96,1,97,1,783,1,97,1,36,2,59,2,29,12,55,2,26,2,1,14,53,4,18,23,4,2,47,5,8,33,3,5,43,7,5,46,40,58,40,59,39,60,2,1,33,63,1,3,29,71,13,2267,1,5
m1208,432,70,38,59,4,67,4,65,6,63,7,63,8,53,1,4,16,47,5,3,15,40,30,38,32,32,38,29,41,27,43,16,54,11,59,10,60,9,61,7,63,4,66,4,66,1,1,1,137,1,69,1,69,4,66,4,66,5,65,5,65,4,66,5,64,7,12,4,46,12,8,6,42,14,4,13,1,4,32,17,2,33,13,232,1,69,1,58
m1181,394,97,68,35,1,92,13,14,1,63,2,3,18,6,7,61,37,2,1,52,1,1,44,16,1,32,48,16,2,29,54,10,4,28,56,2,5,1,7,24,74,20,78,17,76,1,7,11,86,9,84,11,88,1,1,7,91,5,87,10,83,2,1,10,88,9,89,8,93,4,94,1,1,1,96,1,291,1,96,2,10,5,13,3,2,2,60,6,1,12,8,18,52,44,53,45,52,47,50,48,49,50,47,51,46,52,45,51,46,52,45,51,46,34,1,1,1,9,3,2,46,43,7,1,46,41,56,41,56,40,57,30,1,8,58,20,3,16,58,16,7,7,1,5,1,2,58,15,9,4,3,8,58,15,17,2,1,4,58,15,82,16,1,1,79,19,78,19,78,20,77,22,2,1,72,22,1,2,72,25,72,25,72,26,10,1,60,26,9,2,9,1,50,31,2,4,8,3,49,38,5,6,4,2,42,57,40,58,39,58,3,3,33,67,30,68,29,74,21,77,19,3
m1187,408,91,55,2,2,89,2,5,2,82,2,87,6,86,5,87,3,88,5,86,5,433,2,87,8,82,9,85,6,83,9,84,7,83,8,83,7,83,7,85,4,87,2,84,3,2,2,78,2,1,12,73,17,70,9,1,11,69,10,1,13,66,10,3,12,59,2,3,12,3,13,57,18,2,15,1,1,53,44,47,44,46,46,40,51,13,2,22,1,1,52,13,3,10,4,6,55,13,3,9,5,5,56,13,3,6,1,1,7,1,1,1,57,14,2,5,70,14,77,14,77,14,77,14,77,14,77,24,6,4,57,26,2,6,57,36,55,39,52,40,51,41,50,48,42,50,41,52,3,2,33,64,25,69,19,7
m1184,419,94,44,77,8,86,11,2,3,78,10,4,2,78,10,85,9,84,11,83,13,80,13,82,8,86,6,89,2,86,9,1,2,81,13,81,12,82,13,8,1,60,6,6,12,4,2,2,2,58,12,1,12,9,2,57,11,4,12,5,1,2,2,51,18,3,22,50,20,1,24,15,4,29,46,13,7,24,50,3,2,1,2,4,14,2,5,7,1,1,52,2,32,5,149,3,2,1,88,6,88,7,2,1,84,11,83,11,83,11,83,11,83,13,81,13,22,2,57,16,19,3,56,19,4,2,10,4,2,1,52,29,5,9,51,30,4,9,51,49,45,51,43,53,41,55,38,62,29,71,20,7
m1173,433,105,30,86,2,102,5,99,10,95,11,2,2,79,5,5,17,78,29,75,31,73,32,11,5,13,2,21,55,3,17,6,5,2,72,1,19,5,99,5,101,3,102,3,102,3,101,6,80,1,18,5,81,2,16,6,81,3,7,14,81,6,2,16,81,26,79,28,77,30,75,31,3,3,2,2,64,42,63,45,10,5,45,60,45,61,43,65,38,79,23,6
m1175,393,102,38,76,23,73,32,42,60,40,62,35,67,31,71,29,73,23,79,21,79,19,81,18,84,16,86,15,86,15,84,18,84,17,85,16,85,16,86,16,86,15,86,16,88,14,89,13,93,9,94,9,93,9,94,9,93,8,33,5,54,10,33,6,52,11,3,1,28,9,49,9,24,2,9,10,6,1,1,3,37,8,25,4,7,11,5,6,36,7,27,1,9,11,5,6,35,7,39,10,5,5,34,9,19,2,9,2,5,12,4,7,32,9,7,4,19,4,2,12,6,10,28,12,4,6,17,17,6,14,24,17,1,7,15,18,4,20,13,3,1,15
m1088,445,40,32,16,2,27,16,21,26,14,29,10,31,9,37,3,38,2,38,2,39,1,39,1,39,1,159,1,37,3,39,2,38,4,36,4,34,7,33,8,32,8,32,9,30,10,30,10,28,13,27,13,26,15,24,16,23,17,20,22,15,14
m1102,415,176,53,154,11,161,1,3,11,167,11,158,2,5,13,156,2,5,14,153,23,152,24,153,24,153,23,157,20,157,18,162,11,155,6,6,9,158,1,11,2,168,3,343,1,183,2,106,1,172,6,65,5,98,21,23,5,10,4,8,7,90,48,1,10,3,25,73,103,66,111,64,116,60,119,56,122,53,125,48,128,47,129,46,130,51,125,54,1,1,120,57,2,2,115,62,114,63,117,5,1,55,113,63,113,7,1,56,112,2,1,2,3,61,108,6,1,72,99,93,7,6,65,116,60,2,4,112,58,3,3,119,51,5,2,128,39,7,3,135,30,9,1,146,19,4,3,2,3,168,3,2,3,168,3,3,1,169,3,1,3,170,1,174
m1089,438,189,37,142,2,2,8,12,7,2,1,155,36,100,2,36,55,80,27,1,87,66,124,61,128,58,131,50,2,2,135,5,18,12,3,4,147,3,186,2,187,2,187,2,187,1,188,1,188,1,856,10,8,2,2,2,137,6,2,50,107,2,21,63,54,1,47,4,1,3,2,87,44,1,44,105,38,3,42,113,29,6,38,126,12,15,34,157,33,156,32,158,29,160,26,164,23,167,17,171,17,3,2,168,15,4,2,169,11,179,9,168
m1088,446,90,31,14,2,77,20,43,3,3,1,19,25,35,15,15,29,8,3,17,29,3,35,3,5,14,32,1,35,20,34,1,40,13,36,1,45,8,36,1,42,1,3,7,36,1,41,11,37,1,42,11,18,3,5,2,8,1,41,15,13,1,1,3,3,6,5,1,43,14,4,5,2,23,42,48,42,49,42,49,41,50,41,50,41,50,41,49,41,49,41,50,40,50,38,52,37,53,36,55,34,56,32,59,28,63,23,67,17,63
m1089,436,189,39,123,2,6,12,5,4,135,2,8,51,125,79,86,106,77,117,69,122,62,129,48,143,9,11,18,152,3,19,9,158,2,187,1,188,1,188,1,188,1,188,1,188,1,1236,23,156,39,57,1,76,4,8,55,43,3,52,96,37,5,50,109,23,9,41,124,11,14,39,150,37,153,35,155,33,156,31,159,29,161,25,167,15,2,2,171,13,175,13,177,9,167
m1090,442,188,31,165,10,170,21,97,3,65,25,73,5,4,5,3,12,39,49,68,32,5,6,20,62,60,37,3,6,18,65,56,51,1,1,9,1,3,66,56,50,16,65,33,1,23,53,12,67,5,13,12,6,14,1,4,54,5,1,3,2,1,67,2,20,5,11,12,1,4,55,3,3,1,3,1,67,1,21,3,15,16,32,2,2,8,7,15,66,1,40,15,16,1,14,37,104,18,13,8,1,3,3,41,102,18,10,62,97,95,53,1,39,97,1,7,43,1,36,109,42,1,37,111,39,5,24,2,5,118,32,8,23,3,3,131,17,13,20,140,11,18,19,169,17,170,17,172,17,171,15,174,14,175,10,181,4,184,4,170
m2147483647,2147483647,0,0,0
m1180,438,98,25,74,5,84,17,69,37,50,51,26,77,20,78,17,81,1,4,11,82,1,6,4,94,3,88,1,97,1,97,1,97,1,97,5,93,6,5,3,84,18,80,20,78,24,74,35,63,38,60,44,54,54,44,59,38,70,27,2
m1219,443,59,20,44,2,32,14,3,1,1,10,27,37,18,42,14,48,8,52,8,51,4,56,1,117,1,58,1,58,2,57,3,56,4,55,8,51,18,41,19,40,23,35,35,22,3
m1149,434,129,28,99,1,1,3,123,12,1,6,109,24,105,24,102,2,1,32,91,38,12,8,60,49,4,42,1,21,2,59,2,127,1,386,1,128,3,126,4,125,7,122,8,121,11,118,16,113,19,110,24,105,34,95,42,1,3,3,3,77,68,61,74,55,87,42,94,34,105,2,1,17,5
m1156,440,122,20,95,6,90,43,52,75,14,2,4,106,4,363,1,121,2,120,3,119,3,119,6,116,10,112,19,103,25,97,35,2,3,81,61,61,65,57,69,53,83,38,2
m1163,439,115,23,71,34,78,39,43,77,26,91,9,107,2,113,1,344,1,114,2,113,2,113,5,110,9,106,12,103,20,95,38,77,43,2,3,67,55,60,62,53,71,44,78,37,85,29,1
m1169,435,109,29,89,1,97,14,1,1,82,4,5,24,74,38,71,43,61,49,31,7,4,67,24,85,8,101,7,102,2,2,1,104,1,326,2,107,4,105,4,105,6,103,7,102,11,98,18,7,2,82,33,76,38,6,2,63,49,60,54,4,1,50,66,43,72,37,78,31,85,1,2,20,1
m1178,437,100,25,79,10,80,6,3,12,74,26,66,37,59,46,26,4,7,4,9,51,4,4,14,79,2,6,2,3,2,1,3,81,3,97,1,599,8,92,8,6,2,3,1,80,23,77,26,74,38,62,40,60,45,55,57,43,60,39,71,27,3
m1179,439,98,24,82,1,92,12,80,18,59,43,2,1,50,49,48,51,41,57,4,2,31,61,4,2,22,2,6,62,28,2,6,66,1,1,15,2,1,74,21,2,1,74,25,7,1,65,27,4,4,63,27,4,4,63,27,3,7,61,28,2,10,58,41,57,43,55,46,52,58,40,61,37,71,27,79,19
m1179,422,98,39,86,6,92,9,88,12,84,14,83,16,79,19,79,19,76,22,69,29,66,32,53,6,6,33,52,9,2,35,50,48,32,3,15,48,31,5,11,51,18,4,3,73,17,81,17,81,2,11,3,95,3,92,6,82,1,5,10,82,20,10,2,66,32,66,33,65,20,10,2,66,20,78,21,2,1,74,36,62,36,62,40,58,41,57,43,55,44,54,53,45,59,39,67,31,74,24,80,18
m1163,421,115,39,105,2,112,5,108,7,106,10,104,11,102,13,97,19,96,22,88,27,85,31,83,32,81,33,75,3,3,35,73,3,4,35,73,2,5,35,73,42,9,4,12,5,4,14,17,50,1,229,2,113,2,113,2,113,2,113,5,110,9,106,10,105,12,103,10,105,10,105,12,103,14,101,23,92,32,83,39,76,54,61,58,57,74,41,83,32,95,20
