1
123.1345,337.0621,73.8730,104.1449
123.4106,328.8870,76.7860,117.0798
107.2447,331.1798,92.1854,119.8474
110.4568,335.4135,80.1559,115.1583
106.2059,354.5196,88.2627,102.5537
116.3571,351.4140,83.9882,88.8259
116.7701,343.0036,83.9033,84.3123
106.1772,312.7766,88.1532,75.4619
110.2987,279.3815,81.7359,86.8839
118.5357,251.2115,76.8412,93.5486
114.5976,244.8071,88.8194,114.5085
116.7015,229.7785,85.7326,126.6489
118.0011,218.3472,86.1949,132.5082
119.3985,214.6704,76.6192,119.7092
116.1639,225.3192,81.8595,103.6644
132.1376,227.7070,84.7402,94.8868
129.3514,259.0296,93.1243,84.3509
137.7505,257.7554,108.4536,74.1975
132.6415,241.1018,116.7025,86.7828
140.9608,225.7911,112.4464,99.8181
140.4540,206.2073,119.8319,80.4154
106.4907,177.0105,111.0339,70.9001
124.9513,149.4984,96.5744,86.4479
132.1962,136.6656,93.5881,108.6293
136.0924,119.1959,97.8567,118.9452
143.0927,115.9459,93.2253,119.6612
158.9485,114.0168,77.8746,125.9425
161.2051,114.6062,80.9838,125.4370
164.2609,114.3673,83.1580,127.6807
165.2981,115.6907,88.3506,125.6729
168.4830,118.4936,90.0039,111.5666
166.3302,123.4752,98.2421,100.8334
166.6989,126.0007,80.3812,105.0233
162.4117,118.2997,73.5542,114.9819
169.2907,118.9358,73.3485,116.2065
160.3984,126.7107,78.1107,108.4072
165.8878,133.0279,80.9051,105.6241
162.3640,151.1363,81.0052,89.8872
181.2901,182.8487,78.8933,69.5647
177.3710,191.7825,92.5779,63.7020
190.0883,181.2231,100.2106,74.8091
195.7136,172.3607,96.8178,74.3999
195.2398,160.7793,106.8739,75.5353
194.2523,146.1279,106.8874,74.9047
187.2581,118.9031,93.9375,73.4611
183.9055,88.1272,94.6217,82.2755
203.4206,73.2981,84.7256,101.1104
218.2277,35.9038,74.3530,114.9156
240.2565,53.4701,60.6746,111.7657
239.5358,30.9381,71.5588,125.0855
233.2679,31.9190,97.9779,128.6819
231.3064,42.8082,104.0034,107.0092
233.6360,83.2195,89.8647,88.7951
260.8925,86.5467,92.4073,93.8905
270.2411,68.1055,78.3155,103.1826
263.7476,53.6514,88.5513,103.1583
234.3770,33.1592,100.8546,78.6657
215.1579,7.9231,96.0982,68.2723
220.6913,2.5164,89.9509,61.6289
246.4496,1.5334,72.1306,64.7504
249.6875,2.5877,71.6047,57.4794
253.7503,1.7801,65.2067,57.7275
258.3088,1.9977,60.0504,57.4165
257.7005,2.7028,60.6351,57.6344
254.5111,1.8474,62.0837,60.0870
257.2597,1.2701,58.1188,64.5123
256.5386,3.3142,59.0904,66.0441
254.1632,0.8533,60.2575,72.6120
251.8029,0.7422,60.1109,75.3588
246.1550,-0.8775,64.1924,81.6755
242.1500,-0.8510,68.5287,85.6692
240.9687,-0.9671,69.4913,87.1103
242.6890,-0.7454,67.6049,90.3663
239.1730,0.8063,72.7320,92.1779
235.5311,1.2476,78.5905,95.2963
233.3173,0.9791,85.1974,88.2070
236.9607,4.0905,68.5973,72.6758
238.8727,3.2464,61.4964,77.1486
240.9198,3.2476,59.6043,81.9960
235.1484,3.4924,67.2509,85.0620
234.5016,3.8992,67.6575,86.6983
233.5772,10.0338,70.5328,81.1151
231.2045,12.8795,72.7413,77.5474
232.3633,14.9653,73.2888,74.9130
228.2703,7.1964,81.2689,87.2755
220.6047,14.4772,89.7102,75.8679
220.7073,22.1530,91.3449,67.8494
220.5461,34.0148,92.2873,52.5664
225.2849,44.3653,89.3689,42.3781
225.2631,52.1997,102.2998,37.2535
226.8501,51.3018,106.7359,40.0490
228.2916,46.7511,102.5572,41.9575
228.4197,43.8811,101.6623,45.8631
228.9104,38.3870,101.1051,58.8032
239.9579,42.9768,115.6058,55.0856
239.9963,41.6544,123.1968,61.3917
230.6156,38.9265,139.7917,66.3413
214.1131,30.0785,150.9010,54.3204
226.8845,29.4583,152.3182,64.8603
204.9874,14.1103,172.6879,61.5737
169.6481,12.8369,156.3805,53.6902
196.7707,5.7444,151.9622,56.8830
226.5377,6.4343,143.9932,54.4421
237.7749,5.8785,126.5476,53.3760
239.3228,2.8222,122.8615,57.5351
247.0426,1.7670,107.8367,57.9031
257.5692,0.8763,92.2552,65.4322
268.4276,0.4949,79.3329,66.2857
256.1408,3.4461,66.2846,63.9364
263.3101,2.4871,61.0503,71.2127
261.4213,3.7897,64.8754,73.8072
266.2295,4.0350,58.3730,77.9017
268.7547,5.3347,53.1339,77.4731
270.2572,5.8016,52.9137,81.2034
270.5530,3.9011,54.7499,89.9574
269.8506,4.5466,57.3261,92.0379
268.8677,4.0054,62.5247,96.0579
269.7703,3.0748,65.4657,102.3889
265.5188,3.4844,72.6544,104.8500
266.2402,4.2129,77.8916,104.2101
262.1710,8.1419,77.1216,104.4319
264.7568,5.8007,51.0519,109.4112
264.6904,8.8993,48.8274,102.8133
264.1175,22.7082,51.1299,96.5814
262.1055,12.3262,51.2369,110.2850
261.0924,15.8078,52.7483,113.9430
256.7908,29.8931,59.4646,105.1135
253.7016,25.4154,58.8809,109.6503
254.0150,32.0529,62.4406,112.1198
253.8937,44.1304,63.2715,101.8109
252.7102,43.7601,62.7452,103.6786
251.5783,57.2281,66.2238,96.6639
251.7883,74.4596,73.9623,89.4290
252.1722,88.5940,82.6461,81.1470
255.8733,96.2371,85.8706,71.7922
266.3013,82.5177,79.0261,83.9765
281.4773,74.7961,70.7190,91.4012
295.8737,60.2648,69.6660,104.8223
302.6495,72.2744,64.4933,116.4314
311.1469,69.3342,57.7504,130.2023
317.8870,83.4307,52.8640,129.3952
308.4158,89.4917,66.3209,135.2666
305.0667,103.4649,65.7804,121.4493
308.4380,123.4998,63.7259,114.3284
307.3618,131.2698,68.6784,108.2230
307.6127,133.0546,68.9500,110.4741
310.1284,134.3393,68.4530,112.5917
311.6137,138.0158,66.1965,112.4091
314.2337,134.7536,67.2191,115.0595
314.5186,134.6379,70.6276,120.6482
