1
m124,67,53,62,0,3286
m124,67,53,62,0,3286
m123,67,55,61,0,3355
m124,67,54,61,0,3294
m126,68,52,60,0,3120
m128,67,50,61,0,3050
m128,67,49,61,0,2989
m129,65,48,61,0,2928
m128,65,49,61,0,2989
m129,64,49,61,0,2989
m127,66,51,57,0,2907
m125,68,57,52,0,2964
m124,68,59,50,0,2950
m122,69,63,47,0,2961
m122,68,63,48,0,3024
m125,66,58,51,0,2958
m128,63,52,56,0,2912
m128,64,52,55,0,2860
m128,61,52,57,0,2964
m129,62,50,56,0,2800
m129,61,50,55,0,2750
m129,61,50,55,0,2750
m130,59,47,57,0,2679
m129,59,48,57,0,2736
m129,59,50,56,0,2800
m128,60,52,54,0,2808
m127,60,52,54,0,2808
m126,60,58,52,0,3016
m126,60,58,51,0,2958
m126,62,54,51,0,2754
m127,61,51,51,0,2601
m128,62,49,52,0,2548
m127,62,50,51,0,2550
m128,65,49,49,0,2401
m127,64,49,50,0,2450
m126,66,50,48,0,2400
m126,66,51,48,0,2448
m126,67,51,47,0,2397
m126,68,51,46,0,2346
m125,68,53,47,0,2491
m125,68,52,47,0,2444
m125,67,52,47,0,2444
m125,68,52,47,0,2444
m125,67,52,47,0,2444
m125,67,51,47,0,2397
m124,67,52,46,0,2392
m124,66,52,47,0,2444
m124,67,52,47,0,2444
m123,65,53,47,0,2491
m122,65,53,47,0,2491
m123,63,50,48,0,2400
m122,63,50,48,0,2400
m120,62,51,48,0,2448
m120,63,51,47,0,2397
m118,61,53,48,0,2544
m115,63,55,46,0,2530
m115,63,56,46,0,2576
m112,65,59,44,0,2596
m109,66,62,43,0,2666
m108,66,60,44,0,2640
m105,67,62,44,0,2728
m103,68,63,46,0,2898
m104,69,65,46,0,2990
m103,69,78,45,0,3510
m118,68,65,41,0,2665
m105,70,77,37,0,2849
m104,66,72,39,0,2808
m105,64,70,40,0,2800
m103,67,72,38,0,2736
m104,64,69,42,0,2898
m101,65,73,39,0,2847
m100,66,71,39,0,2769
m100,65,71,39,0,2769
m99,66,68,39,0,2652
m99,66,63,40,0,2520
m98,67,57,39,0,2223
m95,67,54,38,0,2052
m96,67,59,39,0,2301
m92,68,56,39,0,2184
m93,67,61,41,0,2501
m92,67,56,43,0,2408
m91,67,55,43,0,2365
m89,67,55,43,0,2365
m88,67,55,43,0,2365
m84,68,56,41,0,2296
m84,67,54,42,0,2268
m82,67,54,42,0,2268
m79,67,55,41,0,2255
m75,66,56,41,0,2296
m75,64,53,42,0,2226
m72,65,54,39,0,2106
m70,65,53,38,0,2014
m69,65,54,39,0,2106
m68,65,54,38,0,2052
m67,65,54,38,0,2052
m66,64,54,39,0,2106
m66,64,54,39,0,2106
m65,63,54,39,0,2106
m64,63,54,38,0,2052
m65,61,53,40,0,2120
m65,60,52,39,0,2028
m65,59,52,39,0,2028
m63,58,53,38,0,2014
m62,57,54,39,0,2106
m62,56,53,39,0,2067
m61,55,53,39,0,2067
m60,53,52,39,0,2028
m59,53,53,38,0,2014
m60,50,52,39,0,2028
m59,49,52,39,0,2028
m57,49,54,37,0,1998
m55,49,54,37,0,1998
m52,47,54,38,0,2052
m51,48,54,37,0,1998
m48,47,55,38,0,2090
m44,46,55,38,0,2090
m41,47,56,38,0,2128
m37,46,56,37,0,2072
m30,47,57,37,0,2109
m29,46,55,37,0,2035
m23,46,56,37,0,2072
m21,46,55,38,0,2090
m20,47,55,38,0,2090
m15,47,55,37,0,2035
m8,47,57,37,0,2109
m9,47,54,38,0,2052
m0,47,56,39,0,2184
m0,47,49,39,0,1911
m0,48,45,38,0,1710
m0,48,37,38,0,1406
m0,48,27,37,0,999
m0,50,23,35,0,805
m0,51,15,33,0,495
m0,51,9,33,0,297
m0,43,9,41,0,369
m32,52,18,32,0,576
m72,43,26,38,0,988
m61,42,40,36,0,1440
m52,40,116,37,0,4292
m154,45,48,74,0,3552
m153,46,47,73,0,3431
m153,42,43,78,0,3354
m152,41,42,79,0,3318
m151,40,43,81,0,3483
m150,41,43,80,0,3440
m152,41,41,82,0,3362
m151,41,41,83,0,3403
m149,42,42,83,0,3486
m145,46,43,81,0,3483
m142,50,44,79,0,3476
m140,53,49,77,0,3773
m133,57,58,73,0,4234
m130,59,60,71,0,4260
m132,64,56,67,0,3752
m141,66,44,67,0,2948
m144,67,39,65,0,2535
m149,68,27,63,0,1701
m147,67,27,63,0,1701
m147,66,32,64,0,2048
m147,66,39,62,0,2418
m146,65,46,61,0,2806
m147,65,49,61,0,2989
m146,66,54,64,0,3456
m148,69,52,64,0,3328
m149,70,51,64,0,3264
m154,72,43,62,0,2666
m154,72,41,62,0,2542
m160,73,34,62,0,2108
m161,73,41,61,0,2501
m163,72,32,61,0,1952
m164,72,31,61,0,1891
m164,74,40,61,0,2440
m164,76,50,61,0,3050
m163,76,46,59,0,2714
m165,77,50,58,0,2900
m169,76,45,62,0,2790
m171,75,43,63,0,2709
m176,74,46,64,0,2944
m179,72,41,66,0,2706
m181,71,39,68,0,2652
m183,69,38,69,0,2622
m184,67,34,72,0,2448
m185,66,31,73,0,2263
m188,65,30,74,0,2220
m189,62,30,77,0,2310
m191,64,27,75,0,2025
m191,60,27,79,0,2133
m193,60,26,78,0,2028
m193,61,24,77,0,1848
m193,62,24,76,0,1824
m193,60,23,79,0,1817
m193,59,22,79,0,1738
m194,59,21,80,0,1680
m193,59,23,79,0,1817
m193,59,22,79,0,1738
m193,59,22,80,0,1760
m193,59,23,79,0,1817
m193,59,23,80,0,1840
m193,59,23,80,0,1840
m193,60,23,80,0,1840
m192,60,23,80,0,1840
m192,61,24,79,0,1896
m192,62,23,78,0,1794
m192,61,23,78,0,1794
m192,61,23,79,0,1817
m191,62,24,79,0,1896
m191,61,24,79,0,1896
m190,62,23,79,0,1817
m189,62,23,79,0,1817
m189,63,24,79,0,1896
m189,64,23,78,0,1794
m189,63,23,78,0,1794
m188,64,24,77,0,1848
m188,64,23,77,0,1771
m187,64,24,78,0,1872
m187,63,24,78,0,1872
m187,64,24,77,0,1848
m187,64,24,78,0,1872
m187,64,23,78,0,1794
m187,64,24,77,0,1848
m187,63,23,78,0,1794
m187,62,23,79,0,1817
m186,62,24,79,0,1896
m187,62,23,78,0,1794
m187,61,23,79,0,1817
m187,60,23,78,0,1794
m186,60,24,78,0,1872
m186,59,24,78,0,1872
m186,59,24,78,0,1872
m185,59,25,79,0,1975
m184,59,26,77,0,2002
m183,59,28,79,0,2212
m182,58,30,78,0,2340
m181,59,30,78,0,2340
m180,57,32,79,0,2528
m180,57,33,80,0,2640
m181,57,33,80,0,2640
m179,57,35,80,0,2800
m187,58,28,79,0,2212
m185,57,31,80,0,2480
m185,56,33,82,0,2706
m185,55,34,83,0,2822
m185,56,36,82,0,2952
m185,55,36,84,0,3024
m187,54,35,84,0,2940
m188,53,36,86,0,3096
m189,54,34,85,0,2890
m190,53,32,85,0,2720
m190,54,32,85,0,2720
m191,53,32,85,0,2720
m190,54,33,86,0,2838
m190,54,32,85,0,2720
m191,53,32,86,0,2752
m190,53,32,85,0,2720
m190,53,32,86,0,2752
m189,53,32,85,0,2720
m189,53,33,85,0,2805
m189,53,32,85,0,2720
m189,53,33,85,0,2805
m189,53,32,85,0,2720
m189,53,32,86,0,2752
m188,53,32,85,0,2720
m188,52,32,85,0,2720
m188,52,32,85,0,2720
m186,51,33,85,0,2805
m186,51,33,85,0,2805
m185,51,33,85,0,2805
m184,52,35,84,0,2940
m184,52,36,85,0,3060
m183,51,37,86,0,3182
m183,52,37,87,0,3219
m182,51,38,86,0,3268
m182,50,37,87,0,3219
m180,48,39,88,0,3432
m177,47,41,87,0,3567
m177,46,43,88,0,3784
m174,45,43,87,0,3741
m171,45,45,83,0,3735
m170,46,57,82,0,4674
m167,46,45,80,0,3600
m163,48,48,77,0,3696
m161,48,49,77,0,3773
m165,48,43,78,0,3354
m161,50,47,76,0,3572
m158,49,50,77,0,3850
m155,50,57,76,0,4332
m156,49,60,76,0,4560
m154,49,58,77,0,4466
m153,50,60,77,0,4620
m153,49,60,78,0,4680
m153,47,57,80,0,4560
m153,47,57,80,0,4560
m155,47,53,79,0,4187
m156,47,52,80,0,4160
m158,49,53,77,0,4081
m161,49,48,78,0,3744
m161,56,49,70,0,3430
m164,62,49,65,0,3185
m166,60,46,65,0,2990
m166,60,45,66,0,2970
m166,61,43,65,0,2795
m166,62,42,65,0,2730
m164,62,44,65,0,2860
m163,62,45,66,0,2970
m162,62,45,65,0,2925
m161,63,44,65,0,2860
m163,63,39,66,0,2574
m154,65,47,67,0,3149
m155,65,45,67,0,3015
m165,67,35,67,0,2345
m162,69,39,68,0,2652
m161,69,43,69,0,2967
m161,71,38,68,0,2584
m158,72,51,71,0,3621
m158,72,49,72,0,3528
m161,61,42,87,0,3654
m167,59,39,87,0,3393
m162,60,48,85,0,4080
m158,63,55,68,0,3740
m158,68,60,43,0,2580
m158,70,61,36,0,2196
m159,69,65,23,0,1495
m161,55,58,41,0,2378
m159,47,58,49,0,2842
m156,42,48,56,0,2688
m158,32,33,71,0,2343
m158,17,34,87,0,2958
m155,17,31,90,0,2790
m147,11,39,95,0,3705
m140,5,46,101,0,4646
m119,24,71,79,0,5609
m99,23,95,77,0,7315
m99,28,95,71,0,6745
m76,47,117,52,0,6084
m77,46,115,52,0,5980
m90,49,106,52,0,5512
m102,61,98,81,0,7938
m120,65,80,97,0,7760
m131,61,69,110,0,7590
m142,61,59,117,0,6903
m154,70,49,107,0,5243
m159,75,46,103,0,4738
m160,82,48,96,0,4608
m148,84,66,94,0,6204
m144,87,73,90,0,6570
m142,93,82,83,0,6806
m140,95,102,69,0,7038
m140,93,99,55,0,5445
m143,79,106,57,0,6042
m148,72,74,69,0,5106
m148,58,70,86,0,6020
m143,34,74,108,0,7992
m142,19,79,115,0,9085
m143,12,81,118,0,9558
m144,6,88,113,0,9944
m119,14,119,97,0,11543
m103,20,138,85,0,11730
m92,46,150,54,0,8100
m92,69,150,36,0,5400
m97,69,145,40,0,5800
m104,66,133,89,0,11837
m118,68,111,110,0,12210
m125,67,98,111,0,10878
m137,71,76,105,0,7980
m137,68,77,108,0,8316
m136,67,79,109,0,8611
m137,61,82,112,0,9184
m135,56,84,106,0,8904
m134,53,82,106,0,8692
m136,46,80,108,0,8640
m133,41,85,109,0,9265
m131,40,85,109,0,9265
m125,33,83,116,0,9628
m117,32,80,118,0,9440
m116,30,81,121,0,9801
m120,33,78,132,0,10296
m130,39,71,130,0,9230
m134,40,69,127,0,8763
m122,37,80,130,0,10400
m111,34,71,126,0,8946
m111,33,66,125,0,8250
m108,35,67,116,0,7772
m111,37,63,117,0,7371
m114,36,60,118,0,7080
m127,35,49,119,0,5831
m123,34,57,120,0,6840
m118,34,64,117,0,7488
m108,36,75,113,0,8475
m99,37,80,106,0,8480
m100,39,75,108,0,8100
m105,44,66,107,0,7062
m112,40,59,113,0,6667
m116,38,55,115,0,6325
m122,36,49,116,0,5684
m102,36,67,113,0,7571
m100,35,74,111,0,8214
m106,36,68,103,0,7004
m109,37,69,98,0,6762
m109,37,71,101,0,7171
m107,39,75,100,0,7500
m96,39,89,101,0,8989
m112,35,70,103,0,7210
m108,37,71,103,0,7313
m99,38,83,103,0,8549
m98,37,78,104,0,8112
m90,38,81,105,0,8505
m84,40,83,104,0,8632
m82,37,84,107,0,8988
m80,43,81,97,0,7857
m82,49,76,91,0,6916
m83,47,72,93,0,6696
m83,47,62,95,0,5890
m86,43,55,100,0,5500
m88,42,52,101,0,5252
m91,41,50,102,0,5100
m95,37,47,110,0,5170
m96,35,47,113,0,5311
m99,37,47,113,0,5311
m104,37,47,117,0,5499
m105,37,48,117,0,5616
m111,37,49,119,0,5831
m117,38,48,121,0,5808
m121,37,48,123,0,5904
m125,37,49,124,0,6076
m130,41,48,121,0,5808
m132,39,48,123,0,5904
m134,40,47,121,0,5687
m135,39,46,122,0,5612
m136,36,44,124,0,5456
m135,36,42,123,0,5166
m135,35,41,125,0,5125
m135,35,42,125,0,5250
m135,35,42,125,0,5250
m135,35,40,127,0,5080
m134,35,42,126,0,5292
m134,33,42,127,0,5334
m133,33,42,128,0,5376
m133,33,41,128,0,5248
m132,33,42,129,0,5418
m131,32,42,129,0,5418
m132,30,40,132,0,5280
m131,30,41,133,0,5453
m131,30,41,133,0,5453
m131,31,41,133,0,5453
m131,30,41,133,0,5453
m131,29,41,134,0,5494
m132,29,40,134,0,5360
m132,29,41,134,0,5494
m132,30,42,134,0,5628
m132,29,41,135,0,5535
m132,27,41,136,0,5576
m132,28,42,134,0,5628
m131,28,42,135,0,5670
m132,27,42,136,0,5712
m132,27,42,135,0,5670
m132,27,42,135,0,5670
m132,26,42,135,0,5670
m132,26,42,136,0,5712
m132,25,42,137,0,5754
m132,26,43,136,0,5848
m133,26,44,135,0,5940
m134,26,44,134,0,5896
m134,26,44,136,0,5984
m135,26,44,134,0,5896
m135,25,44,134,0,5896
m136,25,44,135,0,5940
m137,25,44,134,0,5896
m137,24,43,134,0,5762
m136,25,44,132,0,5808
m136,24,44,134,0,5896
m136,24,44,133,0,5852
m136,24,44,132,0,5808
m135,25,44,131,0,5764
m134,24,45,133,0,5985
m134,24,44,133,0,5852
m133,24,44,132,0,5808
m133,22,45,134,0,6030
m133,23,44,133,0,5852
m132,23,45,135,0,6075
m131,23,45,133,0,5985
m132,21,44,138,0,6072
m132,21,44,138,0,6072
m132,22,44,137,0,6028
m132,23,44,137,0,6028
m132,23,45,136,0,6120
m133,22,45,136,0,6120
m133,20,45,138,0,6210
m134,21,44,136,0,5984
m135,21,44,136,0,5984
m134,21,45,134,0,6030
m135,21,44,134,0,5896
m135,20,45,135,0,6075
m136,18,44,136,0,5984
m137,18,45,137,0,6165
m137,18,45,135,0,6075
m138,17,44,136,0,5984
m138,16,45,136,0,6120
m138,17,44,137,0,6028
m139,18,44,137,0,6028
m139,18,45,137,0,6165
