1
91.4395980834961,35.99689865112305,38.441200256347656,47.197601318359375
85.41739654541016,35.0629997253418,37.714500427246094,48.14849853515625
80.6802978515625,34.55220031738281,36.88019943237305,50.850799560546875
75.39679718017578,35.35660171508789,36.54610061645508,49.39699935913086
69.30940246582031,36.81869888305664,38.375099182128906,49.39889907836914
63.924598693847656,36.32709884643555,37.30339813232422,55.49440002441406
58.1890983581543,34.556800842285156,39.91680145263672,60.03900146484375
52.981300354003906,33.52730178833008,42.36009979248047,63.75899887084961
47.16210174560547,40.943599700927734,47.58660125732422,64.56790161132812
42.864498138427734,39.202598571777344,52.76850128173828,72.77069854736328
41.874900817871094,40.86989974975586,56.00410079956055,73.3750991821289
44.810699462890625,47.00519943237305,58.35689926147461,70.31929779052734
52.73429870605469,51.18730163574219,62.8218994140625,68.91840362548828
73.60099792480469,60.44070053100586,54.656700134277344,70.4896011352539
90.45050048828125,62.123600006103516,52.325199127197266,72.77159881591797
111.81950378417969,64.8595962524414,42.98310089111328,77.04669952392578
130.15020751953125,62.67900085449219,42.24980163574219,77.06829833984375
145.42059326171875,59.07830047607422,48.066200256347656,78.78589630126953
160.0220947265625,65.89309692382812,50.60219955444336,74.61309814453125
165.9676055908203,72.45230102539062,49.277400970458984,66.43620300292969
169.4429931640625,72.08450317382812,52.46670150756836,67.09290313720703
170.6020965576172,72.27760314941406,58.782901763916016,68.19599914550781
173.99549865722656,73.29170227050781,60.43790054321289,69.66320037841797
176.0886993408203,71.36499786376953,70.41819763183594,69.0707015991211
177.91700744628906,70.27200317382812,72.67070007324219,72.43049621582031
181.2303009033203,70.4623031616211,67.48999786376953,72.97989654541016
184.88710021972656,70.89749908447266,60.416500091552734,66.22530364990234
186.11399841308594,70.98690032958984,61.0453987121582,70.13760375976562
188.397705078125,71.46050262451172,56.607200622558594,60.094398498535156
187.98190307617188,71.71219635009766,56.547401428222656,62.40060043334961
186.00259399414062,73.20159912109375,57.08940124511719,59.50320053100586
181.875,72.7969970703125,57.717498779296875,62.95759963989258
177.11819458007812,70.96080017089844,57.92070007324219,67.52169799804688
167.2666015625,71.36090087890625,64.98899841308594,65.18589782714844
150.6352996826172,72.03289794921875,78.6061019897461,79.7238998413086
129.31210327148438,58.323001861572266,89.33429718017578,82.82890319824219
128.33839416503906,51.63050079345703,85.49610137939453,65.97329711914062
122.75180053710938,42.77539825439453,64.66100311279297,68.32929992675781
115.27570343017578,36.519500732421875,58.29930114746094,67.22579956054688
112.24710083007812,34.05839920043945,51.13130187988281,67.08499908447266
106.94259643554688,33.933799743652344,49.03820037841797,66.3864974975586
104.07250213623047,33.061798095703125,44.712501525878906,65.44770050048828
104.54789733886719,30.457399368286133,45.56449890136719,68.35639953613281
108.7229995727539,31.572999954223633,42.88639831542969,68.66490173339844
115.64129638671875,33.28950119018555,41.37900161743164,70.41459655761719
126.12249755859375,37.28310012817383,40.950599670410156,69.1948013305664
136.03599548339844,41.19329833984375,42.1593017578125,73.07219696044922
153.12860107421875,47.001399993896484,37.09579849243164,70.41850280761719
164.101806640625,52.99020004272461,40.34880065917969,69.81510162353516
181.23680114746094,58.527198791503906,32.994998931884766,61.75279998779297
191.07110595703125,63.67409896850586,30.917400360107422,61.93339920043945
207.131103515625,62.772499084472656,29.846900939941406,55.31269836425781
209.87350463867188,79.47200012207031,31.53179931640625,58.1245002746582
213.24749755859375,81.83360290527344,39.95000076293945,58.007999420166016
216.53199768066406,86.28589630126953,42.05979919433594,54.80419921875
221.19830322265625,96.02839660644531,45.70249938964844,49.089599609375
228.14120483398438,101.79109954833984,39.94490051269531,43.41809844970703
230.3459930419922,102.75150299072266,38.48379898071289,45.40420150756836
230.6959991455078,105.10399627685547,39.014198303222656,43.84120178222656
231.55599975585938,105.59320068359375,39.563201904296875,44.304500579833984
237.67039489746094,106.0062026977539,33.69200134277344,44.03810119628906
234.35400390625,114.6863021850586,37.41680145263672,37.73809814453125
232.40220642089844,118.41899871826172,39.45429992675781,39.34280014038086
231.36680603027344,121.57369995117188,39.352500915527344,39.18130111694336
229.31719970703125,123.34020233154297,41.6151008605957,40.65570068359375
227.53379821777344,129.20899963378906,42.7401008605957,34.05160140991211
225.40289306640625,125.13829803466797,43.311798095703125,38.664100646972656
227.30239868164062,120.97039794921875,42.636600494384766,36.66059875488281
230.97430419921875,119.05349731445312,37.46689987182617,30.326400756835938
226.74099731445312,111.34140014648438,42.12990188598633,32.11389923095703
218.41209411621094,102.93489837646484,48.003299713134766,26.369400024414062
205.65260314941406,100.68599700927734,46.377201080322266,20.727699279785156
180.37680053710938,109.75550079345703,47.95050048828125,30.184600830078125
200.66000366210938,79.68810272216797,42.65190124511719,25.506200790405273
197.71499633789062,65.28990173339844,41.75400161743164,32.465599060058594
161.25140380859375,81.20680236816406,42.08150100708008,35.820701599121094
154.5583038330078,73.32559967041016,43.151100158691406,40.52199935913086
139.3686065673828,72.7738037109375,45.970001220703125,42.182899475097656
133.41769409179688,62.85609817504883,46.40060043334961,48.99250030517578
130.30239868164062,58.45790100097656,45.50239944458008,51.58980178833008
125.26860046386719,50.06890106201172,41.310699462890625,57.63359832763672
117.5647964477539,48.22819900512695,40.29460144042969,59.842098236083984
107.18419647216797,48.524600982666016,39.39310073852539,60.819400787353516
99.98680114746094,49.5536994934082,38.89970016479492,60.6427001953125
95.82050323486328,52.05839920043945,40.81100082397461,59.21620178222656
94.3948974609375,53.25,39.78889846801758,62.56949996948242
96.19400024414062,55.985801696777344,38.91239929199219,62.729000091552734
103.49349975585938,58.020198822021484,34.1254997253418,68.72329711914062
110.56790161132812,64.67919921875,38.739200592041016,66.33979797363281
119.7615966796875,66.97859954833984,36.61709976196289,73.16960144042969
128.0778045654297,66.08390045166016,40.21889877319336,76.59110260009766
143.90480041503906,84.7020034790039,34.785099029541016,59.649898529052734
175.77439880371094,85.30989837646484,32.38759994506836,59.057701110839844
184.90989685058594,76.42179870605469,42.225799560546875,64.52999877929688
187.84539794921875,78.36419677734375,49.394100189208984,61.51860046386719
187.11410522460938,76.02320098876953,51.735599517822266,67.4906005859375
188.34939575195312,76.78959655761719,50.087398529052734,67.58779907226562
222.41439819335938,113.68009948730469,46.66669845581055,55.89950180053711
224.33349609375,118.31169891357422,39.29629898071289,41.36330032348633
226.54969787597656,122.7322998046875,32.5718994140625,36.40299987792969
230.09730529785156,126.32250213623047,30.726600646972656,34.445701599121094
231.54330444335938,125.74430084228516,36.39080047607422,37.16849899291992
233.11500549316406,125.49610137939453,39.84809875488281,36.11949920654297
233.2169952392578,126.93150329589844,43.080101013183594,36.11220169067383
237.76829528808594,130.351806640625,43.549598693847656,31.670799255371094
236.44760131835938,130.76119995117188,46.41960144042969,31.23859977722168
233.29440307617188,130.5865020751953,50.12009811401367,30.05139923095703
233.81570434570312,126.11250305175781,42.720298767089844,30.605199813842773
232.52430725097656,120.3302001953125,37.290401458740234,31.892200469970703
236.79600524902344,116.02239990234375,30.37380027770996,36.993099212646484
209.8345947265625,96.99449920654297,33.51499938964844,38.499298095703125
196.65269470214844,94.89340209960938,41.41109848022461,42.355499267578125
188.42340087890625,78.02120208740234,49.300899505615234,46.884700775146484
183.45370483398438,77.17739868164062,47.15420150756836,44.62969970703125
177.6260986328125,66.46690368652344,37.23759841918945,40.40230178833008
170.06590270996094,57.79930114746094,38.96910095214844,37.5974006652832
168.61399841308594,52.1682014465332,41.10409927368164,35.76620101928711
170.91619873046875,47.778499603271484,41.01459884643555,32.742698669433594
175.5352020263672,43.26390075683594,39.167999267578125,35.51409912109375
179.58200073242188,40.89720153808594,38.05059814453125,37.050201416015625
185.54330444335938,40.619998931884766,38.78919982910156,35.91379928588867
194.58279418945312,42.594200134277344,37.68470001220703,35.972801208496094
203.70359802246094,47.57120132446289,41.54389953613281,34.93220138549805
214.2445068359375,52.01620101928711,36.6260986328125,33.3120002746582
225.57899475097656,58.01169967651367,35.42390060424805,31.629499435424805
234.06509399414062,61.71849822998047,35.36159896850586,31.45050048828125
241.73300170898438,66.61039733886719,36.849998474121094,31.673099517822266
245.3365936279297,70.364501953125,37.29280090332031,32.637298583984375
249.32730102539062,75.42060089111328,33.38930130004883,30.173799514770508
249.91209411621094,75.70040130615234,33.37310028076172,29.868499755859375
248.03590393066406,71.716796875,33.445899963378906,31.082799911499023
245.7501983642578,67.5020980834961,32.45130157470703,31.854799270629883
239.3813018798828,66.30030059814453,34.1890983581543,29.934600830078125
233.4613037109375,62.49039840698242,35.17129898071289,31.45009994506836
228.5655975341797,60.602298736572266,35.967098236083984,30.524499893188477
224.5146026611328,58.01490020751953,33.856201171875,29.6299991607666
219.82330322265625,55.224300384521484,33.294498443603516,31.538700103759766
210.62359619140625,52.7495002746582,36.90079879760742,32.6885986328125
200.06700134277344,49.580101013183594,39.868499755859375,32.909698486328125
189.26600646972656,47.17679977416992,39.64070129394531,32.80690002441406
181.17750549316406,45.729698181152344,36.39780044555664,32.23139953613281
168.6916046142578,46.19449996948242,36.76240158081055,33.9463996887207
154.72860717773438,45.72610092163086,36.88249969482422,37.687599182128906
142.997802734375,44.71780014038086,39.798301696777344,39.089298248291016
131.01890563964844,44.756900787353516,36.40700149536133,38.4828987121582
123.3988037109375,41.9380989074707,37.52429962158203,39.407501220703125
114.02980041503906,40.46670150756836,34.90299987792969,38.46099853515625
103.61239624023438,39.68080139160156,34.20159912109375,41.169898986816406
93.91470336914062,39.3286018371582,34.535701751708984,41.92169952392578
84.67939758300781,38.691001892089844,32.89149856567383,42.90599822998047
76.95909881591797,39.049598693847656,31.882600784301758,45.24020004272461
71.26380157470703,39.48040008544922,31.064599990844727,44.08580017089844
67.26499938964844,40.70220184326172,31.145000457763672,41.96839904785156
62.111900329589844,43.39789962768555,32.112701416015625,46.225799560546875
61.162200927734375,45.24129867553711,32.99959945678711,46.8927001953125
60.77190017700195,52.77730178833008,33.21860122680664,43.7963981628418
67.84259796142578,60.0630989074707,29.95560073852539,37.65420150756836
75.4468002319336,69.08689880371094,26.546600341796875,37.631900787353516
80.1531982421875,77.9480972290039,29.542999267578125,40.421199798583984
79.26380157470703,92.9927978515625,37.93349838256836,41.986000061035156
88.92970275878906,101.1780014038086,34.15290069580078,39.16780090332031
98.76809692382812,111.35320281982422,28.98069953918457,35.50279998779297
105.74620056152344,118.3019027709961,26.624099731445312,36.55009841918945
108.56590270996094,128.15089416503906,22.616300582885742,34.929100036621094
108.08300018310547,133.17770385742188,21.331600189208984,34.646400451660156
104.88379669189453,135.17660522460938,24.32390022277832,33.687198638916016
99.55439758300781,135.45599365234375,29.049400329589844,38.110801696777344
97.6854019165039,134.6475067138672,31.345500946044922,46.03879928588867
97.27660369873047,138.8135986328125,38.0443000793457,40.6343994140625
99.58380126953125,135.86630249023438,39.902198791503906,41.585899353027344
102.47589874267578,138.02529907226562,42.2046012878418,37.500099182128906
106.8301010131836,139.12579345703125,41.053001403808594,37.265098571777344
112.90280151367188,140.17759704589844,37.094200134277344,37.021400451660156
116.05860137939453,140.0782928466797,36.575401306152344,39.485801696777344
119.81210327148438,139.90780639648438,37.47019958496094,38.5458984375
121.64179992675781,140.6497039794922,37.61949920654297,38.19969940185547
121.5645980834961,141.61619567871094,36.830101013183594,38.27750015258789
120.76129913330078,144.8468017578125,37.14390182495117,31.272600173950195
120.21369934082031,145.77059936523438,37.179100036621094,26.987699508666992
120.12020111083984,108.00499725341797,34.55149841308594,30.763599395751953
120.95490264892578,106.18470001220703,36.1239013671875,30.899900436401367
120.30149841308594,103.23919677734375,35.32630157470703,31.4424991607666
124.0636978149414,99.51390075683594,32.70600128173828,30.81329917907715
132.6385955810547,96.41280364990234,27.59830093383789,28.36829948425293
136.4561004638672,94.52690124511719,22.814699172973633,27.1742000579834
137.96339416503906,93.19219970703125,21.954599380493164,26.415599822998047
140.14199829101562,90.81559753417969,21.332799911499023,26.864700317382812
143.7700958251953,88.55970001220703,19.457199096679688,25.782699584960938
148.5841064453125,86.04060363769531,16.541200637817383,25.840299606323242
152.76739501953125,85.34010314941406,16.8262996673584,24.981199264526367
152.54200744628906,84.36129760742188,15.324700355529785,25.768400192260742
162.60279846191406,81.99230194091797,15.629599571228027,25.150299072265625
166.42579650878906,81.77130126953125,15.995400428771973,23.9158992767334
171.08949279785156,81.16210174560547,14.083800315856934,23.57080078125
169.8925018310547,81.90840148925781,15.798700332641602,22.2721004486084
169.19090270996094,81.44960021972656,16.427600860595703,21.66990089416504
166.58009338378906,81.16950225830078,15.917900085449219,21.1924991607666
162.42100524902344,80.86799621582031,20.65410041809082,23.063199996948242
153.89390563964844,78.62590026855469,23.040599822998047,23.62619972229004
148.64920043945312,77.2437973022461,23.333900451660156,22.024799346923828
130.82530212402344,68.18840026855469,26.626800537109375,21.267000198364258
130.74740600585938,69.52989959716797,26.383699417114258,24.403499603271484
122.13800048828125,67.5509033203125,28.335399627685547,28.40719985961914
113.16349792480469,66.58180236816406,27.49250030517578,27.66790008544922
107.00029754638672,67.12210083007812,27.587299346923828,27.755300521850586
103.10970306396484,66.56700134277344,28.036100387573242,27.6294002532959
102.31109619140625,67.20870208740234,27.621000289916992,26.383899688720703
102.2511978149414,67.27539825439453,26.503400802612305,27.487199783325195
104.38860321044922,67.30780029296875,25.199100494384766,27.06529998779297
106.1509017944336,67.56690216064453,27.036699295043945,27.96430015563965
109.10179901123047,67.80979919433594,28.287700653076172,27.66189956665039
110.65689849853516,67.13790130615234,27.519399642944336,29.65290069580078
112.22979736328125,67.61129760742188,28.753799438476562,28.61520004272461
114.07460021972656,67.40440368652344,27.497800827026367,27.96489906311035
115.22049713134766,67.39859771728516,28.171100616455078,27.588600158691406
116.48200225830078,67.88040161132812,28.326400756835938,26.95330047607422
