1
139.2195,124.9945,89.2785,207.3817
139.2894,129.4467,87.4097,203.2909
134.8446,130.9831,91.2032,203.2312
126.9344,132.0455,98.9913,204.8313
124.4879,134.0135,97.9252,205.1547
122.9824,134.4943,101.6191,186.2452
124.3141,131.6524,94.7580,192.6465
118.4275,134.4912,98.4797,161.9083
117.8896,135.2958,92.8453,161.9961
109.7803,128.9048,94.7950,182.8743
106.8382,127.7766,94.7347,202.6479
112.4562,125.1313,85.3183,223.8248
112.1461,131.3674,82.7330,218.9975
107.2493,127.2526,80.9890,225.9505
105.8753,129.1997,79.7699,224.5144
100.5776,130.4132,83.4455,225.9786
100.0095,134.8363,83.3198,221.5513
102.2628,134.3517,80.0580,224.0157
98.8190,135.6095,82.5446,222.4871
96.6797,134.3275,86.0439,227.2203
97.7302,137.0883,84.6310,224.7354
100.2864,135.8421,79.6950,227.3438
94.8868,123.0937,86.4718,240.3983
96.1468,137.3754,86.0724,231.1595
95.2616,146.7324,86.8546,217.0938
96.2542,143.8328,83.2727,221.0485
95.0838,136.9137,83.7780,228.5626
95.6667,144.0192,85.9911,222.5835
97.4403,144.5850,80.9770,222.3425
97.6038,152.1963,81.8057,211.0949
97.7890,146.8337,84.1932,219.5092
98.3549,147.4181,81.1582,222.1228
96.1275,154.2695,85.6930,211.4425
99.1790,156.4343,81.8153,210.7352
103.2337,160.6399,77.2896,208.3845
101.4097,161.2983,79.0172,211.6957
101.5607,160.5558,83.3177,214.3778
100.1891,162.8967,84.7613,208.9178
104.4151,166.4661,81.5022,204.9647
104.1397,167.8749,80.6961,208.0531
103.8832,167.6520,80.9572,204.0665
108.9378,167.8743,75.3347,206.6581
109.4534,169.2838,70.0488,206.5160
109.7059,166.6078,69.8964,209.2024
108.1527,163.6715,75.9533,213.3400
102.8436,167.1561,83.7533,202.7898
104.8937,158.0184,86.3840,205.0713
106.8135,156.4888,83.5272,168.8468
105.5243,148.0234,91.8912,175.2766
104.8530,155.6150,104.5997,168.4435
104.9499,157.4907,119.7927,165.9358
102.6839,160.4478,138.9061,163.5526
100.2886,162.9124,160.0963,173.8162
89.1045,181.5305,175.9329,159.8570
97.3163,183.6110,170.4404,158.0394
95.1742,188.0326,169.9031,155.4802
100.1022,187.2841,173.5833,167.3541
97.6468,181.2845,172.1102,172.4186
94.1807,178.5175,178.7256,171.3829
93.7750,175.8929,176.1821,175.3388
98.6705,174.0577,176.4269,167.1541
90.5928,174.9594,189.7062,127.8761
89.6122,171.0624,188.1989,134.4786
93.9040,166.7986,183.6638,141.9188
100.8258,160.7796,169.0510,149.8576
103.1107,155.9143,157.6400,159.1719
97.3319,157.8775,163.3960,152.0894
101.7476,152.5944,150.2020,154.7353
104.3652,151.7203,141.9724,157.7917
106.9481,155.3892,139.1407,155.1063
106.2002,153.9577,140.5908,159.2093
104.5998,153.8857,142.3775,159.4274
98.6485,159.5168,150.7090,152.9771
102.5709,159.7922,143.8666,151.9060
98.9589,160.2276,151.2737,153.4396
92.0069,162.4831,165.3447,153.9699
88.2684,163.8811,185.0247,151.8992
88.7482,161.8703,170.2041,152.2962
91.2713,162.5024,177.0930,153.9772
91.0044,161.8384,157.3892,155.7074
86.9617,163.4869,173.1165,154.8764
88.7332,167.0581,180.4111,154.1516
88.7756,164.2267,166.3420,154.8288
82.3235,167.1313,189.8507,154.0197
87.2750,168.9365,181.1118,152.1165
84.7251,171.7864,193.9597,153.2183
86.5254,169.9681,182.6358,156.3825
85.1604,173.4208,191.5568,154.0325
86.1432,175.0604,184.5933,153.5332
83.9306,178.6667,193.1891,148.5193
85.5714,176.2718,188.2482,156.2504
88.4831,174.4547,177.5601,157.6106
85.9408,179.2551,188.3780,152.5172
83.4971,181.2151,191.7738,148.8124
83.3777,182.9299,194.7256,150.4836
85.5587,175.9148,191.9777,155.5270
82.2867,181.8951,188.8184,151.1332
89.6089,186.5350,190.2766,147.1181
83.2506,181.9700,197.1536,151.9356
93.2014,180.7490,181.0707,154.7191
101.6684,183.1176,176.9729,154.0805
109.4749,186.1377,166.0859,152.1304
112.2813,183.8197,159.7827,151.4957
110.5069,182.2694,167.7089,154.1298
116.4300,182.2447,155.2609,152.8603
113.2419,187.2773,166.9296,145.9990
117.5128,184.1032,159.1828,150.3589
113.6005,185.2896,168.8991,149.5786
117.5896,184.9056,158.5823,146.8406
116.2352,181.5875,165.5173,152.4025
117.9191,183.5628,162.4363,151.5733
120.3405,187.1241,161.6185,147.8967
117.0787,178.2780,164.5806,160.7037
121.5315,182.7449,155.2365,152.1273
118.4967,183.0584,157.9619,149.5455
116.4184,183.9637,163.2649,147.1215
120.0174,184.8969,154.0110,146.1796
118.8617,185.0690,157.2384,146.6573
120.3861,184.2583,157.6388,148.8569
118.1984,181.5754,160.7881,150.4078
117.6637,183.5827,163.0249,148.3547
121.8170,185.6703,157.9185,143.7397
123.1798,185.0713,151.8198,144.9720
123.0522,185.1203,153.2373,145.3450
118.8421,182.1655,160.4211,147.3950
125.8814,182.9434,148.1889,146.4074
124.6574,176.9998,150.5151,152.6966
124.6017,179.6877,150.0105,151.8459
127.3930,179.4687,145.2780,147.2317
126.7208,180.0484,147.0980,147.0423
123.8896,176.5023,153.2211,150.7052
125.0697,176.1651,152.9237,147.9545
127.2579,179.4740,145.9532,141.0717
123.2069,177.0206,149.0490,143.8308
120.6472,177.6208,151.8413,144.0691
124.6069,176.7881,135.6894,143.7183
120.1589,171.4890,155.8360,145.7963
120.7407,168.8487,151.6221,149.2179
121.3058,169.5742,152.4070,145.8822
118.2027,169.2181,153.5652,142.1059
123.8816,165.5245,142.3093,138.7288
117.3289,172.3817,151.7722,130.0046
108.6582,168.2509,166.0286,136.4286
104.5146,163.5493,165.0941,141.8113
104.1594,168.1123,164.1563,134.6041
100.8525,168.0354,163.7904,136.8917
103.3059,169.3458,158.5582,136.1014
101.6210,172.1761,155.7028,136.4888
106.0387,170.0678,145.8771,139.6330
98.1891,168.9840,159.4573,138.7750
96.2636,167.6435,157.3428,139.2558
98.3701,165.4209,148.9183,142.5734
100.9727,165.8139,134.3468,141.7132
93.8133,173.4817,145.7261,134.0399
94.6715,166.5536,130.3818,141.3736
90.3899,170.0806,148.2309,135.9772
94.9324,164.3150,126.5574,141.2071
96.0831,169.7793,126.4670,134.2614
96.2706,171.3256,135.0674,130.2676
98.8333,170.5523,129.4867,128.6192
100.5115,172.5531,117.3935,128.3991
98.3345,168.8846,115.0997,132.1584
98.8472,168.0864,109.6309,135.5450
100.1931,170.6188,105.0999,129.0864
103.1547,168.9041,100.4426,134.0895
104.5979,166.4597,99.1623,139.4470
99.0341,165.1772,119.2508,141.5026
101.7697,155.8482,104.1847,148.3293
105.8560,150.0631,90.8472,158.7851
105.9023,141.2269,91.0331,167.6451
105.8165,142.0755,85.8879,166.1152
104.7917,139.4813,77.3607,172.4000
101.3712,145.2098,77.7937,171.4640
98.5361,143.2373,78.2239,184.0025
96.0306,144.2375,80.7660,185.2719
91.6067,147.0669,79.6282,180.7912
83.8882,147.5305,84.2056,181.6554
76.7119,146.1914,86.1484,185.7053
72.5368,145.4955,79.2739,192.5786
66.2717,147.0598,94.2485,178.7987
56.8272,140.4093,109.9951,179.7140
48.1004,144.0060,90.1944,164.5901
42.5800,143.8702,84.6999,153.4059
46.5500,143.7652,82.5491,135.5782
43.0907,142.8764,92.8919,155.4302
50.9238,132.5924,90.1012,158.5912
25.8502,108.0224,97.9312,136.2047
39.9579,121.1366,92.4890,125.7740
49.0329,128.7755,105.1846,135.9416
13.7142,133.0435,132.7609,143.8955
20.8543,130.9910,168.3900,152.0963
41.8974,121.5143,162.6293,167.5898
43.5095,119.4070,156.1630,166.3756
45.6751,114.1523,133.4395,175.9961
49.7051,138.5143,119.4237,143.3062
55.2793,140.7940,108.2978,136.5901
60.3256,143.4928,103.5450,130.5080
59.3131,141.5731,110.3989,132.3232
63.5550,148.8289,117.0671,123.6759
64.7340,148.6643,114.0014,121.9691
67.2520,146.1308,97.5082,128.9163
64.7911,146.0487,95.6081,130.0683
63.9547,145.1678,108.3244,130.5335
63.6920,142.9075,120.4315,123.8609
65.5127,145.0250,120.6453,120.1188
69.3540,146.6908,117.0854,113.8031
62.0451,150.8279,116.2285,113.7693
53.6679,151.2697,135.2459,111.4452
50.6215,150.3037,143.1164,111.2442
44.0302,144.9145,131.4548,119.0559
46.6249,143.3229,124.9955,117.3447
48.7509,146.0276,114.6780,110.4441
63.4259,170.3090,133.7541,96.7955
54.2009,165.5240,125.6559,88.9630
56.4861,170.4380,108.0015,83.3740
71.3582,176.2528,113.1724,78.7796
70.4328,178.8866,138.3027,77.9042
89.6864,178.9274,122.4054,76.4138
67.1234,175.3625,145.1910,84.0076
72.5317,176.8493,140.6184,81.7937
78.2440,170.5730,132.8827,87.9180
83.5946,167.8176,128.0012,91.1132
82.1430,167.0049,131.5972,90.4988
88.6372,167.2762,126.2034,88.2751
90.1664,162.1573,126.8367,93.6539
93.2802,159.1337,124.5543,96.5045
99.0393,144.6301,118.9204,110.4637
102.3461,159.8130,121.7917,99.1981
92.7576,160.7630,135.3522,94.2427
100.5346,156.7831,130.5698,95.5307
91.8750,152.3408,145.7353,98.6788
99.4878,153.3624,144.0939,96.9697
96.4015,149.0034,148.6981,101.7959
92.1728,148.0040,155.6931,102.4965
94.4874,142.5390,156.8719,108.1630
98.8952,135.2478,151.3568,116.8825
100.0690,124.5333,153.4707,126.3808
105.7188,121.3695,146.0788,135.1471
120.9801,119.4354,127.3139,139.1452
143.0023,116.7352,108.4951,147.4500
105.1177,127.6629,130.3124,138.1904
160.1767,160.0593,109.4860,136.6248
183.5306,169.6412,98.3755,130.4047
211.6205,171.9360,71.9351,136.5354
215.0766,182.2542,61.6369,128.2029
217.3923,184.6070,57.6525,127.9525
219.1817,186.7285,58.1509,133.6081
217.9163,189.0095,60.7986,141.8865
222.8050,194.7094,55.9171,145.3015
212.3412,194.8454,66.1170,135.4012
210.9548,188.3938,66.8797,137.7199
199.4432,173.2007,80.7801,152.4539
165.7175,167.0245,112.4168,149.0902
159.9706,163.8004,125.1947,143.4941
159.8114,162.3484,124.9593,145.4444
152.2887,162.7806,129.6882,152.8184
141.9344,146.0390,130.8601,163.2413
127.0120,144.1485,138.0232,158.1250
114.3775,149.2825,150.0883,144.1214
110.2787,142.1322,156.9534,147.2656
97.8645,140.0274,165.4315,145.2604
88.8970,142.0267,179.4306,147.2976
97.8035,136.1671,161.5752,145.5818
95.9406,141.7459,151.8652,140.5139
92.3885,137.3916,158.5706,138.5304
85.1183,131.0008,177.7901,140.8746
84.1471,134.4010,191.4259,136.7076
84.0372,112.2209,168.3977,157.1745
84.9669,105.9707,167.7477,163.6247
85.4495,108.9410,184.5614,155.8372
82.5814,104.7093,180.7435,166.0300
86.8536,104.7073,177.3350,168.1783
89.5931,106.2118,175.4250,170.7631
93.0711,109.5431,173.7801,174.0075
87.7331,113.7898,185.0546,173.2447
77.6652,117.5260,199.0870,173.0666
87.8877,119.7116,194.8695,170.0711
91.0873,130.3971,204.4165,171.8586
103.0290,143.5605,213.0038,162.5853
100.1908,142.1364,222.8956,169.5606
104.4527,150.3135,229.3158,173.1772
124.4885,151.2747,243.8080,187.8545
121.5781,152.7693,258.7609,188.2944
120.3366,155.3544,270.7143,171.0395
112.5196,145.3675,233.9906,178.3818
161.2553,160.2963,223.9181,168.1517
186.1828,163.7297,214.9459,172.8766
203.0493,181.0849,211.6403,165.4446
236.1048,185.8492,183.8416,171.0932
238.0933,190.2561,195.9163,187.4086
272.3158,201.5436,180.6828,176.0298
