1
m397,288,52,34,38,1,49,5,47,5,47,6,46,7,45,8,44,9,43,11,41,13,39,15,15,1,21,16,5,5,1,11,14,16,4,19,13,17,1,27,7,16,7,22,7,16,8,22,6,16,10,20,7,15,11,20,7,14,11,20,9,12,11,20,9,11,10,22,10,8,12,22,28,23,28,24,28,23,29,23,29,22,27,25,27,24,27,24,29,23,29,22,31,20,32,7,9,1,31
m420,270,66,32,38,5,59,12,40,3,8,15,39,27,38,31,1,5,28,39,27,40,11,4,10,42,9,5,9,44,7,10,2,48,6,62,4,64,2,64,2,64,2,64,2,64,1,65,1,64,2,64,2,63,3,62,4,60,6,56,9,52,14,47,20,41,25,32,33,24,42,20,46,16,51,12,54,10,55
m423,269,43,28,18,2,4,1,35,6,1,2,33,12,31,17,25,19,24,22,21,24,19,25,5,2,11,25,4,7,7,25,5,5,8,25,4,6,8,26,3,5,9,27,1,7,8,36,7,36,7,28,1,8,6,37,6,37,6,37,6,38,5,27,1,10,5,27,2,9,5,26,2,10,5,26,2,10,5,25,4,9,5,24,5,8,7,22,7,7,8,17,9
m438,280,41,40,25,6,34,9,31,10,30,12,28,13,27,14,26,16,24,18,21,24,15,27,12,29,11,30,9,32,8,31,9,30,9,30,8,31,9,30,11,29,12,28,12,28,13,28,14,26,15,25,16,24,17,22,18,22,20,19,21,18,23,17,24,15,26,14,27,13,29,11,30,10,31,9,32,9,32,9,33,6,34,7,33
m436,272,51,23,41,3,48,6,45,7,44,8,42,10,40,11,41,10,42,9,43,8,16,1,24,10,13,12,5,2,2,18,12,10,13,1,5,10,12,6,24,9,9,12,21,9,9,19,15,8,7,20,14,10,7,19,21,4,6,16,33,15,35,14,36,13,36,13,38,9,42
m427,289,36,32,29,7,28,8,7,6,13,10,7,7,13,9,6,8,13,9,6,8,14,8,6,8,14,8,5,9,13,9,4,11,11,10,5,12,10,9,4,14,2,16,4,32,3,33,4,32,4,32,3,33,3,33,3,33,2,34,2,34,2,34,2,34,1,71,1,35,1,35,1,35,5,31,8,28,13,21,17,15,23,5,14
m403,287,44,30,14,18,22,25,17,27,15,30,12,33,10,34,9,35,8,36,8,36,8,37,6,38,6,38,7,39,5,39,5,41,3,41,4,42,1,43,1,43,1,43,1,43,1,43,1,43,3,41,5,39,7,37,9,11,1,23,26,16,29,1,1,13,32,1,1,10,2
m391,276,51,44,18,2,48,4,5,6,2,2,31,20,30,15,34,17,33,18,33,24,26,26,24,26,25,26,24,27,24,29,5,2,14,31,3,3,14,39,12,40,11,40,10,42,9,42,9,42,9,41,10,40,10,38,13,37,13,38,13,37,13,38,12,39,11,39,12,39,11,40,11,41,10,41,10,42,9,43,7,47,4,178,8,17,1,23,11,16,1,23,12,14,3,19,16,13,3,17,20,10,5,14,26,6,3
m399,288,42,27,26,6,1,4,29,17,24,19,23,19,23,19,22,20,22,20,21,21,19,22,20,22,19,23,18,24,17,24,18,24,14,28,14,27,14,28,15,15,2,2,1,6,16,12,9,1,20,10,11,1,15,15,25,16,21,20,22,20,23,17,27,15,30,11,25
m408,271,74,24,52,4,57,17,56,20,53,21,26,13,13,24,23,16,11,24,22,18,9,27,3,1,12,23,8,32,6,1,3,24,8,36,2,1,1,26,7,68,7,67,6,69,5,70,4,37,1,2,2,72,2,69,8,65,14,58,24,47,29,40,35,33,42,30,45,25,50,21,29
m407,271,108,26,36,18,71,8,6,33,1,1,1,1,1,1,12,6,35,74,1,1,6,4,1,1,10,4,1,95,14,97,9,99,5,103,3,105,1,1,1,105,3,105,1,215,1,212,1,106,3,1,4,89,2,1,1,2,14,1,1,82,27,73,39,56,1,1,54,46,63,41,68,33,75,26,82,22,86,16,93,12,77
m416,273,45,24,6,2,16,3,24,2,15,6,21,5,12,7,21,9,1,1,5,7,22,9,1,2,4,7,22,9,1,3,3,7,21,10,1,1,4,9,20,10,1,1,3,10,20,8,3,1,3,12,3,2,12,9,8,18,9,12,1,1,4,18,9,37,8,38,6,40,4,44,1,43,3,41,4,41,4,37,9,31,14,27,18,24,22,19,27,12,29
m413,272,60,29,31,4,52,18,42,18,41,19,41,19,26,1,14,24,21,2,13,21,1,2,20,5,11,25,18,7,9,28,17,3,12,28,3,4,10,3,1,1,9,29,3,4,10,9,5,29,3,1,12,11,3,37,6,15,2,37,5,55,3,56,3,55,4,52,7,49,12,43,17,38,23,33,27,29,31,25,36,20,40,16,46,10,50,7,53,5,50
m416,272,52,29,4,5,43,14,38,15,37,16,36,18,1,10,23,36,16,37,15,37,15,38,14,38,14,39,13,40,12,47,5,50,2,49,3,50,2,51,2,51,1,50,2,50,2,50,2,48,4,47,5,45,7,37,15,29,23,26,27,12,3,6,32,7,10,1,31
m421,287,52,18,23,3,1,1,43,14,35,26,1,1,23,31,20,35,14,39,5,49,2,50,1,51,2,50,2,48,3,48,6,41,11,34,16,28,23,26,27,22,32,13,36
m416,281,54,29,21,28,22,37,17,37,17,37,17,37,16,38,17,37,17,37,17,37,17,37,17,37,17,35,6,1,12,35,5,3,2,1,8,35,4,7,8,36,3,7,3,1,2,38,2,8,3,1,1,38,3,8,3,37,6,47,6,46,8,46,8,42,1,1,10,40,14,32,22,22,32,13,41,10,45,7,47,6,47
m411,286,56,22,23,22,33,26,28,33,22,36,6,1,12,37,6,4,9,38,5,5,8,38,4,7,7,38,3,53,3,53,3,53,4,52,4,51,6,50,6,50,4,51,4,52,2,53,3,53,3,51,6,46,10,38,17
m391,287,58,17,26,7,3,3,42,19,39,21,18,1,17,23,13,7,15,24,12,7,15,25,11,8,13,34,3,9,12,36,1,9,11,48,10,47,10,48,9,49,9,39,1,9,10,37,3,9,9,36,4,8,10,31,12,1,15,28,10
m404,289,56,14,24,26,24,33,19,42,12,44,2,54,2,54,1,53,3,48,7,43,13,36,20,33,23,30,26,28,29,26,29
m363,278,55,18,10,3,47,11,44,10,2,1,46,5,50,5,50,4,154,13,41,17,37,20,35,21,36,19,36,19,37,18,37,18,38,15,41,10,40
m392,278,52,9,20,12,21,3,11,24,14,4,8,38,2,8,4,39,1,49,3,44,7,41,11,38,14,32,20
m377,272,70,15,9,6,28,20,14,9,1,3,8,3,4,31,10,64,6,62,7,61,8,60,10,59,10,58,12,51,18,40,29,31,39,28,41,27,43,24,47,23,46
m368,261,65,26,8,1,60,10,53,17,48,23,41,24,41,26,39,28,38,26,39,27,38,28,37,42,23,59,5,64,1,64,1,64,1,64,1,63,1,63,2,57,8,43,22,33,32,27,38,24,41,21,44,17,49,14,50
m358,264,59,21,4,1,56,4,55,4,56,3,116,5,13,4,20,1,14,11,3,12,16,5,1,1,9,40,1,9,9,56,2,294,1,57,2,51,9,37,22,29,30,23,35,21,40,14,43
m332,257,76,30,11,8,66,11,63,13,62,15,61,15,60,16,60,17,58,18,58,19,56,21,55,22,54,22,53,23,52,25,15,5,30,28,16,2,31,27,10,9,30,50,26,54,17,4,1,67,4,4,1,69,2,4,2,66,5,1,5,66,10,59,17,45,32,37,39,33,44,28,48,27,50,24,55,19,48
m315,264,37,24,16,2,30,10,25,14,22,16,20,17,19,19,18,19,17,20,17,20,16,21,15,23,13,25,11,26,10,27,10,32,5,74,1,35,3,32,6,28,10,23,16,20,17,17,21,14,16
m293,261,87,28,34,6,76,11,74,14,71,21,64,24,62,25,61,26,60,29,57,34,52,35,51,38,47,40,25,1,2,1,3,4,8,43,12,2,14,1,3,58,8,4,13,1,4,59,3,9,16,73,9,1,5,71,17,59,29,57,30,55,34,47,42,41,49,34,53,32,57,29,59,26,63,22,68,18,50
m290,268,38,26,20,3,32,7,30,9,27,12,24,16,20,20,13,31,5,33,5,34,2,37,1,264,1,36,2,36,2,34,5,33,6,32,10,28,14,23,19,18,25,12,7
m273,269,79,25,26,9,63,20,55,30,48,47,30,51,3,1,23,58,19,61,16,63,14,67,11,68,10,71,8,71,2,1,5,71,8,71,8,72,1,1,3,73,5,70,9,68,11,68,11,62,17,55,27,32,49,24,62,16,66,12,52
m264,275,58,25,10,5,48,13,43,17,3,9,26,34,24,31,27,30,28,31,27,37,21,45,1,3,10,41,17,42,17,40,12,4,3,40,5,1,4,5,4,54,4,54,5,53,6,52,6,51,7,50,10,46,13,41,18,32,3,2,22,25,35,18,1,1,41,10,32
m274,256,43,32,20,3,1,6,32,15,29,15,28,17,11,1,13,19,6,1,16,20,7,1,14,26,2,2,11,23,5,38,5,40,3,35,1,2,11,29,1,1,13,28,1,1,13,28,14,29,12,29,16,27,19,24,20,22,20,23,20,23,20,23,21,22,23,19,25,18,26,16,29,14,30,13,31,12,33,10,35,8,37,7,12
m289,287,54,33,18,5,47,11,39,18,33,24,29,27,26,30,24,31,22,35,19,38,15,48,6,48,5,50,4,50,3,51,2,52,2,52,1,161,7,47,14,40,16,38,18,36,20,34,22,32,23,31,25,29,27,26,30,24,32,22,34,19,37,17,39,14,3
m296,281,38,27,2,5,33,6,33,8,28,11,27,11,28,13,18,3,4,15,14,5,4,15,13,6,4,16,11,7,4,18,4,2,2,8,4,35,3,35,2,35,3,35,2,36,2,36,2,36,2,114,1,37,1,37,2,36,3,2,1,1,2,2,1,4,3,19,26,12,28,10,33,4,1
m303,285,27,18,2,12,15,18,1,2,5,24,1,28,1,26,1,49,4,108,1,26,1,26,1,26,1,26,1,26,2,24,5,21,2
m353,276,28,18,6,6,18,13,13,20,8,23,5,25,3,26,2,27,2,26,1,27,1,27,1,83,1,28,1,27,1,26,3,11,5,1,10,5,22
m346,255,44,17,4,1,1,20,2,1,17,37,7,41,3,39,5,35,9,35,3,2,4,41,2,41,2,130,2,42,4,3,3,34,14,31,15,30,16,28,16,27,1
m355,256,30,15,14,10,15,20,8,19,13,15,14,12,19,15,16,15,14,17,12,20,2,29,1,30,2,2,1,23,7,20,11,18,12,24
m366,266,47,13,5,1,1,1,44,5,5,1,35,13,31,19,27,23,24,28,20,43,4,46,1,46,2,45,2,43,5,40,7,12,4,21,7
m382,250,54,30,23,1,1,2,21,1,2,1,19,18,10,9,15,24,4,11,14,40,13,41,13,41,12,42,12,42,11,43,11,43,11,43,12,41,12,42,6,2,4,43,4,6,1,43,4,50,2,52,1,10,1,42,1,10,2,51,3,41,1,9,4,39,4,7,5,38,7,2,7,38,16,37,17,35,19,29,25,22,32,16,38,12,44,9,28
m356,237,74,40,23,4,58,24,46,30,45,30,43,34,42,36,36,1,1,38,1,1,31,43,1,1,27,49,1,12,1,2,8,68,4,72,4,71,7,67,6,68,3,71,1,330,1,38,1,73,4,70,8,66,8,66,10,64,10,64,14,60,11,63,5,1,1,67,15,59,15,59,16,2,1,55,21,53,26,8,8,32,43,31,44,29,45,29,46,27,47,22,53,17,11
m366,224,64,16,50,9,52,15,48,18,45,19,42,22,40,24,36,27,35,27,24,37,20,40,15,47,14,49,14,47,16,45,19,40,24,25,39
m395,256,27,24,17,10,8,19,6,21,5,22,5,22,4,23,4,23,4,22,4,24,2,25,1,50,1,26,3,53,1,25,3,23,4,23,5,23,5,22,6,20,7,19,9,17,10,15,7
m408,256,45,23,3,19,26,20,24,22,23,22,22,24,21,25,20,27,18,30,14,34,11,35,10,36,9,38,1,2,4,38,1,3,4,43,3,43,4,41,18,27,23,22,24,21,25,20,27,17,31,14,33,11,2
m423,257,32,22,2,8,23,10,22,11,21,13,19,14,17,16,16,17,15,19,14,20,12,21,11,25,1,2,5,30,4,28,5,27,8,24,10,22,12,20,14,18,16,16,17,15,19,13,21,10,1
m428,261,35,17,2,4,29,8,27,16,19,22,14,28,8,32,5,31,6,29,7,28,9,26,11,24,13,22,15,20,16,19,18,17,20,15,22,13
m433,258,33,17,0,5,28,7,26,10,23,13,3,1,17,19,14,20,14,21,14,21,2,6,5,28,7,26,9,24,11,22,13,19,17,16,18,15,21,11,23,9,3
m435,258,33,17,1,6,26,9,24,11,22,13,21,13,20,18,17,19,15,21,13,28,7,26,9,24,11,22,13,20,16,16,19,12,24,9,25,8,3
m434,263,32,18,2,4,27,9,23,12,19,15,18,16,16,18,15,20,13,20,14,20,14,19,15,19,15,20,15,18,16,16,18,14,20,12,21,11,23,8,1
m433,268,33,18,2,2,29,7,26,9,24,13,20,18,16,19,15,20,15,19,6,4,5,28,7,26,9,24,11,22,13,19,16,17,18,15,19,14,21,11,24,9,2
m430,269,31,18,2,3,26,9,22,13,18,17,14,19,13,20,12,20,13,19,13,20,13,20,13,22,11,20,13,18,15,16,17,14,19,12,20,11,22,8,1
m423,271,32,17,4,1,28,8,23,13,1,1,1,1,15,19,14,20,13,20,13,21,13,20,14,20,14,19,15,21,13,19,15,17,17,15,19,13,22,10,23,9
