1
325.22320556640625,181.92230224609375,45.469398498535156,109.73750305175781
328.8951110839844,181.65859985351562,42.449501037597656,109.31400299072266
330.769287109375,184.25210571289062,42.04750061035156,105.85859680175781
330.9834899902344,180.72830200195312,41.813499450683594,109.6885986328125
333.1596984863281,181.52239990234375,41.80580139160156,111.58450317382812
331.40521240234375,179.73770141601562,43.644901275634766,109.90149688720703
334.0108947753906,179.2006072998047,42.67369842529297,111.45809936523438
333.465087890625,176.1457977294922,44.01190185546875,114.33940124511719
333.6393127441406,177.464599609375,44.648399353027344,112.1948013305664
333.6202087402344,177.25759887695312,45.21070098876953,105.9623031616211
335.6221923828125,176.4259033203125,43.476600646972656,112.35479736328125
334.8771057128906,173.8531036376953,47.52410125732422,111.77639770507812
335.4465026855469,175.03250122070312,47.13629913330078,111.90509796142578
334.7466125488281,177.51210021972656,49.097801208496094,106.63379669189453
338.2586975097656,177.03720092773438,45.97549819946289,107.58270263671875
338.302001953125,177.5019073486328,48.01490020751953,101.31999969482422
341.73150634765625,176.49830627441406,45.85559844970703,104.8572006225586
340.9797058105469,176.17869567871094,47.150901794433594,105.3750991821289
342.2842102050781,175.86349487304688,46.11320114135742,106.21150207519531
343.1614990234375,176.17649841308594,45.98659896850586,100.46630096435547
343.2648010253906,174.0373992919922,46.484901428222656,104.83159637451172
343.5885925292969,175.22169494628906,46.97959899902344,104.97460174560547
341.773193359375,173.96319580078125,51.196800231933594,106.35679626464844
342.6188049316406,172.30279541015625,50.070899963378906,108.78489685058594
341.0903015136719,171.55099487304688,52.16130065917969,109.631103515625
340.0810852050781,170.74020385742188,52.91310119628906,111.95950317382812
340.7421875,170.39190673828125,53.17620086669922,112.87069702148438
340.189208984375,171.26190185546875,52.24290084838867,112.60759735107422
341.48089599609375,172.1676025390625,49.907798767089844,115.8302001953125
342.0647888183594,174.43389892578125,52.59120178222656,114.75189971923828
342.5819091796875,174.80760192871094,53.7317008972168,114.37930297851562
343.8027038574219,176.6427001953125,56.59450149536133,114.77580261230469
344.3970947265625,177.28759765625,55.7411994934082,115.30950164794922
345.73590087890625,178.98280334472656,54.378299713134766,115.56310272216797
345.997802734375,184.49819946289062,55.035301208496094,111.37439727783203
350.1195983886719,183.55059814453125,50.89419937133789,116.75559997558594
349.4870910644531,184.49249267578125,52.104698181152344,117.0634994506836
352.4574890136719,183.92120361328125,51.638301849365234,118.28829956054688
355.54541015625,184.0699005126953,49.99319839477539,119.02020263671875
359.57769775390625,186.006103515625,48.36940002441406,116.05870056152344
363.0564880371094,182.05259704589844,48.325401306152344,119.53079986572266
366.7008972167969,184.94740295410156,47.6599006652832,116.96630096435547
369.91619873046875,181.4176025390625,48.68090057373047,121.66110229492188
375.0486145019531,183.4481964111328,47.32640075683594,121.32669830322266
379.05560302734375,181.50039672851562,49.23270034790039,123.49299621582031
383.31640625,181.2783966064453,49.830299377441406,128.85870361328125
385.2347106933594,188.7689971923828,51.085899353027344,122.76090240478516
387.91259765625,190.48240661621094,50.98550033569336,122.66300201416016
391.25030517578125,194.61219787597656,54.851898193359375,121.50070190429688
393.8002014160156,195.5070037841797,55.709800720214844,125.76969909667969
395.337890625,198.1011962890625,58.54050064086914,127.45189666748047
398.4529113769531,200.36590576171875,60.02560043334961,130.53770446777344
400.735107421875,201.2935028076172,62.0005989074707,131.74099731445312
404.1665954589844,202.6053924560547,61.002498626708984,131.6584930419922
407.3075866699219,203.8979949951172,62.14939880371094,135.52969360351562
409.9751892089844,206.70010375976562,65.57360076904297,132.5552978515625
414.8428039550781,212.59950256347656,60.009300231933594,125.73509979248047
417.78948974609375,212.89430236816406,63.47060012817383,125.99700164794922
418.8247985839844,218.54629516601562,62.78770065307617,120.06919860839844
417.9685974121094,223.18479919433594,56.109798431396484,112.68299865722656
415.29180908203125,222.70799255371094,54.63880157470703,115.47699737548828
412.9836120605469,223.72459411621094,54.28419876098633,112.88390350341797
404.75628662109375,222.19540405273438,63.36349868774414,116.12999725341797
397.5089111328125,211.8572998046875,69.95339965820312,122.82679748535156
396.72869873046875,212.18370056152344,64.96320343017578,121.2334976196289
380.17608642578125,207.9958038330078,79.03790283203125,122.82260131835938
369.3716125488281,199.74319458007812,79.2708969116211,130.64979553222656
367.64208984375,191.648193359375,75.28710174560547,138.0469970703125
367.993896484375,196.90719604492188,67.9718017578125,147.2570037841797
368.9189147949219,184.76629638671875,63.36949920654297,139.05889892578125
358.1730041503906,187.30059814453125,64.44609832763672,135.11480712890625
370.18548583984375,186.0572967529297,57.325401306152344,137.9803009033203
338.5173034667969,199.910400390625,70.49030303955078,133.79310607910156
337.6995849609375,181.27330017089844,84.45490264892578,147.04409790039062
315.2594909667969,214.4857940673828,64.77690124511719,130.8520965576172
315.7262878417969,220.46060180664062,50.37350082397461,117.35359954833984
311.568603515625,219.71910095214844,45.015899658203125,119.3135986328125
305.8357849121094,217.17709350585938,43.6614990234375,120.19249725341797
302.22509765625,220.18209838867188,39.55509948730469,117.33820343017578
291.8554992675781,219.156005859375,45.88079833984375,121.96640014648438
280.4744873046875,220.07040405273438,52.57170104980469,124.8832015991211
273.76080322265625,223.72509765625,55.62739944458008,119.49710083007812
261.95208740234375,229.24609375,64.91190338134766,111.03980255126953
246.4918975830078,234.81100463867188,78.99909973144531,105.63159942626953
232.85409545898438,231.75469970703125,96.4927978515625,112.24970245361328
225.63729858398438,228.07119750976562,103.53019714355469,116.21289825439453
220.27890014648438,229.21229553222656,108.85820007324219,115.32669830322266
218.2722930908203,228.42489624023438,101.32150268554688,120.6626968383789
218.2451934814453,229.4499969482422,89.56649780273438,116.38520050048828
219.71890258789062,229.0363006591797,77.99079895019531,115.27749633789062
221.38490295410156,229.5428009033203,70.89360046386719,111.81890106201172
214.29600524902344,226.1472930908203,76.65149688720703,119.91580200195312
214.1898956298828,223.63819885253906,70.99189758300781,123.0154037475586
211.8408966064453,222.49119567871094,68.818603515625,123.87879943847656
211.95570373535156,217.45289611816406,53.58530044555664,132.3531951904297
210.45790100097656,215.63870239257812,50.339599609375,135.1027069091797
209.38429260253906,213.04139709472656,50.134498596191406,134.97630310058594
208.27609252929688,213.16200256347656,46.99100112915039,135.16419982910156
206.6273956298828,213.18670654296875,46.45949935913086,134.2281951904297
205.03469848632812,212.45840454101562,45.4817008972168,138.18499755859375
202.9149932861328,214.07330322265625,47.72129821777344,136.3928985595703
201.44479370117188,212.94940185546875,46.49689865112305,138.13909912109375
198.7677001953125,214.03509521484375,48.80110168457031,138.10980224609375
198.75689697265625,214.39759826660156,44.685001373291016,139.44219970703125
197.02499389648438,215.32760620117188,45.40340042114258,143.36830139160156
194.0760955810547,217.40420532226562,50.460201263427734,135.73170471191406
194.66050720214844,217.4929962158203,45.02130126953125,134.3948974609375
192.25619506835938,217.1988983154297,46.944801330566406,137.64559936523438
191.1602020263672,216.31629943847656,44.46440124511719,137.48809814453125
188.50999450683594,217.3623046875,46.856998443603516,132.03509521484375
185.39149475097656,216.20550537109375,48.28260040283203,136.20370483398438
182.37510681152344,216.04049682617188,49.765899658203125,136.27940368652344
180.66749572753906,216.0814971923828,48.52909851074219,137.20509338378906
180.51620483398438,215.97329711914062,46.40999984741211,136.71449279785156
176.8448028564453,216.6260986328125,48.43659973144531,137.81280517578125
172.4311981201172,217.72689819335938,51.9989013671875,135.0883026123047
167.72850036621094,220.54229736328125,55.53099822998047,130.0395965576172
167.7884979248047,221.6884002685547,53.32229995727539,129.86900329589844
164.7165985107422,217.9315948486328,56.20479965209961,133.7111053466797
160.5092010498047,219.59970092773438,58.8557014465332,131.98049926757812
161.4954071044922,218.50450134277344,56.00419998168945,132.24349975585938
161.23809814453125,220.2075958251953,55.578399658203125,129.29190063476562
161.74070739746094,216.91969299316406,54.76340103149414,132.23240661621094
160.8282012939453,218.6804962158203,53.45159912109375,130.5644073486328
159.43710327148438,218.343505859375,54.90340042114258,130.94760131835938
158.31399536132812,219.214599609375,55.837501525878906,129.97760009765625
157.47039794921875,218.57229614257812,58.11650085449219,130.1125946044922
155.8730926513672,221.1688995361328,59.184200286865234,127.52770233154297
155.44140625,221.17320251464844,58.49769973754883,127.12940216064453
153.67990112304688,220.0045928955078,60.84149932861328,128.40609741210938
151.08689880371094,220.22659301757812,67.79329681396484,129.47349548339844
151.71060180664062,220.2447052001953,64.59529876708984,127.90460205078125
149.74630737304688,221.24380493164062,67.12049865722656,127.0978012084961
148.0113983154297,220.78179931640625,69.08070373535156,126.17510223388672
148.83200073242188,219.26199340820312,65.94989776611328,130.0955047607422
146.85220336914062,217.1678924560547,69.48660278320312,130.99249267578125
148.3843994140625,219.28509521484375,65.10079956054688,128.74530029296875
145.24960327148438,217.4532012939453,69.94660186767578,129.58399963378906
145.8679962158203,214.32220458984375,65.61509704589844,133.57290649414062
144.8137969970703,216.44500732421875,63.33039855957031,132.3928985595703
143.7310028076172,217.07769775390625,63.200599670410156,130.61849975585938
145.1602020263672,217.14280700683594,59.500301361083984,130.52099609375
144.1475067138672,216.67779541015625,59.19049835205078,132.322998046875
144.70530700683594,217.3656005859375,55.98189926147461,130.9362030029297
145.8448028564453,217.5789031982422,54.15079879760742,130.92160034179688
147.15460205078125,221.1649932861328,51.26179885864258,125.43170166015625
145.7821044921875,219.82859802246094,53.9375,125.41429901123047
145.5074005126953,219.38479614257812,55.38199996948242,127.27230072021484
144.9571075439453,221.97889709472656,56.48080062866211,123.33170318603516
145.44540405273438,217.20370483398438,55.571800231933594,132.1103973388672
144.5070037841797,221.14720153808594,56.75550079345703,127.7385025024414
145.0572052001953,220.99290466308594,57.34339904785156,130.22149658203125
144.48150634765625,220.88909912109375,56.485801696777344,131.39759826660156
145.86509704589844,221.3907012939453,54.06290054321289,130.4678955078125
145.8885040283203,224.22250366210938,53.8224983215332,126.71040344238281
145.7091064453125,220.22300720214844,56.394100189208984,132.97439575195312
147.93629455566406,221.39120483398438,54.66130065917969,129.38839721679688
149.0261993408203,218.6580047607422,51.950401306152344,133.5666046142578
149.54949951171875,222.5012969970703,49.79010009765625,128.00860595703125
148.5404052734375,217.49009704589844,53.88240051269531,135.92120361328125
149.18890380859375,217.35499572753906,50.033599853515625,135.40589904785156
148.18980407714844,214.8760986328125,50.94160079956055,139.75799560546875
148.46240234375,215.7136993408203,50.09370040893555,138.9241943359375
148.39830017089844,214.03199768066406,49.52690124511719,140.0238037109375
148.97300720214844,212.8863983154297,48.91790008544922,142.32080078125
148.82040405273438,215.89849853515625,48.0885009765625,136.63819885253906
147.960205078125,215.97500610351562,48.56460189819336,136.10169982910156
147.07009887695312,212.8549041748047,47.644901275634766,139.4936981201172
147.6461944580078,212.99119567871094,47.239498138427734,138.38720703125
146.16470336914062,213.5093994140625,47.85430145263672,138.37759399414062
146.39759826660156,212.4084930419922,47.20930099487305,138.01910400390625
145.125,208.96710205078125,46.78179931640625,142.40249633789062
145.27969360351562,211.27459716796875,44.50550079345703,139.2353973388672
144.37759399414062,209.9945068359375,46.83620071411133,141.27850341796875
144.25669860839844,208.06199645996094,46.10879898071289,142.17340087890625
143.09429931640625,209.5511932373047,47.75199890136719,138.74400329589844
142.38369750976562,208.47569274902344,46.23099899291992,139.42379760742188
140.99310302734375,207.3679962158203,46.345401763916016,142.4633026123047
138.30540466308594,205.01400756835938,48.55580139160156,143.04429626464844
139.34710693359375,205.5054931640625,44.84939956665039,143.72540283203125
138.04930114746094,204.00799560546875,45.70669937133789,144.78860473632812
138.6555938720703,201.57470703125,42.903499603271484,147.6085968017578
136.68600463867188,202.82290649414062,43.36360168457031,144.96209716796875
136.50360107421875,203.45590209960938,43.45840072631836,144.43980407714844
136.35130310058594,200.7082977294922,42.98820114135742,147.84890747070312
136.9833984375,202.9503936767578,41.071800231933594,144.19000244140625
135.1053924560547,203.54420471191406,43.4567985534668,142.56170654296875
135.1186065673828,204.99940490722656,44.67649841308594,141.4954071044922
134.97860717773438,203.8332977294922,46.24679946899414,139.9001007080078
135.4293975830078,202.7740936279297,45.99409866333008,142.08749389648438
134.24490356445312,204.62229919433594,47.074798583984375,139.66209411621094
133.91360473632812,204.47369384765625,47.667301177978516,139.4779052734375
134.17190551757812,204.99789428710938,48.13199996948242,137.77569580078125
134.63780212402344,205.51229858398438,48.759498596191406,136.38429260253906
135.3238983154297,204.5989990234375,49.63930130004883,138.30990600585938
136.01390075683594,203.3112030029297,50.67399978637695,138.6278076171875
137.7667999267578,204.44119262695312,48.852298736572266,138.51910400390625
137.51539611816406,206.57859802246094,50.43730163574219,135.79420471191406
138.6645050048828,208.71859741210938,49.11600112915039,132.7700958251953
138.46780395507812,210.75070190429688,47.78810119628906,130.27859497070312
138.7541961669922,207.32350158691406,47.8568000793457,134.6768035888672
140.32699584960938,206.1313934326172,47.60860061645508,135.5198974609375
138.38999938964844,209.2292938232422,49.812198638916016,130.67770385742188
137.66400146484375,208.1811981201172,50.92399978637695,131.5753936767578
137.26980590820312,208.1219024658203,51.6797981262207,132.4456024169922
138.51759338378906,206.4217987060547,48.46929931640625,134.2333984375
137.631103515625,207.64329528808594,49.89080047607422,133.2657928466797
138.3607940673828,205.81329345703125,48.616600036621094,133.94839477539062
137.06320190429688,206.32530212402344,48.76359939575195,133.6741943359375
137.15829467773438,205.55149841308594,47.80179977416992,134.2490997314453
135.239501953125,206.5363006591797,48.344398498535156,133.78109741210938
134.06320190429688,203.22120666503906,50.3400993347168,138.81480407714844
132.5157928466797,204.2158966064453,48.290401458740234,136.19940185546875
131.1656951904297,205.67539978027344,48.453399658203125,135.8148956298828
130.356201171875,202.75950622558594,46.85969924926758,137.4582061767578
128.34030151367188,201.57470703125,48.86259841918945,138.58419799804688
127.05290222167969,201.12820434570312,49.703800201416016,138.8966064453125
126.30149841308594,201.72509765625,47.19710159301758,137.17559814453125
125.95079803466797,199.79629516601562,48.569000244140625,139.589599609375
125.12539672851562,198.6923065185547,49.26029968261719,139.98779296875
124.41120147705078,200.79319763183594,50.689701080322266,137.27459716796875
124.88289642333984,199.1970977783203,49.12889862060547,138.3986053466797
122.82350158691406,199.75039672851562,53.084598541259766,139.56199645996094
122.71410369873047,202.00860595703125,53.55590057373047,133.993896484375
121.30139923095703,202.4553985595703,56.52069854736328,134.57809448242188
122.3302001953125,203.3524932861328,54.7776985168457,134.5988006591797
120.36229705810547,203.92999267578125,59.418800354003906,131.54209899902344
119.53050231933594,206.1875,62.61159896850586,130.2646026611328
120.99629974365234,200.35000610351562,62.1708984375,137.47850036621094
122.44609832763672,199.618896484375,61.75429916381836,137.2283935546875
120.10440063476562,200.24290466308594,64.49659729003906,135.98680114746094
122.82219696044922,197.80320739746094,63.002899169921875,136.48219299316406
122.63159942626953,196.5426025390625,64.69259643554688,138.35789489746094
126.51339721679688,194.18209838867188,61.54600143432617,140.39239501953125
132.93209838867188,194.8592071533203,56.79759979248047,138.47830200195312
137.97369384765625,193.70460510253906,52.04970169067383,139.4884033203125
140.74400329589844,195.5576934814453,49.72819900512695,138.6743927001953
144.10369873046875,193.46839904785156,48.948001861572266,140.03070068359375
147.14810180664062,190.30270385742188,49.34120178222656,143.80580139160156
149.80020141601562,187.8549041748047,48.29100036621094,145.97509765625
151.52679443359375,186.7248992919922,49.21799850463867,144.03480529785156
149.67140197753906,185.8332977294922,56.22869873046875,146.91329956054688
151.48440551757812,183.81939697265625,58.10879898071289,148.2104034423828
152.18719482421875,186.07620239257812,61.499298095703125,146.31069946289062
152.83529663085938,184.4261932373047,64.47979736328125,147.64219665527344
151.70120239257812,182.4644012451172,68.09870147705078,149.45359802246094
153.18539428710938,184.1262969970703,70.13269805908203,147.08059692382812
151.47689819335938,182.460205078125,75.79029846191406,148.85240173339844
154.37049865722656,181.78379821777344,75.19090270996094,147.72689819335938
156.8489990234375,180.20550537109375,74.9739990234375,151.04620361328125
163.56629943847656,178.7191925048828,70.34980010986328,151.34710693359375
168.6392059326172,178.52740478515625,65.16410064697266,147.31869506835938
172.50880432128906,179.38189697265625,62.684600830078125,142.51840209960938
175.02149963378906,179.5316925048828,61.01839828491211,137.92430114746094
180.0482940673828,179.89280700683594,54.50899887084961,134.6320037841797
181.87710571289062,176.99830627441406,51.58720016479492,135.43069458007812
183.47799682617188,177.90179443359375,49.95690155029297,130.0706024169922
185.156005859375,177.86770629882812,48.2307014465332,122.35050201416016
187.1772003173828,179.5146026611328,47.3849983215332,104.87210083007812
188.07110595703125,179.60130310058594,45.98680114746094,105.08419799804688
186.56219482421875,181.28759765625,47.55630111694336,98.98660278320312
186.77969360351562,186.1905975341797,46.532501220703125,94.63179779052734
184.13800048828125,185.20849609375,52.66680145263672,99.99109649658203
182.50030517578125,183.67930603027344,55.967899322509766,110.72049713134766
177.110107421875,184.8612060546875,65.12079620361328,98.72149658203125
172.45689392089844,186.8135986328125,71.4677963256836,94.44869995117188
172.82879638671875,188.4237060546875,66.3478012084961,80.56690216064453
173.60989379882812,199.11180114746094,68.76599884033203,95.43370056152344
171.25050354003906,187.55450439453125,73.00019836425781,107.76069641113281
180.07220458984375,179.21719360351562,61.219200134277344,121.22229766845703
180.5052032470703,178.033203125,62.93560028076172,129.21969604492188
181.039794921875,182.88409423828125,59.74620056152344,128.20840454101562
183.62319946289062,184.1748046875,57.604400634765625,129.30470275878906
185.49070739746094,185.14610290527344,53.66749954223633,130.43910217285156
185.23959350585938,184.30799865722656,53.720401763916016,131.12890625
186.81179809570312,183.9062042236328,50.03369903564453,134.19720458984375
185.96580505371094,181.18370056152344,50.22129821777344,135.3114013671875
186.8173065185547,180.1905059814453,48.23540115356445,134.94960021972656
185.2509002685547,179.40020751953125,49.72959899902344,136.78329467773438
184.5220947265625,179.30850219726562,50.519500732421875,132.65719604492188
184.2738037109375,182.3448028564453,51.34980010986328,128.0323944091797
184.7324981689453,183.27029418945312,51.69200134277344,123.16120147705078
182.4416961669922,185.90550231933594,55.42539978027344,122.18329620361328
185.67149353027344,186.418701171875,54.43090057373047,121.10230255126953
187.6304931640625,186.8123016357422,53.37670135498047,121.65339660644531
186.57470703125,188.18280029296875,56.3224983215332,119.53469848632812
188.23880004882812,188.17950439453125,55.837799072265625,122.04540252685547
189.0135040283203,188.94619750976562,57.471099853515625,122.76490020751953
191.85690307617188,187.5124969482422,56.53670120239258,125.94450378417969
193.0063018798828,187.9506072998047,56.274200439453125,123.10299682617188
195.7165069580078,186.69830322265625,55.15140151977539,125.19329833984375
199.5782928466797,186.7366943359375,52.736900329589844,126.16439819335938
200.77589416503906,183.610107421875,55.59769821166992,128.86639404296875
202.87570190429688,184.4073944091797,60.77859878540039,129.1802978515625
206.04420471191406,180.42320251464844,55.50189971923828,132.1822052001953
208.54849243164062,173.60830688476562,52.96659851074219,138.73770141601562
210.5319061279297,176.947998046875,54.027000427246094,130.3802032470703
213.44509887695312,176.22230529785156,51.907798767089844,130.17039489746094
215.59579467773438,174.6999053955078,51.144901275634766,134.09030151367188
215.95640563964844,176.243896484375,52.816200256347656,127.28340148925781
218.43670654296875,179.09060668945312,49.05870056152344,121.35900115966797
219.6125946044922,180.70680236816406,49.21080017089844,120.74009704589844
223.19869995117188,181.6280059814453,47.23619842529297,123.20490264892578
223.42979431152344,181.50230407714844,51.28310012817383,125.25800323486328
225.55859375,182.27239990234375,50.529598236083984,124.28119659423828
227.94679260253906,181.90330505371094,49.4828987121582,124.86609649658203
226.7091064453125,180.87930297851562,52.868499755859375,127.62239837646484
235.7375946044922,179.63780212402344,43.87120056152344,127.72599792480469
236.08270263671875,178.31039428710938,46.33810043334961,125.49810028076172
240.15469360351562,175.69659423828125,43.93320083618164,127.347900390625
244.3385009765625,173.3426971435547,40.174598693847656,125.10659790039062
248.18649291992188,173.4311981201172,36.94929885864258,126.64320373535156
248.44630432128906,169.4407958984375,39.205101013183594,129.06410217285156
252.8365936279297,171.00990295410156,34.62810134887695,124.38710021972656
255.0283966064453,167.0052947998047,34.6338005065918,125.41100311279297
257.389892578125,167.1356964111328,34.40650177001953,122.981201171875
260.36358642578125,168.4073028564453,33.874298095703125,119.93190002441406
263.3320007324219,167.89700317382812,33.035400390625,120.40270233154297
265.5364074707031,167.76040649414062,33.55830001831055,120.59040069580078
266.900390625,170.80880737304688,35.937198638916016,115.5302963256836
267.3894958496094,172.50160217285156,37.974998474121094,114.27940368652344
266.17559814453125,171.19949340820312,41.395999908447266,117.3113021850586
266.8699035644531,170.3258056640625,43.984500885009766,119.3499984741211
269.09521484375,169.71009826660156,42.7947998046875,118.23149871826172
267.8042907714844,169.02279663085938,45.220298767089844,120.0730972290039
269.7098083496094,168.5778045654297,43.796199798583984,119.14730072021484
273.4139099121094,166.37950134277344,40.399200439453125,122.76100158691406
276.1289978027344,165.63290405273438,37.881500244140625,120.31220245361328
276.9661865234375,163.86309814453125,37.8765983581543,120.38200378417969
277.2829895019531,162.6175994873047,36.43980026245117,117.92769622802734
278.00799560546875,159.94180297851562,35.69139862060547,119.16339874267578
276.8537902832031,161.0269012451172,37.74509811401367,114.98970031738281
279.0669860839844,160.02040100097656,37.40769958496094,111.59149932861328
278.806884765625,158.10989379882812,38.32080078125,112.6041030883789
280.0710144042969,159.8321075439453,37.72269821166992,108.84020233154297
278.8293151855469,158.46449279785156,43.56209945678711,110.62049865722656
277.4302062988281,161.0738067626953,50.92190170288086,107.4906997680664
278.36358642578125,159.55690002441406,48.774200439453125,108.71029663085938
277.11279296875,161.37139892578125,51.021400451660156,106.32520294189453
276.6756896972656,161.75790405273438,51.44929885864258,101.0385971069336
275.4725036621094,161.7761993408203,51.85449981689453,102.20210266113281
270.402587890625,159.18310546875,56.54869842529297,107.5239028930664
270.8100891113281,155.45159912109375,56.106998443603516,109.9093017578125
274.5068054199219,158.55859375,49.60070037841797,104.3198013305664
274.9205017089844,156.02490234375,49.39780044555664,105.8634033203125
276.5873107910156,153.54530334472656,48.036800384521484,107.32129669189453
279.6596984863281,156.9958953857422,41.55929946899414,100.877197265625
280.9299011230469,155.52439880371094,40.66600036621094,102.22329711914062
281.32470703125,152.98880004882812,38.868499755859375,105.21630096435547
278.73260498046875,149.65269470214844,42.44150161743164,110.7334976196289
277.21490478515625,155.9687042236328,44.3046989440918,102.39360046386719
273.61480712890625,148.910400390625,52.912498474121094,110.189697265625
266.4464111328125,143.32809448242188,62.894500732421875,117.4656982421875
263.6470947265625,155.08009338378906,61.644500732421875,104.10230255126953
265.8865966796875,152.68820190429688,59.861698150634766,105.48970031738281
271.38519287109375,147.3773956298828,52.07350158691406,108.82589721679688
271.4424133300781,151.47369384765625,49.319801330566406,106.39659881591797
270.9573974609375,150.91229248046875,50.80659866333008,104.36720275878906
274.8760070800781,150.85760498046875,42.40119934082031,105.24359893798828
277.02178955078125,147.49330139160156,41.60749816894531,104.96649932861328
278.2882080078125,148.42030334472656,42.066898345947266,100.53849792480469
279.2261962890625,147.5894012451172,40.04499816894531,106.08910369873047
279.5920104980469,149.83619689941406,39.12519836425781,101.16709899902344
279.5245056152344,151.60690307617188,39.12630081176758,101.9021987915039
280.1911926269531,145.88470458984375,39.436798095703125,109.1438980102539
278.87689208984375,150.2021026611328,42.59270095825195,106.82430267333984
276.7417907714844,149.95419311523438,47.59550094604492,106.08940124511719
273.6268005371094,155.31649780273438,57.37900161743164,100.16950225830078
271.2112121582031,150.85330200195312,65.27300262451172,103.52890014648438
264.52398681640625,150.98680114746094,77.7020034790039,103.91349792480469
263.29400634765625,153.63510131835938,79.5896987915039,103.1176986694336
262.2439880371094,156.2357940673828,76.26190185546875,98.73539733886719
262.6758117675781,155.6486053466797,71.17009735107422,100.91110229492188
262.4158020019531,154.5124053955078,67.875,102.10880279541016
267.43719482421875,153.8822021484375,59.288299560546875,102.89360046386719
268.6783142089844,159.4971923828125,53.96149826049805,94.23629760742188
270.54150390625,160.9228057861328,48.99509811401367,95.97480010986328
272.3309020996094,158.3125,45.08620071411133,100.93460083007812
271.0111999511719,158.34959411621094,45.147499084472656,100.85199737548828
270.473388671875,157.16709899902344,41.89739990234375,102.78780364990234
268.4530944824219,154.96510314941406,42.156898498535156,104.44709777832031
267.72869873046875,156.90859985351562,38.64039993286133,101.91200256347656
264.4211120605469,158.2628936767578,40.672298431396484,100.07959747314453
260.5032958984375,154.42820739746094,43.37590026855469,108.3573989868164
258.1394958496094,155.37420654296875,43.702598571777344,107.49590301513672
253.5281982421875,158.69500732421875,46.008201599121094,104.30239868164062
246.7707061767578,164.06739807128906,55.67449951171875,97.10179901123047
244.33990478515625,161.6885986328125,65.80709838867188,98.21060180664062
242.09800720214844,161.19400024414062,67.40709686279297,100.55719757080078
240.7216033935547,161.3842010498047,70.08869934082031,99.38500213623047
237.21749877929688,159.8300018310547,71.67019653320312,101.68550109863281
235.5406036376953,158.20680236816406,65.408203125,107.16629791259766
230.10740661621094,162.80670166015625,70.15630340576172,101.4728012084961
231.72459411621094,164.93789672851562,62.47520065307617,99.65579986572266
229.85060119628906,164.2960968017578,57.44599914550781,102.65699768066406
228.9633026123047,163.65890502929688,53.004600524902344,103.96829986572266
229.2572021484375,161.85809326171875,49.821800231933594,110.01709747314453
230.26690673828125,161.86410522460938,45.64680099487305,108.54879760742188
229.99099731445312,160.0135040283203,42.40299987792969,115.6801986694336
228.5093994140625,161.41099548339844,40.85449981689453,113.08560180664062
226.6829071044922,160.89649963378906,43.46760177612305,110.3594970703125
223.0167999267578,158.6761016845703,48.01169967651367,112.26300048828125
223.2227020263672,161.51199340820312,46.0463981628418,107.5302963256836
218.34469604492188,160.9071044921875,50.13130187988281,108.88390350341797
217.08709716796875,160.89089965820312,49.96379852294922,107.94889831542969
217.0865936279297,163.46099853515625,48.122100830078125,107.49759674072266
215.70089721679688,163.773193359375,50.817100524902344,105.16429901123047
211.77940368652344,167.00729370117188,60.68239974975586,104.46839904785156
207.08670043945312,167.4893035888672,75.77519989013672,103.19239807128906
205.31109619140625,164.88330078125,81.510498046875,108.61389923095703
202.9001007080078,164.11709594726562,84.29850006103516,108.34729766845703
202.52720642089844,162.77139282226562,78.568603515625,111.95600128173828
200.41709899902344,163.82069396972656,78.42279815673828,113.01959991455078
204.97869873046875,164.25650024414062,67.00900268554688,113.33059692382812
204.24200439453125,165.19119262695312,62.596900939941406,113.01629638671875
203.63079833984375,168.85890197753906,55.425498962402344,111.51809692382812
204.247802734375,168.9597930908203,44.40639877319336,112.31759643554688
205.0561981201172,171.53469848632812,41.61800003051758,110.55010223388672
201.668701171875,172.94000244140625,43.18320083618164,108.6812973022461
197.618896484375,174.6656036376953,46.32929992675781,106.6083984375
192.22169494628906,174.84219360351562,48.05730056762695,106.04350280761719
187.5926971435547,173.80740356445312,51.922298431396484,107.94599914550781
183.63800048828125,173.5189971923828,65.2842025756836,112.13249969482422
180.09759521484375,171.5489044189453,71.82250213623047,116.60910034179688
180.49099731445312,173.0052032470703,60.77669906616211,120.56990051269531
176.65040588378906,173.8675994873047,58.13909912109375,122.15560150146484
175.61929321289062,176.14520263671875,53.25130081176758,119.5248031616211
171.68690490722656,178.95010375976562,53.4744987487793,117.88929748535156
169.64849853515625,182.4947967529297,48.304500579833984,113.70950317382812
166.22669982910156,185.58399963378906,52.6265983581543,110.62809753417969
161.0438995361328,184.81430053710938,48.404300689697266,109.19670104980469
158.05979919433594,183.84719848632812,47.21099853515625,107.50080108642578
155.5697021484375,184.13180541992188,44.06169891357422,113.24449920654297
152.5424041748047,182.79190063476562,42.915000915527344,114.56500244140625
148.39529418945312,185.595703125,52.261199951171875,114.49620056152344
144.75889587402344,187.6750030517578,63.15620040893555,123.13809967041016
142.20590209960938,189.09100341796875,60.1442985534668,124.88200378417969
138.75819396972656,193.43829345703125,52.67679977416992,119.32450103759766
137.56930541992188,194.45440673828125,45.56999969482422,115.5198974609375
133.1450958251953,196.42529296875,45.405399322509766,112.20709991455078
125.62989807128906,195.34120178222656,52.72629928588867,111.9177017211914
119.21269989013672,195.4658966064453,53.471500396728516,114.15840148925781
118.04209899902344,194.92379760742188,52.77579879760742,111.6676025390625
116.48690032958984,195.6510009765625,53.371299743652344,112.05599975585938
112.83350372314453,197.54690551757812,57.677101135253906,113.94029998779297
111.92019653320312,197.38589477539062,60.45069885253906,120.19850158691406
109.85890197753906,200.29519653320312,59.427799224853516,122.27159881591797
108.00479888916016,202.6134033203125,54.54079818725586,119.62239837646484
104.04859924316406,206.2530059814453,56.76810073852539,117.03240203857422
100.5770034790039,205.05909729003906,63.6952018737793,117.76589965820312
101.43679809570312,209.99639892578125,71.22940063476562,115.83799743652344
100.40689849853516,211.7509002685547,79.0448989868164,113.08920288085938
96.61019897460938,211.44509887695312,89.15499877929688,114.67990112304688
96.26219940185547,209.3300018310547,89.125,119.5376968383789
98.84929656982422,210.4510040283203,83.11370086669922,119.79660034179688
102.41419982910156,211.17559814453125,76.90840148925781,119.82710266113281
105.10579681396484,214.6031036376953,70.65670013427734,118.29550170898438
109.99569702148438,217.96180725097656,58.637298583984375,114.68939971923828
111.45030212402344,217.77589416503906,55.008399963378906,120.99079895019531
110.71659851074219,217.33580017089844,57.214698791503906,116.13719940185547
110.85820007324219,217.61160278320312,59.25870132446289,118.1624984741211
121.99579620361328,217.92909240722656,47.741600036621094,116.16940307617188
123.27030181884766,220.99839782714844,50.823699951171875,114.3427963256836
125.18470001220703,221.7382049560547,52.55080032348633,113.2667007446289
126.63569641113281,220.29010009765625,61.705501556396484,116.36489868164062
130.4521942138672,225.38710021972656,80.54060363769531,109.59230041503906
138.9322967529297,225.0218048095703,65.59439849853516,112.57640075683594
141.83009338378906,226.997802734375,62.638099670410156,115.18440246582031
143.24110412597656,226.6278076171875,66.06539916992188,117.58930206298828
151.47560119628906,230.36509704589844,63.05619812011719,115.72959899902344
155.52430725097656,233.8054962158203,63.88840103149414,108.1095962524414
168.40969848632812,236.0001983642578,50.18109893798828,109.4259033203125
170.0294952392578,233.11940002441406,50.84189987182617,112.96299743652344
176.30279541015625,234.02589416503906,56.33380126953125,110.91629791259766
175.960693359375,231.61050415039062,78.38770294189453,106.7042007446289
178.55690002441406,230.6365966796875,88.53939819335938,105.24340057373047
183.95379638671875,230.4954071044922,81.34220123291016,103.51020050048828
193.77699279785156,234.2476043701172,73.12680053710938,101.51460266113281
200.10000610351562,235.5543975830078,77.1405029296875,100.60970306396484
211.35659790039062,238.66319274902344,64.1968002319336,85.73139953613281
215.01919555664062,241.88839721679688,70.38150024414062,94.72270202636719
222.02699279785156,239.86129760742188,64.43730163574219,107.09329986572266
227.84359741210938,241.2884979248047,61.9099006652832,98.07779693603516
233.1616973876953,241.06809997558594,61.829898834228516,96.33540344238281
240.2512969970703,240.49130249023438,60.468299865722656,99.87449645996094
245.6013946533203,238.2471923828125,60.837501525878906,105.38490295410156
250.44419860839844,238.27169799804688,60.80720138549805,101.89409637451172
254.17129516601562,236.6739044189453,58.30939865112305,102.9259033203125
256.08099365234375,239.3927001953125,62.760501861572266,98.91230010986328
261.85479736328125,238.5684051513672,56.76139831542969,98.16529846191406
264.5444030761719,234.32049560546875,62.56520080566406,103.73909759521484
268.6166076660156,232.27569580078125,57.61090087890625,103.34380340576172
270.0848083496094,229.2425994873047,60.458099365234375,107.9834976196289
270.75860595703125,227.92770385742188,64.2394027709961,110.8375015258789
273.7986145019531,228.19920349121094,62.650299072265625,109.70880126953125
273.7712097167969,227.0406951904297,65.14420318603516,115.64289855957031
276.1936950683594,227.43370056152344,61.65909957885742,113.11910247802734
278.648193359375,227.5930938720703,58.348899841308594,112.48829650878906
277.6476135253906,229.1197052001953,61.78129959106445,120.08789825439453
279.4731140136719,232.50340270996094,62.15639877319336,114.59149932861328
280.0903015136719,231.1457061767578,62.24829864501953,114.11799621582031
281.9541015625,234.2205047607422,59.9838981628418,112.04090118408203
281.3143005371094,232.72610473632812,62.29439926147461,111.71869659423828
283.43829345703125,236.33990478515625,59.9630012512207,105.38680267333984
285.09619140625,234.5756072998047,58.4906005859375,105.3384017944336
287.0000915527344,238.51559448242188,57.63600158691406,100.16840362548828
284.6034851074219,236.30020141601562,60.94770050048828,102.24669647216797
280.6567077636719,238.11610412597656,63.53350067138672,105.67340087890625
276.1872863769531,236.61570739746094,72.65139770507812,106.29820251464844
272.85308837890625,237.98809814453125,95.24410247802734,107.81950378417969
263.8951110839844,237.04600524902344,102.0907974243164,107.67870330810547
262.2829895019531,235.85060119628906,95.45549774169922,106.34110260009766
258.65460205078125,231.31829833984375,89.03179931640625,112.06610107421875
257.4908142089844,227.9445037841797,65.82039642333984,114.01380157470703
257.7652893066406,223.82449340820312,56.80730056762695,115.26090240478516
252.64810180664062,224.29139709472656,57.784000396728516,114.99539947509766
248.69940185546875,225.04550170898438,58.26150131225586,112.0176010131836
249.41090393066406,224.8361053466797,52.49020004272461,109.24739837646484
244.3137969970703,226.40859985351562,52.164398193359375,109.84600067138672
240.21319580078125,227.60809326171875,52.43370056152344,104.67030334472656
232.6136932373047,228.1009063720703,59.10369873046875,102.35759735107422
226.4871063232422,230.33070373535156,58.767799377441406,106.66419982910156
224.56300354003906,230.78829956054688,71.55010223388672,106.002197265625
213.27960205078125,231.5778045654297,78.69059753417969,108.22699737548828
209.12860107421875,230.21470642089844,75.2605972290039,109.9613037109375
213.5345001220703,229.02960205078125,61.9005012512207,103.03839874267578
205.75759887695312,225.8784942626953,65.0282974243164,104.86060333251953
195.91799926757812,214.7821044921875,71.3031005859375,121.32759857177734
190.1304931640625,214.16920471191406,74.77899932861328,131.20419311523438
184.06109619140625,212.8531951904297,74.23049926757812,133.62420654296875
183.59140014648438,211.29449462890625,72.2770004272461,136.2957000732422
184.15550231933594,210.6710968017578,73.73359680175781,136.3218994140625
177.4593963623047,208.8302001953125,85.31629943847656,131.94839477539062
178.58580017089844,210.60879516601562,93.7488021850586,120.4811019897461
172.94219970703125,209.2805938720703,103.13189697265625,124.5239028930664
165.63380432128906,222.66549682617188,102.0947036743164,114.68840026855469
161.99290466308594,232.39199829101562,76.9802017211914,113.90190124511719
159.7823028564453,236.12750244140625,70.50070190429688,109.760498046875
158.66079711914062,237.0720977783203,69.5647964477539,110.59839630126953
153.1988983154297,233.56809997558594,72.8114013671875,119.36070251464844
148.49920654296875,234.76429748535156,79.09770202636719,115.38739776611328
146.78660583496094,232.49000549316406,81.07869720458984,114.24579620361328
163.79190063476562,229.67909240722656,65.4176025390625,107.95259857177734
164.6121063232422,223.87060546875,63.51390075683594,111.5728988647461
170.38189697265625,221.23269653320312,59.18870162963867,108.69190216064453
173.5583953857422,216.24600219726562,56.53960037231445,115.04409790039062
180.75079345703125,215.9904022216797,50.304100036621094,112.01260375976562
183.2760009765625,211.79319763183594,49.63750076293945,117.47419738769531
186.13560485839844,216.48089599609375,47.20949935913086,107.22769927978516
188.50599670410156,213.13600158691406,50.854000091552734,107.9197006225586
