1
308.2853088378906,194.66610717773438,62.933101654052734,107.99819946289062
315.5993957519531,198.37969970703125,54.42770004272461,104.55580139160156
321.16461181640625,204.35159301757812,48.34000015258789,100.75199890136719
322.9884948730469,205.92149353027344,47.46549987792969,100.62860107421875
327.6216125488281,206.88079833984375,43.46139907836914,102.07599639892578
332.6216125488281,203.4322967529297,39.788299560546875,105.4176025390625
333.0539855957031,200.98019409179688,44.04690170288086,112.46730041503906
332.4393005371094,202.9833984375,47.800899505615234,112.41239929199219
335.4159851074219,201.58360290527344,44.61970138549805,115.41320037841797
338.0274963378906,205.55880737304688,41.346099853515625,113.24749755859375
338.9226989746094,208.0435028076172,39.63930130004883,109.78990173339844
337.60589599609375,210.5926971435547,41.34700012207031,105.5177993774414
335.9942932128906,209.94239807128906,41.774600982666016,100.26129913330078
334.3577880859375,207.51820373535156,44.05110168457031,103.76339721679688
328.1785888671875,205.38980102539062,49.90480041503906,104.54049682617188
330.5227966308594,202.12820434570312,48.383399963378906,107.96050262451172
332.97039794921875,205.5186004638672,46.83549880981445,105.2959976196289
332.944091796875,207.52639770507812,48.76490020751953,101.04910278320312
334.8951110839844,206.9604034423828,47.2859992980957,104.20680236816406
335.1174011230469,204.527099609375,47.623199462890625,106.23030090332031
335.7065124511719,206.1768035888672,48.024898529052734,106.33869934082031
335.6603088378906,203.04159545898438,49.10350036621094,112.35710144042969
336.0179138183594,197.9416046142578,48.3927001953125,119.6614990234375
336.2196044921875,203.24070739746094,48.469398498535156,111.89689636230469
335.6908874511719,199.3997039794922,48.76139831542969,115.83280181884766
335.9241943359375,199.76060485839844,48.003501892089844,124.1520004272461
337.7408142089844,201.9351043701172,45.103599548339844,121.67310333251953
337.9314880371094,201.464599609375,45.14059829711914,121.05130004882812
338.4877014160156,210.46279907226562,45.15250015258789,114.89140319824219
339.6744079589844,211.79139709472656,42.930301666259766,110.59130096435547
340.315185546875,212.72509765625,44.25870132446289,106.38369750976562
341.2755126953125,206.88270568847656,43.07889938354492,112.59649658203125
342.5093994140625,202.0988006591797,40.73870086669922,120.07369995117188
343.68798828125,201.08709716796875,39.54209899902344,125.3821029663086
342.8268127441406,202.98379516601562,43.087501525878906,122.24140167236328
343.4992980957031,206.47079467773438,44.86759948730469,120.58769989013672
343.32440185546875,207.30679321289062,45.38140106201172,122.66449737548828
341.8111877441406,208.35890197753906,48.307498931884766,120.27890014648438
341.3360900878906,214.1313934326172,50.17250061035156,113.4468994140625
341.5032958984375,214.4884033203125,48.89469909667969,113.66429901123047
341.4631042480469,212.4467010498047,47.89039993286133,116.89749908447266
341.05999755859375,212.7303009033203,47.513301849365234,116.3938980102539
339.39581298828125,213.23939514160156,47.62409973144531,115.7593994140625
338.9619140625,211.85830688476562,47.644798278808594,118.20780181884766
339.3287048339844,209.94239807128906,44.2056999206543,120.99659729003906
341.21649169921875,214.4300994873047,40.655601501464844,116.29869842529297
342.1377868652344,213.6990966796875,40.216400146484375,118.88259887695312
339.74859619140625,211.76210021972656,43.19929885864258,120.76750183105469
339.125,213.82870483398438,45.22600173950195,117.9384994506836
337.8341064453125,216.19830322265625,47.68939971923828,115.00900268554688
334.1798095703125,218.02049255371094,56.448001861572266,114.67970275878906
334.84930419921875,215.21389770507812,57.271400451660156,118.38770294189453
332.30340576171875,214.56790161132812,61.61970138549805,118.00659942626953
330.3731994628906,218.63600158691406,63.39569854736328,110.92070007324219
331.05859375,214.78919982910156,60.721900939941406,113.91529846191406
330.1846923828125,212.89169311523438,60.06380081176758,118.964599609375
334.03338623046875,211.29620361328125,51.22420120239258,117.97760009765625
335.9425964355469,212.32029724121094,50.81740188598633,117.79959869384766
338.4956970214844,217.44259643554688,51.23379898071289,111.02529907226562
341.1235046386719,206.56089782714844,49.21659851074219,116.62789916992188
343.16400146484375,196.24270629882812,70.0895004272461,127.80500030517578
334.5640869140625,198.306396484375,73.01370239257812,124.65519714355469
323.3966064453125,190.31170654296875,84.2323989868164,126.84880065917969
327.380615234375,182.68820190429688,75.31060028076172,131.25180053710938
324.6286926269531,176.9503936767578,72.07140350341797,132.51370239257812
322.3817138671875,185.5178985595703,71.01460266113281,124.17970275878906
318.631591796875,187.71200561523438,73.19599914550781,131.4698944091797
311.7273864746094,184.56069946289062,81.19000244140625,162.60440063476562
315.4090881347656,164.8448944091797,74.3270034790039,183.31939697265625
325.6394958496094,169.60719299316406,60.9093017578125,173.5980987548828
330.6706848144531,173.4550018310547,49.13140106201172,164.1114959716797
330.02899169921875,171.99330139160156,49.981998443603516,161.92379760742188
328.4497985839844,173.04220581054688,52.14550018310547,164.3928985595703
320.3674011230469,172.3105010986328,65.76270294189453,182.01010131835938
318.62078857421875,172.17840576171875,68.97869873046875,193.32110595703125
318.7773132324219,168.97239685058594,65.6592025756836,200.7353057861328
316.32470703125,165.23899841308594,62.848201751708984,194.99789428710938
314.0723876953125,166.8719940185547,67.20369720458984,193.2686004638672
315.36419677734375,160.82659912109375,63.55329895019531,193.58380126953125
311.4101867675781,160.93040466308594,64.94200134277344,191.94309997558594
308.8398132324219,161.1479949951172,67.71510314941406,189.0281982421875
306.6581115722656,160.0684051513672,69.93879699707031,188.92930603027344
304.5047912597656,163.88900756835938,77.72769927978516,183.9246063232422
301.15130615234375,166.5402069091797,73.1498031616211,179.79510498046875
300.2496032714844,159.14549255371094,77.77290344238281,185.1529998779297
296.0611877441406,161.16859436035156,83.4030990600586,184.70339965820312
289.5174865722656,162.40159606933594,84.93219757080078,178.6071014404297
286.37249755859375,158.539306640625,89.40399932861328,183.4346923828125
279.3121032714844,153.19200134277344,94.18289947509766,188.25869750976562
276.25439453125,150.22630310058594,95.57659912109375,191.1699981689453
272.16900634765625,156.37600708007812,90.17289733886719,184.83059692382812
260.6706848144531,174.65969848632812,93.21489715576172,172.497802734375
255.5196990966797,198.7135009765625,92.73729705810547,141.60150146484375
263.0014953613281,201.46080017089844,68.2876968383789,129.9884033203125
256.5788879394531,200.19149780273438,71.09380340576172,128.27749633789062
245.43040466308594,194.40870666503906,81.19550323486328,134.29100036621094
241.35789489746094,191.9748992919922,81.66899871826172,136.09930419921875
231.77890014648438,185.00439453125,87.78929901123047,142.63450622558594
228.64439392089844,183.67979431152344,86.19429779052734,141.12820434570312
230.57359313964844,185.58299255371094,74.58219909667969,133.99229431152344
221.76609802246094,183.48080444335938,79.8604965209961,136.33120727539062
218.43310546875,186.34719848632812,77.71269989013672,131.28489685058594
212.6450958251953,189.25830078125,77.54789733886719,129.1970977783203
201.04710388183594,189.71299743652344,86.26490020751953,130.08230590820312
193.46490478515625,191.96080017089844,88.16889953613281,126.79399871826172
187.20860290527344,195.8144989013672,85.62640380859375,122.04959869384766
192.6083984375,201.93299865722656,73.90260314941406,117.27909851074219
195.1844024658203,203.4503936767578,68.23660278320312,115.15339660644531
192.75030517578125,207.7322998046875,71.85859680175781,109.28179931640625
188.6092987060547,210.0937042236328,75.14459991455078,105.07929992675781
189.0050048828125,212.9329071044922,77.23609924316406,99.3511962890625
184.63180541992188,207.97979736328125,80.07019805908203,103.0647964477539
181.05419921875,196.08200073242188,86.79740142822266,109.48269653320312
171.69830322265625,181.0605926513672,95.99089813232422,123.85209655761719
178.29840087890625,177.70230102539062,84.67790222167969,130.9564971923828
174.59860229492188,180.14109802246094,85.04319763183594,128.1531982421875
173.52999877929688,185.59559631347656,82.27519989013672,123.67050170898438
176.0175018310547,191.07589721679688,109.0344009399414,117.42259979248047
161.4730987548828,198.35560607910156,115.86399841308594,110.52570343017578
139.39959716796875,190.9364013671875,130.69760131835938,120.57779693603516
144.12469482421875,185.6981964111328,119.1395034790039,128.01170349121094
118.9708023071289,184.67190551757812,134.4232940673828,130.7299041748047
116.42539978027344,188.0399932861328,133.34759521484375,121.35559844970703
110.0364990234375,183.61219787597656,132.6490936279297,130.79110717773438
107.53050231933594,184.9506072998047,127.13269805908203,128.85360717773438
102.75740051269531,188.88800048828125,124.68599700927734,123.60169982910156
101.02950286865234,198.7147979736328,123.91490173339844,112.89420318603516
90.37249755859375,193.96270751953125,130.21859741210938,118.972900390625
93.02429962158203,201.9626007080078,121.5770034790039,114.1332015991211
80.48580169677734,193.51150512695312,133.09829711914062,120.15080261230469
82.63400268554688,193.82020568847656,130.82249450683594,121.4917984008789
71.868896484375,202.44619750976562,134.99240112304688,113.0448989868164
67.2239990234375,204.1291046142578,136.33189392089844,110.7114028930664
45.49129867553711,208.2760009765625,157.1208953857422,108.70850372314453
40.27519989013672,212.6175994873047,155.75160217285156,105.66519927978516
39.44960021972656,215.77830505371094,153.2678985595703,101.68199920654297
31.888500213623047,216.51730346679688,157.96229553222656,97.47470092773438
10.04520034790039,207.71910095214844,154.82749938964844,105.84190368652344
14.640800476074219,204.30169677734375,123.79640197753906,110.14640045166016
19.06599998474121,188.66819763183594,112.54940032958984,127.59639739990234
10.549699783325195,191.73460388183594,116.41439819335938,121.80490112304688
9.63129997253418,192.1916961669922,111.26319885253906,120.46389770507812
16.111499786376953,192.7509002685547,99.69249725341797,129.1855926513672
1.8212000131607056,192.5738983154297,107.87590026855469,132.6757049560547
3.1728999614715576,199.38650512695312,98.1688003540039,119.19490051269531
1.978700041770935,197.24969482421875,89.19709777832031,125.08460235595703
1.4463000297546387,198.0532989501953,83.56510162353516,120.12950134277344
9.740799903869629,207.8905029296875,64.6781005859375,119.5895004272461
2.348099946975708,200.39779663085938,61.14500045776367,125.27079772949219
-2.8536999225616455,197.28370666503906,61.23030090332031,130.5482940673828
-2.398900032043457,193.36900329589844,57.3745002746582,136.2407989501953
-4.157400131225586,191.7386932373047,53.329898834228516,136.61830139160156
-6.948599815368652,190.75120544433594,48.917598724365234,138.15350341796875
10.874500274658203,264.96728515625,62.97639846801758,144.9228973388672
-7.320300102233887,186.95339965820312,54.57160186767578,139.01480102539062
-9.815999984741211,188.9687042236328,56.18339920043945,136.6427001953125
-12.399200439453125,185.94679260253906,57.02939987182617,136.38760375976562
-18.147600173950195,177.65179443359375,59.28459930419922,145.97169494628906
-0.04050000011920929,78.44509887695312,60.332298278808594,140.43380737304688
2.4791998863220215,79.60790252685547,58.28810119628906,140.09629821777344
-0.02019999921321869,91.27300262451172,64.80139923095703,127.279296875
-0.5307999849319458,100.84629821777344,54.871299743652344,117.71499633789062
0.9735000133514404,106.26360321044922,55.31639862060547,110.80840301513672
0.8998000025749207,113.08650207519531,61.792701721191406,105.00270080566406
2.1775999069213867,116.84950256347656,65.2488021850586,99.40339660644531
4.455699920654297,112.66829681396484,64.29910278320312,104.88459777832031
7.595200061798096,114.06629943847656,59.805999755859375,103.78710174560547
9.605799674987793,116.15769958496094,58.680198669433594,101.72879791259766
9.642999649047852,114.55729675292969,60.97050094604492,104.53179931640625
11.504199981689453,117.9447021484375,60.367000579833984,101.55829620361328
12.29889965057373,118.37129974365234,61.09199905395508,100.5792007446289
15.16569995880127,115.87169647216797,59.67179870605469,103.66329956054688
19.27199935913086,117.98590087890625,55.941001892089844,100.68229675292969
23.525299072265625,119.36129760742188,49.957000732421875,98.97979736328125
26.18670082092285,115.73609924316406,47.586299896240234,105.54090118408203
28.216800689697266,117.1769027709961,45.834800720214844,103.25879669189453
30.083499908447266,114.47789764404297,45.05649948120117,107.31500244140625
31.98940086364746,110.68340301513672,45.07419967651367,109.86579895019531
33.64780044555664,114.12190246582031,45.179901123046875,106.9374008178711
33.96849822998047,110.19229888916016,48.3577995300293,110.1686019897461
35.474700927734375,113.81269836425781,51.44060134887695,105.67549896240234
36.260398864746094,112.57669830322266,57.449501037597656,107.01200103759766
38.95869827270508,108.75830078125,58.889400482177734,110.21600341796875
40.27479934692383,106.1957015991211,61.43119812011719,113.30130004882812
41.4359016418457,112.83290100097656,62.36640167236328,105.55619812011719
45.5005989074707,109.83899688720703,60.430301666259766,108.0281982421875
48.0536994934082,108.12419891357422,61.73649978637695,111.77210235595703
52.36069869995117,100.20099639892578,59.044898986816406,119.6084976196289
58.03559875488281,104.39949798583984,53.573001861572266,114.77220153808594
62.6786994934082,109.15070343017578,52.045799255371094,110.09329986572266
67.72630310058594,111.19290161132812,49.686798095703125,109.52449798583984
77.4126968383789,103.59519958496094,40.05120086669922,115.3938980102539
83.74430084228516,107.35710144042969,37.24769973754883,112.30400085449219
87.81500244140625,103.76689910888672,35.568199157714844,115.27020263671875
93.6511001586914,103.5790023803711,32.27669906616211,114.63939666748047
97.73989868164062,106.05290222167969,34.393699645996094,114.44439697265625
100.43160247802734,105.5248031616211,37.58549880981445,113.19950103759766
104.51029968261719,100.46929931640625,41.76649856567383,118.83560180664062
107.98259735107422,97.0353012084961,43.7224006652832,120.17449951171875
112.21920013427734,104.04519653320312,43.71770095825195,113.37969970703125
113.0873031616211,107.45469665527344,53.927398681640625,111.0510025024414
116.61160278320312,110.80380249023438,56.93470001220703,107.94149780273438
119.57630157470703,117.32980346679688,58.976200103759766,99.90190124511719
124.118896484375,114.96440124511719,59.43830108642578,101.2155990600586
134.9739990234375,110.6521987915039,54.969200134277344,105.56770324707031
143.65179443359375,109.19170379638672,49.29970169067383,108.22059631347656
151.960205078125,102.10169982910156,46.67649841308594,116.08940124511719
159.38409423828125,97.77989959716797,42.51150131225586,118.55829620361328
164.9167938232422,93.4646987915039,39.817501068115234,123.7708969116211
173.32080078125,83.92330169677734,35.48860168457031,135.40499877929688
176.2480010986328,83.7322998046875,38.67250061035156,136.46029663085938
180.52310180664062,88.32630157470703,44.79600143432617,131.47500610351562
190.47999572753906,75.85289764404297,41.022300720214844,141.3415985107422
196.82730102539062,85.57779693603516,38.222599029541016,132.13450622558594
200.47630310058594,79.54070281982422,54.55459976196289,135.22219848632812
208.13650512695312,71.09439849853516,50.95029830932617,143.06179809570312
216.1219024658203,71.85990142822266,46.272499084472656,138.98910522460938
221.5688934326172,95.07869720458984,44.35850143432617,122.19640350341797
227.60240173339844,104.18309783935547,43.397300720214844,109.28399658203125
235.36399841308594,112.75990295410156,39.88570022583008,100.6458969116211
242.68310546875,117.216796875,34.32419967651367,91.81279754638672
244.99620056152344,104.3677978515625,34.944400787353516,78.08519744873047
251.20770263671875,113.51519775390625,37.76750183105469,80.72480010986328
257.27850341796875,114.70140075683594,34.416900634765625,74.64350128173828
262.1171875,113.50420379638672,33.711299896240234,68.67829895019531
266.39459228515625,121.22859954833984,38.79140090942383,64.10919952392578
273.3821105957031,120.83769989013672,36.13610076904297,61.85969924926758
279.54779052734375,123.98780059814453,32.9744987487793,58.36869812011719
283.2394104003906,125.55860137939453,34.438899993896484,56.592899322509766
293.2178955078125,135.29620361328125,35.62810134887695,62.6526985168457
294.57879638671875,131.0966033935547,38.362701416015625,67.19020080566406
298.6661071777344,129.41290283203125,41.37229919433594,77.25080108642578
300.7781066894531,123.18810272216797,40.83530044555664,84.62770080566406
298.79901123046875,119.4552001953125,49.28929901123047,94.20349884033203
300.08538818359375,114.31819915771484,49.51300048828125,101.39649963378906
300.2853088378906,111.7697982788086,50.500701904296875,104.6353988647461
299.62188720703125,111.7667007446289,52.693599700927734,104.47579956054688
299.5513000488281,108.61360168457031,52.680599212646484,107.79039764404297
300.1690979003906,107.08390045166016,52.41680145263672,108.55770111083984
297.8800048828125,111.24539947509766,59.14139938354492,103.0509033203125
299.956787109375,109.06340026855469,54.267398834228516,104.54119873046875
297.6679992675781,109.28410339355469,60.28770065307617,104.65959930419922
296.8341064453125,110.58319854736328,58.65639877319336,103.15080261230469
295.05621337890625,110.57689666748047,59.43080139160156,102.59660339355469
293.39691162109375,115.76290130615234,60.1525993347168,96.81580352783203
290.6239929199219,114.61479949951172,62.67060089111328,97.16719818115234
293.3403015136719,110.11070251464844,55.38650131225586,100.88420104980469
292.69049072265625,113.9729995727539,55.422298431396484,95.14739990234375
288.7388916015625,114.7699966430664,63.98789978027344,95.01210021972656
288.4718017578125,116.50360107421875,61.284000396728516,94.54540252685547
285.17291259765625,119.27100372314453,66.19280242919922,91.07540130615234
284.38848876953125,117.82959747314453,67.27279663085938,94.35820007324219
285.0232849121094,117.57740020751953,64.36509704589844,95.05229949951172
285.6636047363281,116.24939727783203,61.8661994934082,95.5791015625
284.6217041015625,119.48090362548828,62.42070007324219,91.46489715576172
285.54180908203125,116.18219757080078,57.75469970703125,93.40509796142578
285.77288818359375,114.94129943847656,57.32229995727539,94.09989929199219
285.8456115722656,112.38469696044922,54.4093017578125,95.9563980102539
285.2019958496094,111.71150207519531,54.38130187988281,94.5873031616211
283.1050109863281,110.4269027709961,57.72700119018555,94.37529754638672
281.3041076660156,107.66799926757812,60.22779846191406,101.2061996459961
281.1264953613281,108.91259765625,61.042701721191406,97.6780014038086
279.7149963378906,107.70700073242188,60.04029846191406,93.89289855957031
281.2705993652344,108.41649627685547,56.93769836425781,91.23179626464844
279.55389404296875,109.17960357666016,55.530399322509766,87.49620056152344
280.35980224609375,106.90440368652344,45.57350158691406,88.05889892578125
279.281005859375,111.31490325927734,44.67390060424805,79.72350311279297
278.3369140625,108.22669982910156,46.6067008972168,83.393798828125
278.8682861328125,107.52069854736328,46.838401794433594,83.76300048828125
279.26141357421875,108.53410339355469,44.79130172729492,80.89939880371094
279.3711853027344,107.1980972290039,43.11520004272461,83.76940155029297
275.8753967285156,106.94319915771484,51.5348014831543,83.4896011352539
274.4595947265625,104.07440185546875,56.57899856567383,87.3375015258789
274.5321044921875,108.33869934082031,52.540199279785156,82.03389739990234
272.8124084472656,107.443603515625,53.85490036010742,84.42759704589844
271.2738952636719,104.10060119628906,57.0885009765625,88.38690185546875
269.6474914550781,101.88970184326172,57.6796989440918,89.71489715576172
269.15521240234375,99.86849975585938,54.074798583984375,91.75150299072266
267.98651123046875,96.7156982421875,50.547698974609375,94.18389892578125
265.889892578125,88.98200225830078,45.62810134887695,100.69969940185547
262.72119140625,89.71119689941406,45.38740158081055,100.72019958496094
258.8330993652344,86.53929901123047,42.71730041503906,105.97109985351562
256.2467956542969,83.98069763183594,37.71989822387695,108.00430297851562
254.156005859375,82.37920379638672,35.122100830078125,111.46530151367188
248.38490295410156,83.5802001953125,36.45949935913086,108.21659851074219
239.9799041748047,85.74669647216797,40.783199310302734,108.52549743652344
231.96730041503906,87.02149963378906,47.40639877319336,106.00469970703125
223.9387969970703,92.69730377197266,54.90769958496094,99.16410064697266
210.04710388183594,95.07980346679688,66.12010192871094,100.71700286865234
205.50759887695312,94.74539947509766,69.19539642333984,100.31890106201172
199.42970275878906,93.0458984375,76.85820007324219,103.2833023071289
197.31289672851562,97.53119659423828,71.22260284423828,95.9197998046875
194.07859802246094,94.58609771728516,71.50589752197266,100.5718002319336
192.52000427246094,92.13069915771484,65.2177963256836,103.53630065917969
193.51429748535156,94.59989929199219,55.80780029296875,100.23739624023438
194.07550048828125,95.27359771728516,50.28730010986328,99.11930084228516
191.0001983642578,93.32820129394531,48.185699462890625,107.18949890136719
191.18069458007812,94.0708999633789,42.806800842285156,106.12830352783203
190.39520263671875,94.3135986328125,41.622798919677734,103.4384994506836
188.3031005859375,92.67960357666016,39.47840118408203,105.61319732666016
186.86199951171875,86.02760314941406,37.38869857788086,110.71499633789062
186.91610717773438,81.90730285644531,34.7067985534668,114.65019989013672
183.21690368652344,85.55970001220703,34.596500396728516,109.41000366210938
179.18870544433594,85.40550231933594,36.8843994140625,106.72470092773438
178.79769897460938,85.08180236816406,33.917999267578125,109.5425033569336
177.13099670410156,84.92289733886719,36.48569869995117,107.19170379638672
178.35679626464844,86.96410369873047,35.699100494384766,100.37259674072266
177.6824951171875,88.8927993774414,34.48270034790039,97.864501953125
175.74940490722656,89.01490020751953,34.43170166015625,96.5376968383789
169.73019409179688,90.97630310058594,41.65549850463867,94.85240173339844
170.45230102539062,88.80149841308594,39.515899658203125,97.52050018310547
167.0933074951172,89.93579864501953,42.07899856567383,95.70919799804688
162.99270629882812,90.83409881591797,44.740299224853516,96.72810363769531
161.4259033203125,91.29350280761719,44.40999984741211,97.38569641113281
158.94110107421875,91.7427978515625,45.40950012207031,99.7468032836914
156.13650512695312,91.50990295410156,48.4744987487793,101.03079986572266
155.80520629882812,91.6146011352539,46.682701110839844,102.11589813232422
152.23980712890625,92.3333969116211,49.867801666259766,102.42720031738281
153.18370056152344,90.4529037475586,46.68659973144531,103.9916000366211
152.9521942138672,90.50980377197266,46.823001861572266,103.6874008178711
151.7895050048828,90.40619659423828,47.72529983520508,103.87860107421875
152.36790466308594,88.58049774169922,46.352500915527344,106.60269927978516
151.47940063476562,87.9844970703125,47.435001373291016,110.91410064697266
151.00680541992188,89.00869750976562,46.98860168457031,106.86080169677734
153.04769897460938,86.63849639892578,42.96220016479492,106.79570007324219
151.9532012939453,90.4188003540039,43.8671989440918,104.3998031616211
151.31930541992188,88.47850036621094,44.463401794433594,107.06759643554688
151.4875946044922,87.44229888916016,44.109798431396484,109.49669647216797
151.8195037841797,90.03099822998047,43.695701599121094,107.70369720458984
153.9040985107422,88.50489807128906,41.3140983581543,108.6187973022461
156.84339904785156,86.86740112304688,37.64120101928711,111.49610137939453
161.19239807128906,85.0459976196289,35.604400634765625,103.49659729003906
163.2241973876953,82.01409912109375,35.689998626708984,106.43309783935547
163.5281982421875,81.51139831542969,38.867801666259766,108.85199737548828
165.54229736328125,80.5791015625,37.48210144042969,109.92829895019531
166.14010620117188,77.20339965820312,40.51089859008789,113.22460174560547
167.8336944580078,79.85600280761719,42.905799865722656,107.33100128173828
166.95460510253906,78.472900390625,53.69499969482422,107.31439971923828
165.7957000732422,79.22530364990234,63.50709915161133,110.02140045166016
167.22140502929688,78.86840057373047,62.891998291015625,106.43879699707031
162.79910278320312,80.72360229492188,73.9719009399414,104.40550231933594
166.01759338378906,88.04219818115234,69.0636978149414,96.90599822998047
162.13040161132812,86.52449798583984,75.71320343017578,98.10810089111328
164.39039611816406,82.5635986328125,71.07219696044922,102.3219985961914
163.2783966064453,83.0094985961914,72.7957992553711,98.9905014038086
163.8061065673828,81.33719635009766,70.22769927978516,100.74980163574219
161.5572052001953,78.97899627685547,73.7605972290039,105.08889770507812
159.96090698242188,79.33439636230469,74.72100067138672,102.14070129394531
158.17430114746094,82.81099700927734,76.0813980102539,102.48030090332031
158.50169372558594,80.65540313720703,75.68350219726562,102.4657974243164
157.34970092773438,76.50090026855469,76.1365966796875,105.76319885253906
154.87579345703125,81.60430145263672,81.4761962890625,102.05989837646484
155.46710205078125,79.67839813232422,76.30500030517578,103.6780014038086
155.3896942138672,77.885498046875,78.34210205078125,102.41110229492188
153.29220581054688,83.16010284423828,79.47339630126953,98.3593978881836
153.2946014404297,80.88729858398438,77.69760131835938,101.46489715576172
152.04969787597656,80.18789672851562,78.80490112304688,101.14689636230469
151.82069396972656,77.93920135498047,76.4800033569336,104.09369659423828
149.5756072998047,74.50769805908203,79.73280334472656,105.14109802246094
147.66050720214844,78.07340240478516,82.03849792480469,102.69499969482422
148.66650390625,77.4374008178711,76.72319793701172,102.24960327148438
148.09910583496094,72.37079620361328,79.0165023803711,106.79940032958984
147.9362030029297,75.93479919433594,78.28459930419922,104.90989685058594
147.00869750976562,73.497802734375,77.93550109863281,104.98970031738281
147.1002960205078,76.54750061035156,76.39759826660156,101.20819854736328
143.83399963378906,76.46479797363281,83.12590026855469,103.30490112304688
144.35060119628906,72.67970275878906,79.66439819335938,104.81159973144531
145.25869750976562,74.606201171875,79.09040069580078,103.39140319824219
151.8450927734375,74.54070281982422,69.5448989868164,102.05889892578125
156.37570190429688,73.38269805908203,65.1884994506836,99.6530990600586
160.71339416503906,69.05840301513672,58.22909927368164,104.37329864501953
164.0113983154297,65.4395980834961,52.58319854736328,106.78119659423828
161.531005859375,70.04419708251953,57.416900634765625,105.15910339355469
161.6981964111328,64.42120361328125,56.517398834228516,108.92060089111328
161.2924041748047,67.26319885253906,57.3026008605957,106.88030242919922
159.25889587402344,67.25520324707031,60.09159851074219,106.61799621582031
156.80630493164062,70.57959747314453,64.58260345458984,102.22540283203125
160.50660705566406,67.59120178222656,61.1708984375,104.41490173339844
158.18150329589844,59.43339920043945,62.475101470947266,112.22429656982422
151.7091064453125,52.79280090332031,68.66280364990234,118.82150268554688
162.86729431152344,50.661800384521484,56.4463005065918,123.10310363769531
142.1759033203125,59.76729965209961,58.137699127197266,107.16560363769531
137.02890014648438,57.476898193359375,53.480098724365234,106.06919860839844
136.7969970703125,61.68600082397461,49.48350143432617,104.41230010986328
136.1721954345703,64.50900268554688,44.60599899291992,99.36609649658203
134.30929565429688,65.7603988647461,42.10960006713867,97.7654037475586
122.21219635009766,57.582298278808594,52.74480056762695,105.33309936523438
112.21549987792969,59.12810134887695,59.653499603271484,109.39929962158203
102.1843032836914,63.779701232910156,67.06179809570312,99.8125991821289
92.58290100097656,69.25489807128906,74.5604019165039,93.64769744873047
88.07969665527344,63.920799255371094,74.4832992553711,99.04340362548828
79.44850158691406,63.400299072265625,80.52960205078125,99.33049774169922
72.00460052490234,57.777198791503906,86.9739990234375,103.16459655761719
69.40730285644531,47.11989974975586,87.75029754638672,112.93170166015625
63.10369873046875,49.02429962158203,81.90550231933594,111.15129852294922
65.80480194091797,48.49850082397461,71.61920166015625,109.84490203857422
61.40639877319336,46.390499114990234,77.47090148925781,110.41459655761719
59.73320007324219,41.97309875488281,81.65380096435547,111.9301986694336
42.71549987792969,40.2234992980957,68.17530059814453,112.0114974975586
45.73189926147461,41.566898345947266,49.890499114990234,117.05139923095703
36.952701568603516,42.3474006652832,52.789100646972656,115.606201171875
32.374698638916016,48.09939956665039,54.644500732421875,108.31400299072266
22.211999893188477,44.22330093383789,63.13010025024414,114.70459747314453
7.7266998291015625,52.76599884033203,78.31500244140625,104.80960083007812
5.584400177001953,51.220699310302734,75.34980010986328,106.88809967041016
2.711400032043457,37.674598693847656,74.43499755859375,119.11019897460938
-0.24639999866485596,34.256099700927734,74.35050201416016,122.71540069580078
-1.0551999807357788,29.57830047607422,69.3373031616211,127.57820129394531
0.17649999260902405,36.227901458740234,62.84130096435547,122.93199920654297
-0.3361999988555908,32.94540023803711,60.58829879760742,125.4312973022461
-0.7509999871253967,32.44409942626953,53.49760055541992,124.8833999633789
-2.3636999130249023,31.08300018310547,57.20309829711914,125.88999938964844
-2.482599973678589,37.11980056762695,57.49879837036133,120.8124008178711
-3.9100000858306885,32.38090133666992,59.09619903564453,126.48030090332031
-3.3850998878479004,21.61440086364746,59.37990188598633,138.21620178222656
-4.651100158691406,29.667600631713867,53.55229949951172,129.34320068359375
-4.007400035858154,23.18899917602539,48.03960037231445,133.7104034423828
-3.0099000930786133,19.078800201416016,47.85110092163086,138.3197021484375
-3.753999948501587,16.620500564575195,55.51599884033203,140.2938995361328
-3.1298000812530518,16.31839942932129,61.11520004272461,140.54539489746094
-1.4616999626159668,22.752399444580078,51.470001220703125,135.92190551757812
-1.5769000053405762,11.879799842834473,62.953399658203125,149.0406951904297
1.1588000059127808,26.022499084472656,58.135398864746094,140.3153076171875
3.746000051498413,12.360899925231934,51.73720169067383,160.7926025390625
1.556399941444397,26.62980079650879,56.17639923095703,162.839599609375
0.3831000030040741,9.112899780273438,56.09469985961914,178.7364959716797
0.7111999988555908,4.229899883270264,59.51810073852539,178.61940002441406
1.5398999452590942,-3.746500015258789,55.0359001159668,195.252197265625
3.723099946975708,-7.479400157928467,51.67499923706055,199.5146942138672
6.0742998123168945,-6.626299858093262,47.39979934692383,195.65829467773438
1.197100043296814,5.245200157165527,49.28929901123047,184.43930053710938
0.10249999910593033,5.245100021362305,53.2947998046875,185.19940185546875
0.5236999988555908,14.022100448608398,52.16059875488281,175.17239379882812
1.7093000411987305,8.834199905395508,45.555599212646484,174.5894012451172
2.71589994430542,10.063599586486816,41.18479919433594,174.2071075439453
2.948199987411499,10.322199821472168,41.61980056762695,178.93809509277344
1.7098000049591064,8.568400382995605,44.44269943237305,183.93780517578125
2.9135000705718994,9.746600151062012,42.13560104370117,181.7333984375
3.6122000217437744,10.783900260925293,47.09859848022461,183.05810546875
-1.3402999639511108,23.04990005493164,61.23929977416992,172.71600341796875
2.8336000442504883,19.963499069213867,45.81650161743164,174.4113006591797
-0.6401000022888184,24.48430061340332,48.56169891357422,171.54269409179688
0.03999999910593033,31.7185001373291,48.840999603271484,165.05540466308594
0.7260000109672546,16.860200881958008,49.090999603271484,164.05599975585938
2.016400098800659,18.55970001220703,54.08700180053711,181.1887969970703
-2.1008999347686768,9.941499710083008,64.66169738769531,194.90280151367188
4.950699806213379,-2.216900110244751,52.10329818725586,213.64230346679688
4.0507001876831055,-0.8680999875068665,52.807899475097656,212.21029663085938
4.902599811553955,-0.19660000503063202,46.25130081176758,209.92160034179688
4.028600215911865,2.7804999351501465,46.21500015258789,216.914794921875
1.930899977684021,2.20169997215271,47.322601318359375,213.3206024169922
3.6354000568389893,6.459099769592285,44.04600143432617,207.47970581054688
0.3433000147342682,4.356100082397461,51.19770050048828,217.2451934814453
1.1030000448226929,5.4542999267578125,52.411800384521484,207.2501983642578
5.318399906158447,9.281399726867676,37.723899841308594,197.09010314941406
3.2172000408172607,10.97819995880127,37.589698791503906,202.7864990234375
0.2257000058889389,19.46969985961914,43.215999603271484,206.64089965820312
4.919099807739258,23.39240074157715,36.63520050048828,199.10330200195312
2.467900037765503,23.52989959716797,40.52949905395508,205.57049560546875
4.684899806976318,25.110700607299805,40.394500732421875,201.0959930419922
4.105400085449219,27.75189971923828,37.05160140991211,199.12350463867188
4.7947998046875,27.96809959411621,37.59749984741211,209.06320190429688
4.180799961090088,35.11709976196289,42.4369010925293,204.98129272460938
6.85699987411499,36.90230178833008,40.3296012878418,200.29580688476562
7.625,42.521400451660156,40.24800109863281,198.39669799804688
2.9992001056671143,34.92279815673828,44.19820022583008,199.48190307617188
6.208700180053711,41.42499923706055,41.156898498535156,198.42239379882812
0.5284000039100647,35.11220169067383,44.9650993347168,201.7248992919922
5.1427998542785645,44.5817985534668,39.145301818847656,204.96310424804688
2.6940999031066895,34.18119812011719,40.87810134887695,207.4084930419922
5.638700008392334,40.87179946899414,37.797000885009766,213.3730010986328
3.5167999267578125,43.08100128173828,47.42770004272461,212.7769012451172
6.62529993057251,45.32849884033203,40.93040084838867,211.656005859375
5.000500202178955,48.71120071411133,40.20719909667969,207.92849731445312
2.2507998943328857,50.51380157470703,43.73210144042969,205.69259643554688
2.8973000049591064,47.733001708984375,44.69919967651367,205.58839416503906
3.914799928665161,45.712100982666016,41.68009948730469,210.0272979736328
5.674600124359131,50.424598693847656,38.55839920043945,204.61219787597656
6.113500118255615,51.756500244140625,39.005401611328125,207.6125030517578
6.855400085449219,54.041900634765625,36.699501037597656,203.26199340820312
2.0913000106811523,57.712799072265625,37.99300003051758,202.2926025390625
-4.763700008392334,55.914100646972656,37.98529815673828,200.34390258789062
-10.21619987487793,57.416099548339844,46.027801513671875,194.35279846191406
-10.632800102233887,49.907100677490234,50.63610076904297,179.4178924560547
-3.149199962615967,87.90350341796875,38.11360168457031,167.36390686035156
-3.4165000915527344,58.153099060058594,37.78620147705078,159.05709838867188
-2.0669000148773193,83.61479949951172,34.21269989013672,148.47230529785156
-5.162799835205078,86.94439697265625,38.10969924926758,125.75340270996094
-9.394100189208984,102.80599975585938,40.184200286865234,111.17410278320312
-4.692500114440918,111.83779907226562,34.437801361083984,97.3405990600586
-4.55210018157959,116.69110107421875,31.132999420166016,91.20210266113281
-5.734399795532227,113.42379760742188,33.37929916381836,96.26640319824219
-4.088900089263916,111.60140228271484,30.091299057006836,99.62940216064453
-2.996799945831299,108.54350280761719,26.95400047302246,101.3499984741211
-3.235599994659424,111.70909881591797,27.672399520874023,100.33470153808594
-3.8873000144958496,110.20320129394531,27.680099487304688,101.92340087890625
-2.5752999782562256,110.302001953125,24.992399215698242,99.57099914550781
-2.622299909591675,110.23269653320312,22.597900390625,100.87239837646484
-1.7863999605178833,115.59739685058594,19.886199951171875,97.98970031738281
-1.725600004196167,120.4343032836914,17.93589973449707,94.11180114746094
-4.153600215911865,122.9823989868164,20.24250030517578,91.05269622802734
-2.302000045776367,128.61489868164062,15.250900268554688,85.60880279541016
2.543600082397461,115.94969940185547,22.258399963378906,94.30079650878906
0.035599999129772186,115.9718017578125,29.037599563598633,95.15039825439453
1.6394000053405762,115.83570098876953,31.384300231933594,96.45770263671875
0.4438000023365021,117.68250274658203,33.31740188598633,96.06780242919922
1.243499994277954,115.63839721679688,28.257099151611328,99.9666976928711
3.8148999214172363,118.0730972290039,22.81060028076172,96.43789672851562
3.728300094604492,116.20279693603516,21.662200927734375,92.44779968261719
1.7279000282287598,116.31939697265625,23.08449935913086,88.42859649658203
0.6008999943733215,114.94889831542969,22.98040008544922,85.52439880371094
0.9505000114440918,116.31580352783203,20.050199508666992,81.9220962524414
0.31709998846054077,125.08879852294922,20.451000213623047,80.63629913330078
-0.9542999863624573,124.83489990234375,22.83839988708496,82.56719970703125
2.2599000930786133,123.91929626464844,15.997200012207031,81.84140014648438
2.396899938583374,123.93150329589844,17.791799545288086,76.12550354003906
1.3515000343322754,130.7751007080078,19.55970001220703,79.71029663085938
1.5317000150680542,127.5167007446289,18.65719985961914,74.71710205078125
3.564199924468994,125.14600372314453,14.973799705505371,78.72470092773438
1.0643999576568604,124.18060302734375,23.199600219726562,78.76100158691406
2.691200017929077,123.9030990600586,24.208999633789062,77.87470245361328
0.7922000288963318,123.17019653320312,23.25909996032715,80.66179656982422
2.407399892807007,124.1405029296875,18.656200408935547,81.2926025390625
1.5200999975204468,123.2750015258789,18.84779930114746,84.26740264892578
4.8246002197265625,122.643798828125,15.82390022277832,83.4469985961914
3.3099000453948975,122.4636001586914,16.162599563598633,79.50540161132812
-1.3039000034332275,122.97930145263672,20.449100494384766,71.88929748535156
-1.2160999774932861,120.39640045166016,24.173900604248047,67.58049774169922
-2.744499921798706,123.06890106201172,31.296199798583984,63.8828010559082
-4.5954999923706055,120.252197265625,37.77439880371094,58.59579849243164
0.00039999998989515007,128.06939697265625,31.25149917602539,64.95480346679688
2.0627999305725098,125.50469970703125,26.75309944152832,70.79149627685547
0.8694999814033508,119.1395034790039,21.82229995727539,78.3051986694336
-1.1578999757766724,125.07330322265625,25.424999237060547,85.17410278320312
0.7996000051498413,121.80770111083984,23.33639907836914,91.66549682617188
1.086400032043457,125.16120147705078,20.703500747680664,90.08779907226562
2.5541000366210938,126.68240356445312,21.91939926147461,84.21119689941406
-0.12809999287128448,126.37129974365234,29.445199966430664,89.54810333251953
-0.3619999885559082,121.16349792480469,32.78070068359375,98.2074966430664
-0.78329998254776,119.1592025756836,33.14179992675781,106.14289855957031
-1.597100019454956,110.7677993774414,34.69269943237305,115.5166015625
13.019100189208984,104.44979858398438,38.747501373291016,124.3458023071289
9.683600425720215,95.04959869384766,41.40650177001953,137.0092010498047
5.314199924468994,92.58080291748047,46.01599884033203,141.22430419921875
3.148200035095215,88.71040344238281,51.64759826660156,149.94650268554688
0.9487000107765198,81.15249633789062,60.27470016479492,156.96319580078125
-1.4521000385284424,88.17829895019531,62.65909957885742,152.4158935546875
0.5619999766349792,79.1072998046875,54.16350173950195,153.50660705566406
1.1273000240325928,83.60559844970703,44.87379837036133,167.2512969970703
6.572000026702881,83.59929656982422,29.93869972229004,168.11099243164062
1.6744999885559082,85.80599975585938,33.012699127197266,168.17990112304688
-2.4892001152038574,89.71530151367188,39.1505012512207,166.0561065673828
1.7206000089645386,87.2123031616211,33.43220138549805,176.33999633789062
-0.219200000166893,88.01730346679688,37.38140106201172,184.9532012939453
2.2262001037597656,68.33209991455078,39.372398376464844,183.82260131835938
1.472100019454956,70.36470031738281,41.21849822998047,187.94679260253906
3.9848999977111816,68.36630249023438,47.225101470947266,212.29710388183594
-0.4902999997138977,72.60030364990234,61.82789993286133,214.47799682617188
-1.2634999752044678,69.15910339355469,85.7239990234375,223.32369995117188
5.085599899291992,65.68609619140625,65.12550354003906,237.0592041015625
3.033900022506714,60.17850112915039,57.10490036010742,235.0404052734375
4.758900165557861,55.862701416015625,48.4005012512207,237.556396484375
1.3133000135421753,52.6697998046875,48.93109893798828,247.59010314941406
-3.1774001121520996,51.35309982299805,51.46379852294922,250.99339294433594
0.5530999898910522,58.96480178833008,49.64759826660156,247.73590087890625
0.4781000018119812,66.46040344238281,63.13059997558594,251.6593017578125
4.351900100708008,83.14710235595703,59.46969985961914,242.404296875
3.7146999835968018,56.87049865722656,59.592098236083984,243.75059509277344
4.783100128173828,66.23410034179688,48.362300872802734,238.41180419921875
1.5017999410629272,55.344200134277344,68.29119873046875,235.5583038330078
2.2623000144958496,60.251399993896484,68.09049987792969,238.86160278320312
8.441200256347656,56.45949935913086,69.99659729003906,248.5124969482422
16.629499435424805,53.80889892578125,57.34349822998047,286.0086975097656
8.194199562072754,61.04240036010742,65.52970123291016,303.6783142089844
5.9704999923706055,48.98379898071289,71.5719985961914,314.2027893066406
10.4822998046875,53.473899841308594,74.92630004882812,308.0331115722656
12.15060043334961,19.551700592041016,66.17400360107422,344.529296875
7.228000164031982,42.578399658203125,75.82060241699219,321.3052978515625
5.896500110626221,31.738500595092773,78.55059814453125,321.73858642578125
1.684000015258789,35.5973014831543,98.5779037475586,299.3724060058594
2.5044000148773193,32.27989959716797,91.67070007324219,287.9375915527344
4.321300029754639,40.6234016418457,95.6719970703125,264.8334045410156
14.080100059509277,50.41120147705078,67.35910034179688,274.9728088378906
7.646100044250488,51.365299224853516,68.64399719238281,286.34051513671875
7.6905999183654785,67.10320281982422,59.689701080322266,274.84271240234375
3.97979998588562,48.7411003112793,71.89089965820312,272.0588073730469
8.51729965209961,51.7318000793457,80.11319732666016,280.0574035644531
9.04740047454834,71.60389709472656,93.56829833984375,276.05059814453125
5.969600200653076,53.08430099487305,94.63929748535156,289.22021484375
4.814799785614014,60.32400131225586,94.845703125,303.66461181640625
8.480299949645996,51.36399841308594,80.20349884033203,313.2738952636719
1.44760000705719,66.57060241699219,72.54239654541016,297.8857116699219
-1.029099941253662,50.080501556396484,75.4468002319336,314.7558898925781
-7.608500003814697,25.152000427246094,96.56300354003906,331.83990478515625
-2.1666998863220215,53.589698791503906,97.15630340576172,312.6484069824219
-3.875999927520752,82.24559783935547,108.38569641113281,282.8512878417969
-4.014500141143799,62.50339889526367,85.8594970703125,304.9407958984375
2.822999954223633,80.61509704589844,74.03209686279297,288.2218017578125
-2.871799945831299,66.58899688720703,76.78009796142578,302.62689208984375
1.594499945640564,55.17449951171875,65.31089782714844,310.9186096191406
4.463200092315674,46.5968017578125,85.36489868164062,312.5946044921875
-0.6291000247001648,71.71040344238281,107.68360137939453,302.96630859375
-2.773699998855591,64.21910095214844,108.96939849853516,309.650390625
-2.7555999755859375,55.86090087890625,98.5238037109375,321.1827087402344
-6.966899871826172,31.28420066833496,91.152099609375,343.1910095214844
3.4195001125335693,49.96799850463867,66.81330108642578,323.3547058105469
-0.515500009059906,29.508499145507812,64.32740020751953,340.4208068847656
-2.2058000564575195,15.107799530029297,61.64659881591797,349.3822021484375
-3.9932000637054443,43.74589920043945,66.63289642333984,321.4652099609375
-0.21199999749660492,34.488399505615234,64.48249816894531,299.6913146972656
2.4426000118255615,51.49909973144531,62.39939880371094,291.6726989746094
6.0071001052856445,74.93620300292969,55.62670135498047,275.9601135253906
8.815600395202637,59.468101501464844,52.116798400878906,268.5022888183594
4.39709997177124,68.89839935302734,59.44940185546875,263.3935852050781
5.837900161743164,74.18730163574219,50.381099700927734,267.60699462890625
4.755799770355225,56.952301025390625,51.009700775146484,265.947998046875
2.564500093460083,74.81690216064453,49.654701232910156,246.0010986328125
2.044600009918213,60.00189971923828,51.83430099487305,233.98660278320312
8.555299758911133,63.24489974975586,51.44490051269531,242.07260131835938
3.001499891281128,64.42230224609375,53.932498931884766,253.3249969482422
4.560699939727783,57.686500549316406,49.424598693847656,244.43170166015625
0.8276000022888184,49.94609832763672,67.03109741210938,253.80079650878906
14.57979965209961,51.90039825439453,60.82849884033203,253.23049926757812
20.042299270629883,52.40760040283203,50.0614013671875,269.5221862792969
7.088500022888184,52.402099609375,56.0718994140625,284.6828918457031
1.6576000452041626,51.84870147705078,52.80500030517578,300.32110595703125
3.833699941635132,60.959999084472656,53.58110046386719,295.60870361328125
1.2145999670028687,41.08890151977539,59.4213981628418,281.0549011230469
3.1110000610351562,50.83300018310547,59.63399887084961,263.1368103027344
4.539100170135498,50.6244010925293,55.360599517822266,251.0968017578125
-2.08240008354187,51.01219940185547,63.233001708984375,235.38589477539062
5.3678998947143555,52.713199615478516,49.90019989013672,217.03160095214844
7.490300178527832,76.01329803466797,45.547401428222656,210.59249877929688
2.7400999069213867,77.1488037109375,51.45109939575195,191.9320068359375
7.814700126647949,72.55650329589844,38.5276985168457,178.77099609375
0.7574999928474426,77.79000091552734,44.0349006652832,159.9886016845703
4.539299964904785,94.8218994140625,35.37929916381836,151.7819061279297
0.545799970626831,93.29679870605469,38.34830093383789,135.51849365234375
3.2690999507904053,95.30229949951172,32.200801849365234,128.0435028076172
1.5226999521255493,99.7833023071289,27.725200653076172,133.22950744628906
2.280600070953369,96.44010162353516,24.617000579833984,129.44020080566406
0.9961000084877014,98.47740173339844,22.74449920654297,121.53469848632812
-2.9955999851226807,104.83480072021484,27.674400329589844,128.90899658203125
-1.5298999547958374,100.29280090332031,30.255800247192383,132.20889282226562
2.664299964904785,90.5103988647461,32.930301666259766,134.8231964111328
0.949400007724762,96.30709838867188,39.039798736572266,145.3404998779297
-2.7276999950408936,81.83660125732422,53.70280075073242,136.56930541992188
0.9865000247955322,89.80490112304688,43.48590087890625,127.18730163574219
0.24809999763965607,81.17440032958984,49.75709915161133,126.54540252685547
-1.6877000331878662,81.46369934082031,55.07929992675781,133.8079071044922
0.6963000297546387,83.83470153808594,56.32550048828125,137.42300415039062
-0.7946000099182129,109.90049743652344,69.09639739990234,131.55960083007812
1.5663000345230103,88.77549743652344,69.19229888916016,132.0489959716797
-6.779399871826172,112.47440338134766,84.86360168457031,149.35780334472656
-7.233699798583984,101.43119812011719,90.50700378417969,168.54409790039062
-9.844900131225586,89.7114028930664,109.41089630126953,189.78750610351562
1.6473000049591064,80.28140258789062,95.9384994506836,186.76109313964844
-7.136499881744385,73.92620086669922,114.75589752197266,202.03289794921875
1.0981999635696411,76.51930236816406,104.97489929199219,187.82879638671875
6.736299991607666,100.18550109863281,105.16490173339844,194.57110595703125
12.827199935913086,93.55719757080078,101.47119903564453,205.24960327148438
-4.694799900054932,82.01200103759766,82.7761001586914,229.12950134277344
-5.241000175476074,84.64320373535156,77.2134017944336,237.0709991455078
0.6388999819755554,87.8323974609375,50.68730163574219,232.70289611816406
-2.6359000205993652,73.09870147705078,54.58430099487305,269.2484130859375
1.4010000228881836,62.54069900512695,58.977699279785156,291.2025146484375
4.19980001449585,56.81999969482422,59.510501861572266,288.3185119628906
5.513999938964844,65.17230224609375,59.97489929199219,282.7593078613281
10.66450023651123,87.56490325927734,56.39739990234375,257.58538818359375
10.331000328063965,71.70089721679688,56.5004997253418,276.2580871582031
12.333900451660156,79.96589660644531,62.32509994506836,270.4316101074219
18.244699478149414,82.38480377197266,61.942100524902344,269.8915100097656
18.45789909362793,57.130401611328125,67.89959716796875,298.1495056152344
18.805400848388672,67.41940307617188,78.80950164794922,288.6888122558594
21.411399841308594,77.49400329589844,86.63990020751953,277.6355895996094
4.995100021362305,57.102298736572266,91.43830108642578,296.56439208984375
22.337099075317383,57.484500885009766,100.19210052490234,298.9519958496094
42.2578010559082,54.04460144042969,84.01180267333984,311.4110107421875
9.467300415039062,61.65679931640625,116.1802978515625,289.7369079589844
32.110198974609375,49.969600677490234,104.4021987915039,278.6064147949219
55.58649826049805,49.22209930419922,78.99250030517578,270.572998046875
22.152299880981445,97.19889831542969,103.69999694824219,269.1661071777344
48.760398864746094,45.09349822998047,91.82460021972656,267.7078857421875
-2.6470999717712402,97.24109649658203,79.94920349121094,266.9397888183594
-4.872499942779541,49.89310073852539,69.99130249023438,236.99240112304688
-1.288699984550476,76.88089752197266,77.46759796142578,210.59759521484375
-1.375499963760376,95.47489929199219,82.89820098876953,190.6551055908203
-0.3384999930858612,103.78489685058594,85.83619689941406,182.14329528808594
3.1545000076293945,118.9489974975586,84.435302734375,168.9049072265625
6.3933000564575195,131.0718994140625,82.86589813232422,156.85450744628906
11.856800079345703,153.72340393066406,78.84819793701172,134.62939453125
15.505800247192383,144.1634063720703,74.11109924316406,145.32859802246094
27.639699935913086,126.02559661865234,64.00759887695312,162.38380432128906
33.21860122680664,138.98980712890625,58.20009994506836,151.6352996826172
11.11359977722168,112.54450225830078,81.63400268554688,169.16839599609375
30.625699996948242,135.14219665527344,66.8822021484375,153.83009338378906
16.691699981689453,146.52760314941406,86.08760070800781,137.36709594726562
3.8868000507354736,149.62530517578125,104.4928970336914,135.6927947998047
-16.947399139404297,155.60159301757812,131.981201171875,120.71299743652344
7.2600998878479,162.94430541992188,116.71910095214844,125.8447036743164
-2.3348000049591064,161.38589477539062,134.52630615234375,127.98519897460938
-9.211000442504883,174.2751007080078,153.5048065185547,115.94940185546875
-8.574299812316895,177.67950439453125,157.89059448242188,104.00689697265625
-13.76039981842041,177.0316925048828,163.7740936279297,102.51290130615234
-17.553499221801758,181.2866973876953,170.93760681152344,98.89550018310547
-35.500701904296875,185.67269897460938,190.47250366210938,88.6541976928711
-63.048301696777344,173.7467041015625,217.24899291992188,111.57589721679688
-26.61680030822754,175.17539978027344,195.19090270996094,99.5801010131836
-62.22819900512695,172.53790283203125,225.8878936767578,100.31529998779297
-38.12200164794922,165.0886993408203,211.83590698242188,104.77459716796875
-38.750301361083984,171.0944061279297,209.4073944091797,94.7676010131836
-23.064199447631836,170.56640625,198.52349853515625,96.75849914550781
-53.62950134277344,174.60549926757812,228.03359985351562,90.09210205078125
-33.75870132446289,171.49620056152344,214.42730712890625,100.41439819335938
-75.57859802246094,161.3271942138672,248.54080200195312,110.46630096435547
-57.336299896240234,166.26519775390625,236.59410095214844,97.7249984741211
-70.12860107421875,180.77200317382812,259.551513671875,86.19860076904297
-83.82340240478516,185.54859924316406,279.9620056152344,75.99400329589844
-94.989501953125,178.9136962890625,288.2369079589844,80.118896484375
-106.85679626464844,198.36410522460938,299.8716125488281,51.740699768066406
-93.2490005493164,187.74929809570312,284.59710693359375,68.14299774169922
-101.91590118408203,191.93679809570312,281.9660949707031,72.98280334472656
-96.49449920654297,188.720703125,284.4801940917969,108.94660186767578
-94.28589630126953,179.03219604492188,271.7409973144531,125.2313003540039
