1
375.45098876953125,149.1475067138672,104.26460266113281,98.7676010131836
359.32489013671875,136.71640014648438,120.54560089111328,101.31790161132812
355.5809020996094,141.35400390625,128.4051055908203,87.97460174560547
367.99920654296875,141.25210571289062,114.34310150146484,93.15440368652344
365.0638122558594,146.8574981689453,105.8895034790039,89.17169952392578
357.8092041015625,155.8704071044922,94.5687026977539,80.3550033569336
355.8334045410156,156.4752960205078,107.58409881591797,77.38169860839844
359.30938720703125,163.72669982910156,107.36840057373047,68.40750122070312
365.6348876953125,170.0164031982422,97.29630279541016,64.77980041503906
366.5223083496094,173.48789978027344,86.62750244140625,64.6498031616211
374.3879089355469,180.72120666503906,82.5541000366211,61.958099365234375
379.6702880859375,158.6945037841797,71.95339965820312,66.94090270996094
377.309814453125,144.1558074951172,70.20580291748047,68.07039642333984
372.085693359375,137.50369262695312,69.49259948730469,65.52220153808594
375.8445129394531,138.3240966796875,61.960201263427734,68.80500030517578
373.96990966796875,143.36019897460938,58.49489974975586,70.96279907226562
338.5633850097656,137.12559509277344,54.38690185546875,62.808101654052734
328.474609375,133.77890014648438,54.857200622558594,60.440399169921875
286.8074035644531,152.3123016357422,60.36940002441406,52.37089920043945
284.602294921875,156.9501953125,49.38370132446289,43.975101470947266
268.5303039550781,158.17379760742188,57.345001220703125,52.66590118408203
269.9735107421875,159.98060607910156,55.250099182128906,56.74209976196289
275.4305114746094,162.3553924560547,46.545101165771484,54.53369903564453
285.33441162109375,160.82440185546875,42.8656005859375,57.208099365234375
292.8360900878906,158.9611053466797,49.31209945678711,58.514801025390625
291.11248779296875,152.74139404296875,50.671600341796875,61.881900787353516
290.5857849121094,155.4803009033203,56.017601013183594,64.29399871826172
274.1145935058594,148.3596954345703,62.19969940185547,71.34329986572266
285.2569885253906,160.4517059326172,60.554100036621094,66.05059814453125
271.67041015625,156.27890014648438,54.815399169921875,72.69400024414062
282.75408935546875,159.58749389648438,69.27339935302734,80.01850128173828
274.1289978027344,164.4521942138672,74.50170135498047,75.86859893798828
280.0087890625,165.39939880371094,87.60189819335938,84.11620330810547
291.10479736328125,172.39950561523438,86.93509674072266,91.14299774169922
293.39239501953125,178.07470703125,89.82820129394531,92.71880340576172
294.0574035644531,178.18350219726562,93.17030334472656,98.2509994506836
298.2080078125,179.17520141601562,100.49960327148438,95.24829864501953
300.8006896972656,179.660400390625,81.24569702148438,99.52369689941406
295.9732971191406,179.33779907226562,104.27999877929688,94.34159851074219
291.48388671875,179.81790161132812,94.70259857177734,106.57350158691406
303.35430908203125,190.12669372558594,80.33470153808594,97.3832015991211
286.993896484375,191.22369384765625,85.31670379638672,99.0927963256836
287.64019775390625,197.06370544433594,94.24369812011719,91.21929931640625
292.56561279296875,192.49400329589844,88.72699737548828,96.6488037109375
280.88128662109375,189.85659790039062,100.33830261230469,103.35990142822266
286.73541259765625,191.13519287109375,105.97239685058594,101.33319854736328
292.7005920410156,193.1273956298828,101.04019927978516,97.9834976196289
295.368896484375,182.4405059814453,100.75460052490234,95.66729736328125
312.08050537109375,176.90060424804688,85.2958984375,104.39920043945312
325.9827880859375,181.0803985595703,77.48030090332031,93.65989685058594
329.44940185546875,187.66070556640625,68.17169952392578,90.20770263671875
306.7831115722656,215.5115966796875,76.68990325927734,71.62300109863281
291.9710998535156,218.61549377441406,78.4541015625,65.94190216064453
291.7681884765625,209.25950622558594,74.67630004882812,76.83000183105469
293.33428955078125,208.3321990966797,83.6218032836914,81.28009796142578
290.8888854980469,204.70469665527344,86.75460052490234,86.72270202636719
272.69549560546875,213.5865020751953,88.05030059814453,80.77410125732422
249.02639770507812,208.08529663085938,74.30889892578125,90.10150146484375
236.6363983154297,206.88760375976562,57.519901275634766,93.3501968383789
217.83920288085938,204.15109252929688,63.47359848022461,88.28410339355469
191.9364013671875,198.9792022705078,77.8333969116211,84.92990112304688
173.7362060546875,197.8975067138672,95.7761001586914,82.80370330810547
167.25540161132812,194.6143035888672,103.96890258789062,83.03479766845703
180.44549560546875,195.74630737304688,105.18190002441406,72.08679962158203
206.4779052734375,189.798095703125,92.31159973144531,77.54319763183594
231.86770629882812,180.83859252929688,80.11360168457031,79.53910064697266
268.36260986328125,175.8166961669922,68.19080352783203,93.17530059814453
299.7237854003906,173.17550659179688,54.04930114746094,93.93280029296875
318.04681396484375,177.220703125,59.585601806640625,91.54959869384766
339.51348876953125,177.8415985107422,60.364498138427734,86.0259017944336
376.1932067871094,178.99569702148438,71.20919799804688,65.09040069580078
352.7491149902344,174.13900756835938,57.55759811401367,67.18730163574219
371.7701110839844,173.46299743652344,59.35390090942383,71.62259674072266
394.08221435546875,169.51910400390625,46.155399322509766,79.18340301513672
395.98199462890625,163.55650329589844,44.88890075683594,68.4813003540039
385.56561279296875,161.5673065185547,50.79610061645508,64.95330047607422
374.6897888183594,165.23399353027344,46.7495002746582,63.115699768066406
372.0343017578125,160.3105010986328,44.27989959716797,66.01969909667969
350.34051513671875,152.23379516601562,44.689701080322266,59.76060104370117
349.8494873046875,152.8863067626953,42.22600173950195,54.2484016418457
344.52069091796875,156.18170166015625,47.14179992675781,48.82600021362305
334.3486022949219,159.218505859375,49.077301025390625,55.91809844970703
326.9100036621094,165.64990234375,46.32550048828125,55.228599548339844
317.40728759765625,165.06939697265625,43.77239990234375,54.93360137939453
301.047607421875,158.2834930419922,42.634700775146484,58.599700927734375
279.67059326171875,147.41529846191406,49.84479904174805,60.63690185546875
260.4219055175781,152.8574981689453,54.10089874267578,54.17100143432617
253.0742950439453,158.07090759277344,66.61499786376953,56.48320007324219
236.30409240722656,164.25030517578125,78.45819854736328,51.96110153198242
232.74920654296875,165.89830017089844,76.49120330810547,52.333099365234375
238.18910217285156,168.25399780273438,78.63790130615234,55.44889831542969
249.39869689941406,170.8011016845703,80.08319854736328,55.51300048828125
275.55828857421875,169.42889404296875,73.11209869384766,58.569801330566406
295.7703857421875,170.5048065185547,57.25210189819336,55.649200439453125
300.5718994140625,172.64199829101562,62.392601013183594,56.6870002746582
308.8581848144531,171.87789916992188,59.72829818725586,54.57780075073242
311.3940124511719,171.7366943359375,57.92890167236328,51.14699935913086
316.0726013183594,168.30149841308594,53.810699462890625,52.559600830078125
312.2909851074219,160.37640380859375,55.38840103149414,62.482200622558594
307.9577941894531,160.9250030517578,67.62779998779297,61.762298583984375
304.21270751953125,157.03550720214844,74.02040100097656,65.18360137939453
310.7167053222656,160.28550720214844,58.05379867553711,67.1510009765625
312.6117858886719,167.07339477539062,52.5432014465332,60.53860092163086
317.31060791015625,169.5634002685547,47.809898376464844,56.07460021972656
324.6883850097656,171.906494140625,40.21419906616211,47.54759979248047
330.8349914550781,166.26480102539062,41.27510070800781,53.477699279785156
340.9220886230469,165.60079956054688,38.64059829711914,54.184200286865234
337.42340087890625,163.04640197753906,37.33140182495117,60.90449905395508
322.2080078125,156.15179443359375,43.019500732421875,68.33090209960938
320.4132995605469,153.06820678710938,52.88180160522461,65.5792007446289
324.4020080566406,151.14669799804688,45.55590057373047,68.05349731445312
330.4383850097656,149.14259338378906,38.28630065917969,63.86050033569336
338.05218505859375,147.36000061035156,29.929100036621094,61.83209991455078
329.3464050292969,150.62530517578125,41.764400482177734,63.05860137939453
332.5227966308594,153.14039611816406,41.15230178833008,55.688899993896484
324.1028137207031,159.3489990234375,48.14250183105469,60.86119842529297
324.6164855957031,161.9241943359375,51.36289978027344,52.55419921875
313.0495910644531,164.48779296875,44.9656982421875,49.51969909667969
313.9598083496094,167.4477996826172,39.30509948730469,46.24089813232422
314.5627136230469,158.04510498046875,34.503299713134766,49.80030059814453
329.00360107421875,144.53750610351562,39.5890998840332,50.36640167236328
325.2655944824219,140.5435028076172,44.60660171508789,49.237701416015625
310.78680419921875,147.92550659179688,53.39910125732422,48.92789840698242
311.88018798828125,148.95159912109375,55.73429870605469,48.99480056762695
309.0232849121094,149.7174072265625,55.54600143432617,53.746700286865234
291.42059326171875,150.80340576171875,64.597900390625,51.622100830078125
274.1689147949219,149.19850158691406,64.97370147705078,52.71549987792969
256.03851318359375,142.8704071044922,61.744300842285156,50.10329818725586
243.05909729003906,142.37550354003906,53.31340026855469,45.590301513671875
227.65049743652344,139.14830017089844,56.36909866333008,48.46229934692383
210.78680419921875,140.55870056152344,58.40719985961914,55.38520050048828
203.70249938964844,136.19509887695312,66.18099975585938,51.06489944458008
200.85060119628906,129.3831024169922,74.05879974365234,49.374698638916016
183.72470092773438,124.0009994506836,69.56610107421875,55.374000549316406
208.63499450683594,138.28570556640625,69.5281982421875,55.750999450683594
228.01829528808594,142.41380310058594,50.59489822387695,54.41429901123047
229.81629943847656,138.40370178222656,44.35919952392578,51.17850112915039
194.96449279785156,137.3282928466797,42.21580123901367,53.50310134887695
214.62229919433594,135.69129943847656,48.51390075683594,60.79909896850586
233.84869384765625,143.44630432128906,40.618499755859375,65.19860076904297
244.41709899902344,145.17120361328125,43.3401985168457,66.52169799804688
256.85198974609375,149.99960327148438,53.27799987792969,59.62220001220703
267.9458923339844,151.4272003173828,64.65570068359375,61.42369842529297
276.5473937988281,146.8740997314453,69.05470275878906,60.83679962158203
275.6542053222656,136.95440673828125,78.81220245361328,69.17729949951172
297.24249267578125,126.32260131835938,66.86080169677734,79.4292984008789
327.1512145996094,123.49549865722656,67.6010971069336,90.70600128173828
359.8031921386719,132.45339965820312,58.682899475097656,98.07279968261719
381.5093994140625,150.38510131835938,62.445899963378906,89.59559631347656
390.63580322265625,168.95379638671875,65.7667007446289,94.54039764404297
389.67950439453125,178.49549865722656,66.85269927978516,83.83419799804688
387.9660949707031,172.33749389648438,68.62120056152344,82.77890014648438
381.59368896484375,153.29469299316406,77.41709899902344,92.65499877929688
363.6784973144531,143.2154998779297,84.36170196533203,91.82209777832031
335.9381103515625,134.39559936523438,78.60910034179688,98.37220001220703
313.8092041015625,123.3927993774414,78.69300079345703,116.76329803466797
311.006103515625,121.9354019165039,95.15080261230469,107.7238998413086
307.25360107421875,126.85030364990234,106.10449981689453,95.35579681396484
296.6715087890625,127.32980346679688,117.73600006103516,85.31079864501953
256.4302978515625,125.62229919433594,116.331298828125,92.8104019165039
239.95849609375,118.50479888916016,87.29550170898438,101.15630340576172
215.45419311523438,109.22540283203125,105.63760375976562,102.42109680175781
174.49679565429688,110.44020080566406,90.24430084228516,100.47000122070312
136.3218994140625,129.70790100097656,104.57630157470703,86.3053970336914
108.24710083007812,155.95919799804688,108.9552001953125,72.63569641113281
43.76559829711914,144.94430541992188,110.38510131835938,86.8469009399414
133.835693359375,146.49600219726562,84.91390228271484,89.57230377197266
139.81509399414062,130.05230712890625,78.79609680175781,92.21720123291016
144.20399475097656,110.01629638671875,78.38839721679688,96.322998046875
81.4188003540039,93.88780212402344,73.08429718017578,93.20709991455078
106.58589935302734,101.96320343017578,76.88929748535156,82.66950225830078
128.43930053710938,91.2791976928711,89.20939636230469,72.55149841308594
169.25579833984375,67.51000213623047,108.97090148925781,70.22319793701172
207.72210693359375,43.04880142211914,116.33650207519531,78.3948974609375
