1
m423,162,73,78,0,5694
m433,162,58,87,0,5046
m450,163,35,89,0,3115
m445,163,41,91,0,3731
m436,163,65,88,0,5720
m432,164,73,83,0,6059
m434,163,63,82,0,5166
m442,161,57,82,0,4674
m461,162,36,88,0,3168
m447,160,68,88,0,5984
m442,160,76,85,0,6460
m442,160,70,82,0,5740
m457,158,53,89,0,4717
m372,169,48,83,0,3984
m453,157,58,94,0,5452
m442,155,75,88,0,6600
m438,154,76,87,0,6612
m447,152,58,83,0,4814
m454,151,45,89,0,4005
m458,151,36,94,0,3384
m447,152,64,91,0,5824
m440,153,75,86,0,6450
m438,154,70,85,0,5950
m443,155,60,93,0,5580
m454,159,36,91,0,3276
m443,159,57,96,0,5472
m442,159,62,93,0,5766
m428,159,73,91,0,6643
m433,161,52,86,0,4472
m436,161,40,94,0,3760
m437,160,35,96,0,3360
m432,160,50,98,0,4900
m404,164,72,86,0,6192
m404,162,62,90,0,5580
m413,162,45,95,0,4275
m412,161,37,100,0,3700
m400,160,57,96,0,5472
m394,160,66,90,0,5940
m394,163,58,84,0,4872
m399,163,47,85,0,3995
m403,159,36,95,0,3420
m399,160,51,95,0,4845
m390,161,69,90,0,6210
m388,159,74,88,0,6512
m399,160,54,88,0,4752
m401,159,49,92,0,4508
m407,161,38,96,0,3648
m396,161,58,93,0,5394
m389,163,67,86,0,5762
m391,164,64,84,0,5376
m393,162,53,89,0,4717
m401,161,40,99,0,3960
m396,160,50,99,0,4950
m385,161,62,95,0,5890
m375,161,74,91,0,6734
m379,162,54,88,0,4752
m388,160,41,95,0,3895
m384,157,41,100,0,4100
m379,156,51,94,0,4794
m368,159,60,88,0,5280
m372,158,50,88,0,4400
m375,158,44,91,0,4004
m375,156,37,96,0,3552
m372,156,51,94,0,4794
m356,160,70,85,0,5950
m357,159,62,81,0,5022
m371,158,43,84,0,3612
m370,152,34,97,0,3298
m369,152,37,99,0,3663
m357,152,50,91,0,4550
m361,148,43,88,0,3784
m357,150,47,86,0,4042
m353,151,55,89,0,4895
m354,146,45,98,0,4410
m353,148,55,91,0,5005
m350,148,58,86,0,4988
m348,152,59,81,0,4779
m352,147,50,88,0,4400
m359,145,36,97,0,3492
m355,143,43,95,0,4085
m352,142,47,92,0,4324
m354,140,43,91,0,3913
m358,144,35,91,0,3185
m357,142,33,97,0,3201
m350,141,48,98,0,4704
m339,141,57,92,0,5244
m332,143,58,86,0,4988
m339,142,45,90,0,4050
m347,139,30,96,0,2880
m341,142,35,96,0,3360
m334,144,46,88,0,4048
m332,144,43,80,0,3440
m334,142,36,86,0,3096
m336,143,32,87,0,2784
m336,143,32,90,0,2880
m328,144,49,85,0,4165
m322,144,52,79,0,4108
m321,145,52,77,0,4004
m326,144,43,84,0,3612
m335,144,28,90,0,2520
m331,144,34,88,0,2992
m328,144,39,85,0,3315
m325,145,42,81,0,3402
m331,145,31,85,0,2635
m331,145,29,89,0,2581
m328,145,38,86,0,3268
m319,146,47,82,0,3854
m313,147,49,76,0,3724
m319,146,36,83,0,2988
m326,147,29,86,0,2494
m322,146,31,87,0,2697
m317,146,35,83,0,2905
m313,146,40,80,0,3200
m313,145,38,79,0,3002
m320,146,30,84,0,2520
m320,144,29,88,0,2552
m321,145,31,87,0,2697
m310,145,45,82,0,3690
m307,144,44,81,0,3564
m317,144,34,87,0,2958
m318,145,32,87,0,2784
m320,145,29,88,0,2552
m315,145,38,82,0,3116
m313,146,37,75,0,2775
m312,146,38,76,0,2888
m320,146,31,81,0,2511
m319,146,34,85,0,2890
m311,148,46,79,0,3634
m307,148,47,75,0,3525
m312,148,39,78,0,3042
m318,149,31,80,0,2480
m320,147,30,83,0,2490
m320,148,32,79,0,2528
m318,146,37,78,0,2886
m319,148,38,73,0,2774
m322,148,36,76,0,2736
m330,149,29,79,0,2291
m331,150,32,79,0,2528
m324,149,40,74,0,2960
m322,149,43,72,0,3096
m327,150,37,74,0,2738
m334,152,30,77,0,2310
m331,152,33,79,0,2607
m329,151,37,77,0,2849
m330,150,35,73,0,2555
m331,150,36,76,0,2736
m333,151,30,76,0,2280
m330,150,31,77,0,2387
m329,150,35,78,0,2730
m320,150,41,72,0,2952
m323,152,36,72,0,2592
m330,151,28,77,0,2156
m324,151,33,78,0,2574
m322,149,38,75,0,2850
m324,149,36,72,0,2592
m323,149,39,72,0,2808
m330,149,34,73,0,2482
m330,150,30,76,0,2280
m329,152,34,73,0,2482
m323,152,38,71,0,2698
m319,153,42,68,0,2856
m324,152,34,73,0,2482
m327,153,33,73,0,2409
m327,152,31,75,0,2325
m321,151,38,73,0,2774
m322,150,39,70,0,2730
m321,151,38,70,0,2660
m325,152,33,72,0,2376
m323,156,31,72,0,2232
m323,157,32,70,0,2240
m321,157,34,67,0,2278
m317,155,41,70,0,2870
m323,158,30,71,0,2130
m323,159,31,71,0,2201
m319,159,36,72,0,2592
m320,159,37,70,0,2590
m325,159,36,69,0,2484
m325,160,33,70,0,2310
m327,163,28,69,0,1932
m324,165,31,70,0,2170
m321,165,35,68,0,2380
m257,171,95,61,0,5795
m316,158,42,75,0,3150
m322,158,31,78,0,2418
m325,160,31,77,0,2387
m322,164,32,73,0,2336
m321,166,33,67,0,2211
m326,166,28,63,0,1764
m326,167,28,63,0,1764
m326,167,28,64,0,1792
m326,166,30,66,0,1980
m323,166,35,67,0,2345
m314,165,47,65,0,3055
m311,159,52,69,0,3588
m316,165,47,63,0,2961
m327,167,41,60,0,2460
m330,165,35,62,0,2170
m329,166,34,58,0,1972
m330,165,32,57,0,1824
m329,167,31,55,0,1705
