1
182.69329833984375,57.93479919433594,61.18299865722656,36.93220138549805
184.4842987060547,56.927398681640625,58.879600524902344,38.55400085449219
185.90139770507812,56.00130081176758,56.03120040893555,38.61470031738281
187.03599548339844,54.370201110839844,56.24480056762695,40.58829879760742
190.0970001220703,53.3922004699707,53.25899887084961,41.466400146484375
191.66189575195312,52.37260055541992,53.40589904785156,42.47159957885742
194.42869567871094,51.86220169067383,51.616798400878906,42.19770050048828
195.29530334472656,51.417301177978516,52.43040084838867,41.94860076904297
195.69189453125,48.86750030517578,51.8114013671875,45.50979995727539
197.74740600585938,49.363800048828125,51.58169937133789,43.82389831542969
198.5426025390625,48.95320129394531,51.78519821166992,43.1151008605957
200.9949951171875,48.12689971923828,50.07149887084961,43.85300064086914
201.62539672851562,47.26839828491211,47.995201110839844,44.2505989074707
203.31390380859375,47.74869918823242,42.200599670410156,42.43980026245117
203.9375,47.40869903564453,39.247100830078125,44.336700439453125
203.7093963623047,48.226200103759766,40.61989974975586,43.39540100097656
204.93710327148438,48.189701080322266,38.42539978027344,41.786598205566406
205.60330200195312,47.44449996948242,41.086299896240234,42.35559844970703
206.01699829101562,46.96229934692383,36.938899993896484,42.94710159301758
205.83090209960938,47.324798583984375,41.569000244140625,43.500099182128906
206.9250946044922,47.70610046386719,35.672401428222656,43.21870040893555
206.95660400390625,48.09299850463867,34.78200149536133,43.13169860839844
208.0561981201172,47.43470001220703,33.043800354003906,44.21820068359375
209.33949279785156,47.469600677490234,32.473201751708984,44.665000915527344
209.7657012939453,47.04249954223633,33.131500244140625,45.35300064086914
209.3238067626953,46.307498931884766,36.74300003051758,45.49530029296875
209.6707000732422,47.01850128173828,38.87179946899414,44.72829818725586
209.99490356445312,47.4099006652832,38.44020080566406,44.04100036621094
210.6053924560547,47.81050109863281,39.2057991027832,45.009300231933594
212.1029052734375,47.63840103149414,38.550201416015625,44.2150993347168
212.84860229492188,48.722999572753906,40.15570068359375,42.058998107910156
214.31190490722656,47.766700744628906,38.366600036621094,43.55590057373047
215.23399353027344,47.08789825439453,37.60200119018555,43.089599609375
216.22079467773438,48.25090026855469,38.37089920043945,41.684200286865234
217.56939697265625,47.08869934082031,39.972801208496094,43.336299896240234
219.4927978515625,45.59510040283203,39.84159851074219,45.1328010559082
221.42630004882812,47.72809982299805,39.71879959106445,41.62900161743164
223.0106964111328,45.45930099487305,38.308101654052734,44.80059814453125
223.69970703125,46.724998474121094,36.06990051269531,42.50669860839844
223.51040649414062,46.155799865722656,37.29010009765625,43.194698333740234
223.66690063476562,47.012901306152344,37.24919891357422,41.358001708984375
224.47120666503906,46.808998107910156,34.965999603271484,41.21329879760742
225.03070068359375,47.2864990234375,33.9380989074707,39.23939895629883
225.19239807128906,45.0703010559082,34.07929992675781,40.54280090332031
224.27330017089844,43.125301361083984,34.477298736572266,43.0447998046875
224.26390075683594,42.10169982910156,34.681400299072266,42.77289962768555
223.14039611816406,40.82389831542969,36.634498596191406,44.480499267578125
220.80369567871094,40.07849884033203,39.72669982910156,43.859901428222656
221.1331024169922,38.929100036621094,39.15140151977539,43.65510177612305
220.99859619140625,37.193199157714844,38.479400634765625,45.5713996887207
219.49420166015625,37.016300201416016,40.788700103759766,43.03960037231445
220.3289031982422,34.99330139160156,38.484500885009766,42.78129959106445
219.1436004638672,33.68330001831055,38.02579879760742,42.11989974975586
218.96820068359375,31.9955997467041,35.21500015258789,40.93199920654297
218.39720153808594,29.934600830078125,34.29209899902344,41.29899978637695
217.97630310058594,27.273300170898438,32.63629913330078,45.43450164794922
216.8450927734375,24.79829978942871,33.188899993896484,49.923301696777344
215.714599609375,24.03700065612793,33.53390121459961,49.411399841308594
215.66419982910156,22.682600021362305,39.09149932861328,52.7859001159668
215.2761993408203,19.80929946899414,44.85960006713867,58.35710144042969
214.35940551757812,10.76830005645752,52.67580032348633,62.131099700927734
214.58639526367188,12.094599723815918,55.120201110839844,61.64889907836914
214.73280334472656,10.253700256347656,49.983299255371094,64.91500091552734
215.6403045654297,14.753600120544434,48.6796989440918,59.04779815673828
215.4696044921875,13.438400268554688,51.912200927734375,57.878299713134766
216.2790069580078,6.698699951171875,56.46659851074219,62.56420135498047
209.07269287109375,5.232800006866455,54.19540023803711,62.72909927368164
215.1800994873047,0.7466999888420105,57.58720016479492,64.51090240478516
217.06700134277344,0.4580000042915344,55.96220016479492,65.40370178222656
216.73680114746094,0.5562000274658203,51.52399826049805,64.81649780273438
219.82090759277344,-0.3402000069618225,50.89339828491211,65.00469970703125
218.40249633789062,-0.48080000281333923,59.86040115356445,59.43920135498047
210.54629516601562,0.43220001459121704,58.40370178222656,57.534000396728516
220.4329071044922,1.6232000589370728,52.43579864501953,56.807098388671875
221.44940185546875,-0.3587000072002411,53.5703010559082,54.72880172729492
215.55479431152344,0.41290000081062317,55.546199798583984,51.108699798583984
222.9219970703125,1.6936999559402466,51.15330123901367,48.6879997253418
216.3159942626953,1.2407000064849854,53.25320053100586,46.842201232910156
225.05889892578125,1.7655999660491943,49.66189956665039,45.21369934082031
222.85260009765625,1.1892000436782837,42.520599365234375,43.604698181152344
227.33399963378906,-0.44350001215934753,45.510799407958984,50.75559997558594
227.6013946533203,1.3446999788284302,44.82120132446289,47.812801361083984
228.56520080566406,-0.2793000042438507,49.65800094604492,49.4379997253418
231.69869995117188,-0.14249999821186066,42.66230010986328,49.678199768066406
232.4510040283203,1.5022000074386597,46.90079879760742,45.22930145263672
233.88189697265625,1.632099986076355,43.236000061035156,48.98749923706055
235.00259399414062,2.876800060272217,40.977500915527344,49.3931999206543
236.94970703125,4.224299907684326,40.75490188598633,45.96480178833008
234.70919799804688,11.441800117492676,45.206199645996094,51.699798583984375
238.24090576171875,5.88730001449585,40.44919967651367,53.66350173950195
238.24290466308594,4.928400039672852,44.8129997253418,54.852500915527344
236.24020385742188,5.490900039672852,49.52470016479492,60.470001220703125
240.81759643554688,0.20360000431537628,44.423500061035156,51.14390182495117
240.17759704589844,4.418000221252441,46.74620056152344,43.84410095214844
237.1999969482422,5.076700210571289,52.74639892578125,35.84280014038086
236.52520751953125,4.26609992980957,55.04169845581055,34.64759826660156
237.18519592285156,3.777899980545044,53.789398193359375,36.03969955444336
237.16909790039062,6.018099784851074,56.27119827270508,30.576900482177734
233.21009826660156,3.4941999912261963,58.81549835205078,35.08219909667969
240.4532012939453,-1.0128999948501587,52.202598571777344,42.791500091552734
240.12750244140625,-1.2157000303268433,55.618099212646484,37.57600021362305
240.35130310058594,-0.875,54.8578987121582,36.52050018310547
241.32139587402344,-2.474100112915039,52.15510177612305,37.744300842285156
240.57640075683594,2.5843000411987305,52.52579879760742,28.537200927734375
238.8802947998047,1.9493000507354736,55.24470138549805,29.611000061035156
238.5386962890625,2.4333999156951904,54.01689910888672,27.884899139404297
241.80160522460938,0.48489999771118164,51.081600189208984,32.29059982299805
241.78860473632812,1.517799973487854,51.518001556396484,29.175600051879883
238.9239044189453,1.1729999780654907,54.44350051879883,27.890600204467773
240.59779357910156,0.7630000114440918,53.601200103759766,29.286399841308594
242.33340454101562,0.7504000067710876,49.95280075073242,28.70159912109375
241.84060668945312,1.0676000118255615,51.160099029541016,27.07029914855957
241.2816925048828,1.501099944114685,49.856300354003906,28.058500289916992
241.12840270996094,0.4690000116825104,49.89310073852539,29.630699157714844
240.4615936279297,1.1782000064849854,51.0635986328125,27.0487003326416
236.9691925048828,1.2002999782562256,53.7328987121582,28.32229995727539
233.37570190429688,0.6068000197410583,53.95909881591797,30.502599716186523
234.02960205078125,-1.0641000270843506,53.070899963378906,30.054399490356445
230.6417999267578,0.2711000144481659,55.300498962402344,31.10379981994629
232.97210693359375,0.9959999918937683,50.789398193359375,27.917699813842773
236.34629821777344,-0.2565000057220459,46.19779968261719,31.197599411010742
234.43919372558594,-1.2648999691009521,47.189701080322266,32.413700103759766
232.20590209960938,-1.0485999584197998,48.47060012817383,36.266700744628906
230.95700073242188,0.05090000107884407,48.99660110473633,31.12619972229004
227.85629272460938,0.5121999979019165,50.58940124511719,31.676700592041016
223.9683074951172,1.583299994468689,54.412200927734375,31.28569984436035
229.0447998046875,0.7706999778747559,46.98820114135742,29.952600479125977
227.64700317382812,-0.06129999831318855,49.26259994506836,32.603599548339844
225.72369384765625,0.11299999803304672,50.650001525878906,32.10200119018555
224.17840576171875,1.4707000255584717,52.570701599121094,29.523300170898438
223.17909240722656,0.30469998717308044,54.28129959106445,33.310298919677734
223.2454071044922,1.5458999872207642,53.50920104980469,31.443199157714844
222.7790069580078,1.5708999633789062,54.526798248291016,34.29290008544922
223.95809936523438,1.3865000009536743,52.65510177612305,35.17399978637695
221.56930541992188,1.8513000011444092,53.74100112915039,37.410499572753906
221.031005859375,5.152500152587891,54.430198669433594,34.74689865112305
220.7947998046875,4.064899921417236,54.950599670410156,39.187801361083984
219.8583984375,5.342599868774414,56.88249969482422,38.24100112915039
219.62429809570312,7.828400135040283,59.2494010925293,37.51940155029297
222.76040649414062,9.952500343322754,53.833099365234375,33.237998962402344
220.58450317382812,11.622900009155273,56.44540023803711,37.13240051269531
221.0186004638672,10.499799728393555,57.31719970703125,36.87229919433594
218.404296875,6.703000068664551,61.740299224853516,41.881900787353516
219.39430236816406,2.8863000869750977,60.922698974609375,46.87070083618164
218.93499755859375,1.335800051689148,60.807701110839844,48.92599868774414
218.32870483398438,1.0377999544143677,64.16429901123047,42.943199157714844
218.84469604492188,1.6863000392913818,59.210899353027344,45.14929962158203
216.9925994873047,1.4607000350952148,61.82529830932617,42.531700134277344
215.35330200195312,0.5210000276565552,60.25630187988281,47.23569869995117
213.43280029296875,1.2026000022888184,62.49610137939453,41.86970138549805
210.07699584960938,1.1095000505447388,67.89129638671875,47.223899841308594
208.74839782714844,0.5490999817848206,67.0365982055664,47.09370040893555
210.24229431152344,-1.6051000356674194,61.84000015258789,51.73970031738281
211.5970001220703,-1.7994999885559082,55.7943000793457,53.67190170288086
210.3778076171875,0.2736999988555908,54.68629837036133,53.786800384521484
207.36740112304688,1.217900037765503,56.966400146484375,52.722900390625
208.7657928466797,3.374799966812134,53.73970031738281,51.808101654052734
205.9676055908203,1.884600043296814,56.962799072265625,51.60609817504883
204.56239318847656,2.833899974822998,56.93960189819336,54.2869987487793
201.78729248046875,4.57919979095459,56.558799743652344,53.63290023803711
200.32989501953125,3.215100049972534,63.47460174560547,59.52320098876953
196.39039611816406,2.108799934387207,73.37560272216797,57.81949996948242
181.07699584960938,3.3487000465393066,82.92459869384766,54.063899993896484
192.53970336914062,2.198199987411499,78.19650268554688,48.617401123046875
189.4709930419922,7.357800006866455,66.7428970336914,56.88880157470703
194.68670654296875,1.559999942779541,64.84149932861328,62.072601318359375
190.3498992919922,1.152899980545044,71.90950012207031,64.24400329589844
188.7821044921875,1.7279000282287598,68.625,66.20809936523438
187.13819885253906,1.19159996509552,70.4551010131836,65.27539825439453
183.78370666503906,1.3310999870300293,67.1134033203125,67.24120330810547
182.3527069091797,0.5892999768257141,69.71530151367188,68.30899810791016
180.61529541015625,2.017199993133545,70.86759948730469,64.10700225830078
181.4237060546875,2.141700029373169,66.73210144042969,65.69840240478516
177.05059814453125,1.357699990272522,75.40080261230469,58.44340133666992
179.4864959716797,2.5239999294281006,72.92759704589844,62.51259994506836
179.30340576171875,3.706199884414673,65.29419708251953,62.11410140991211
176.61529541015625,-1.4981000423431396,69.91079711914062,71.35929870605469
175.22340393066406,0.3513999879360199,66.2219009399414,73.39759826660156
171.5872039794922,0.9318000078201294,66.83290100097656,71.24440002441406
168.5760955810547,0.5834000110626221,69.7437973022461,70.17919921875
166.2855987548828,2.6786999702453613,67.78959655761719,71.20179748535156
163.77139282226562,2.315200090408325,65.81849670410156,74.81819915771484
161.77149963378906,1.3776999711990356,64.54280090332031,73.58809661865234
161.7386016845703,-1.8523999452590942,56.684600830078125,76.99870300292969
159.78810119628906,-0.8557999730110168,55.35919952392578,76.9291000366211
157.80909729003906,-0.17880000174045563,61.93069839477539,73.67400360107422
158.3480987548828,-2.3443000316619873,59.22570037841797,77.3218002319336
155.43069458007812,-2.771399974822998,62.77439880371094,74.64700317382812
153.84970092773438,-2.4196999073028564,60.16889953613281,74.19539642333984
156.03700256347656,-1.24590003490448,62.10409927368164,69.20950317382812
153.39720153808594,-1.5508999824523926,61.261199951171875,71.81490325927734
151.54249572753906,-2.964200019836426,64.70379638671875,72.54789733886719
154.102294921875,-0.9362999796867371,59.71780014038086,73.19750213623047
147.9611053466797,-3.033099889755249,64.55229949951172,72.79429626464844
141.04409790039062,0.052299998700618744,72.17669677734375,69.1343994140625
142.4049072265625,0.00139999995008111,70.78209686279297,67.01930236816406
142.93490600585938,0.1860000044107437,70.27749633789062,65.43309783935547
143.41639709472656,0.9664999842643738,73.44670104980469,65.08670043945312
149.42759704589844,4.098899841308594,61.12030029296875,60.56629943847656
154.6605987548828,5.6356000900268555,53.583499908447266,61.20320129394531
158.70590209960938,5.5879998207092285,49.273101806640625,63.87810134887695
156.29750061035156,5.535699844360352,53.61589813232422,61.252601623535156
155.8614044189453,4.300899982452393,52.92839813232422,61.553199768066406
151.73829650878906,3.402600049972534,58.29610061645508,58.73249816894531
151.97129821777344,4.482699871063232,56.03020095825195,59.160400390625
155.07249450683594,1.7035000324249268,53.3489990234375,61.713600158691406
156.67300415039062,0.5573999881744385,52.28070068359375,62.28609848022461
156.97349548339844,2.434299945831299,54.88819885253906,64.07830047607422
158.7781982421875,-0.3278000056743622,56.1682014465332,68.54630279541016
158.62060546875,1.5435999631881714,66.77899932861328,67.91960144042969
163.59930419921875,1.7381000518798828,64.30789947509766,69.00630187988281
166.3199005126953,3.328000068664551,66.90950012207031,70.90660095214844
169.5727996826172,1.4545999765396118,72.35089874267578,68.61940002441406
171.48939514160156,4.062699794769287,73.01139831542969,70.70860290527344
177.7541046142578,4.415299892425537,71.05020141601562,76.37110137939453
176.60189819335938,1.6330000162124634,79.50499725341797,78.61260223388672
180.39089965820312,0.29350000619888306,85.77649688720703,82.0197982788086
185.70050048828125,2.711899995803833,87.86060333251953,78.95010375976562
193.93060302734375,1.6917999982833862,83.57540130615234,83.48780059814453
197.6071014404297,0.019200000911951065,85.4552001953125,86.0479965209961
205.2635040283203,1.795300006866455,77.91449737548828,83.18489837646484
211.6439971923828,0.3700000047683716,79.06809997558594,84.14720153808594
214.64480590820312,1.9867000579833984,82.40869903564453,81.15010070800781
219.66220092773438,1.5119999647140503,76.02189636230469,81.85220336914062
222.8126983642578,1.5227999687194824,82.26200103759766,81.40699768066406
226.16859436035156,2.3664000034332275,76.60759735107422,83.60169982910156
228.85879516601562,2.376300096511841,80.71839904785156,79.07319641113281
232.79660034179688,2.743499994277954,73.92639923095703,80.11129760742188
233.02980041503906,1.4610999822616577,74.68949890136719,82.58219909667969
233.8708038330078,3.145699977874756,72.033203125,80.49310302734375
234.0467987060547,0.3718999922275543,78.37899780273438,85.62470245361328
233.65570068359375,1.468400001525879,77.25199890136719,80.39219665527344
235.0261993408203,1.6521999835968018,78.52010345458984,79.9740982055664
233.67860412597656,-0.125,85.36710357666016,80.443603515625
237.59300231933594,2.6308000087738037,75.86519622802734,76.36229705810547
236.78359985351562,0.5194000005722046,81.98380279541016,75.29720306396484
239.95620727539062,2.6916000843048096,73.87370300292969,79.5009994506836
240.39120483398438,-1.4264999628067017,70.3281021118164,86.9480972290039
240.53379821777344,-1.9282000064849854,70.31520080566406,86.6073989868164
239.65789794921875,-2.089200019836426,73.7593994140625,84.01699829101562
239.5565948486328,-0.16429999470710754,74.58260345458984,79.83470153808594
240.28390502929688,-1.2244999408721924,75.243896484375,81.54319763183594
241.9257049560547,-0.5260999798774719,71.28199768066406,81.9365005493164
239.21229553222656,-3.4832000732421875,80.5927963256836,78.24479675292969
241.80670166015625,-0.09809999912977219,75.24600219726562,82.26930236816406
238.62840270996094,-2.0876998901367188,80.22149658203125,78.63670349121094
239.90179443359375,0.30070000886917114,82.37470245361328,76.97779846191406
240.35780334472656,1.1576000452041626,82.14710235595703,75.31909942626953
244.30369567871094,1.7098000049591064,79.04129791259766,77.80239868164062
246.92880249023438,-0.3197000026702881,77.11949920654297,79.37889862060547
246.25619506835938,0.12409999966621399,78.81279754638672,80.96620178222656
250.45849609375,-0.7990000247955322,75.54519653320312,79.0322036743164
253.07760620117188,0.310699999332428,71.51920318603516,81.98040008544922
253.19439697265625,0.5095000267028809,73.3093032836914,81.77059936523438
255.8695068359375,0.45190000534057617,70.4979019165039,81.07209777832031
257.7973937988281,1.124400019645691,70.68579864501953,83.45369720458984
259.4147033691406,-0.4041000008583069,71.0022964477539,87.41790008544922
258.63299560546875,-0.3434000015258789,74.91840362548828,85.93180084228516
263.80780029296875,2.2086000442504883,66.61109924316406,83.7477035522461
265.01458740234375,1.6267999410629272,69.68769836425781,82.75599670410156
263.50750732421875,-0.9178000092506409,71.46430206298828,85.8406982421875
263.85479736328125,-1.4972000122070312,71.56849670410156,85.55840301513672
265.31768798828125,-2.386399984359741,72.42870330810547,89.15689849853516
265.2427062988281,-3.315999984741211,76.28829956054688,84.9541015625
268.8204040527344,1.651900053024292,71.46720123291016,80.6875
269.73760986328125,-0.9793000221252441,79.46269989013672,79.61180114746094
273.5090026855469,0.5335999727249146,75.8135986328125,80.52660369873047
276.89190673828125,-2.38700008392334,72.38909912109375,85.25379943847656
278.6582946777344,0.9017999768257141,75.19779968261719,82.8949966430664
281.6108093261719,0.9884999990463257,78.72779846191406,81.14189910888672
284.8161926269531,-0.5641000270843506,78.21530151367188,86.01210021972656
286.4366149902344,-1.7877999544143677,79.68589782714844,88.20099639892578
294.0763854980469,-2.075000047683716,72.62470245361328,87.06390380859375
294.6402893066406,-3.503000020980835,75.71040344238281,90.69280242919922
295.92779541015625,-3.2841999530792236,77.99150085449219,87.07949829101562
298.4082946777344,-0.46869999170303345,77.74359893798828,92.51730346679688
300.1142883300781,-2.3187999725341797,85.26950073242188,84.54429626464844
302.9336853027344,0.5091000199317932,82.00779724121094,88.42649841308594
304.68280029296875,-2.0606000423431396,86.44999694824219,85.17150115966797
309.7392883300781,0.5539000034332275,79.00499725341797,91.06639862060547
313.2478942871094,-1.662600040435791,77.6698989868164,89.31829833984375
314.6568908691406,-3.1575000286102295,78.53929901123047,87.86199951171875
318.8540954589844,-2.1278998851776123,77.22660064697266,88.09390258789062
321.46661376953125,-5.259500026702881,79.9697036743164,83.20939636230469
330.39678955078125,-0.12770000100135803,73.48979949951172,82.20659637451172
333.57940673828125,-2.239500045776367,68.90550231933594,82.25430297851562
340.6293029785156,-0.3244999945163727,60.35329818725586,79.62680053710938
344.58270263671875,2.7300000190734863,61.68560028076172,75.58560180664062
347.55560302734375,-0.4307999908924103,68.51480102539062,74.4583969116211
357.42840576171875,1.2303999662399292,61.13059997558594,70.70999908447266
364.5813903808594,-2.4576001167297363,55.48870086669922,75.23729705810547
367.8752136230469,-1.878499984741211,57.786800384521484,73.2874984741211
371.4446105957031,-2.061000108718872,59.98590087890625,71.75489807128906
376.90509033203125,0.11509999632835388,57.17380142211914,68.57430267333984
377.1918029785156,0.021199999377131462,64.8958969116211,62.492401123046875
378.4598083496094,2.904599905014038,81.19519805908203,57.14360046386719
377.8854064941406,2.820199966430664,82.95600128173828,57.99480056762695
379.28509521484375,1.780500054359436,81.51270294189453,62.532100677490234
380.4533996582031,2.599400043487549,82.82649993896484,60.669498443603516
382.3122863769531,2.4867000579833984,80.8478012084961,61.380001068115234
386.1337890625,3.7246999740600586,76.66590118408203,58.855201721191406
388.5679931640625,3.640399932861328,75.17639923095703,65.62969970703125
391.4360046386719,2.788599967956543,71.8594970703125,67.89790344238281
394.6802978515625,2.3315000534057617,68.64119720458984,69.32969665527344
393.8467102050781,1.8504999876022339,70.63420104980469,66.38580322265625
393.6849060058594,4.563399791717529,69.92729949951172,69.2061996459961
401.85528564453125,6.980000019073486,61.099300384521484,67.2020034790039
400.8096008300781,5.404600143432617,61.72209930419922,72.59770202636719
401.5732116699219,1.951300024986267,62.32830047607422,79.49009704589844
401.9552001953125,0.5644000172615051,61.47700119018555,86.28919982910156
400.5450134277344,0.9021999835968018,61.52859878540039,89.04650115966797
396.9927978515625,2.032900094985962,66.49800109863281,90.20429992675781
399.5992126464844,1.000499963760376,64.25849914550781,94.27980041503906
401.2673034667969,1.4187999963760376,60.59880065917969,95.70539855957031
396.8565979003906,2.837599992752075,67.04090118408203,92.78900146484375
