1
m345,157,65,168,0,10920
m346,156,67,169,0,11323
m348,157,66,168,0,11088
m351,157,66,170,0,11220
m355,157,65,169,0,10985
m357,158,67,170,0,11390
m361,158,66,169,0,11154
m362,158,68,171,0,11628
m367,158,67,171,0,11457
m371,158,66,170,0,11220
m375,157,65,168,0,10920
m378,157,64,169,0,10816
m381,158,64,170,0,10880
m384,158,63,171,0,10773
m384,158,63,170,0,10710
m387,157,62,170,0,10540
m388,158,63,167,0,10521
m389,159,64,166,0,10624
m389,159,67,167,0,11189
m389,160,70,167,0,11690
m390,160,71,166,0,11786
m388,164,75,162,0,12150
m388,161,78,166,0,12948
m390,164,81,162,0,13122
m390,167,84,160,0,13440
m390,170,87,157,0,13659
m388,170,93,157,0,14601
m391,169,94,156,0,14664
m396,166,95,160,0,15200
m398,163,93,162,0,15066
m402,163,91,160,0,14560
m407,162,88,161,0,14168
m413,161,82,162,0,13284
m419,158,78,165,0,12870
m421,156,76,167,0,12692
m423,154,73,169,0,12337
m425,154,76,170,0,12920
m425,154,76,170,0,12920
m425,154,75,171,0,12825
m426,155,72,172,0,12384
m426,153,71,173,0,12283
m426,153,71,173,0,12283
m423,152,71,173,0,12283
m422,153,71,174,0,12354
m419,152,72,175,0,12600
m416,153,72,176,0,12672
m414,153,72,177,0,12744
m412,151,70,178,0,12460
m410,153,71,175,0,12425
m406,152,71,177,0,12567
m405,153,68,176,0,11968
m401,154,69,172,0,11868
m399,154,68,170,0,11560
m395,153,70,171,0,11970
m392,153,70,170,0,11900
m391,152,70,172,0,12040
m388,152,71,173,0,12283
m388,151,72,173,0,12456
m388,152,72,172,0,12384
m389,151,72,173,0,12456
m389,152,72,171,0,12312
m390,151,72,172,0,12384
m390,150,72,173,0,12456
m391,148,71,174,0,12354
m392,149,69,173,0,11937
m392,148,69,172,0,11868
m392,148,69,173,0,11937
m393,147,67,173,0,11591
m393,146,67,174,0,11658
m394,147,66,176,0,11616
m394,146,66,177,0,11682
m393,145,66,179,0,11814
m395,144,64,182,0,11648
m394,146,62,179,0,11098
m394,144,62,181,0,11222
m395,144,60,179,0,10740
m396,144,62,182,0,11284
m395,141,62,185,0,11470
m396,139,61,184,0,11224
m396,139,62,186,0,11532
m397,138,60,186,0,11160
m398,138,62,187,0,11594
m398,137,62,188,0,11656
m399,136,63,189,0,11907
m399,134,63,189,0,11907
m400,134,64,190,0,12160
m399,134,66,191,0,12606
m399,134,69,188,0,12972
m401,132,67,190,0,12730
m401,133,68,191,0,12988
m402,132,68,188,0,12784
m404,130,67,190,0,12730
m403,130,68,191,0,12988
m405,130,68,190,0,12920
m403,130,69,190,0,13110
m404,129,67,190,0,12730
m404,129,66,190,0,12540
m400,128,67,192,0,12864
m402,128,65,191,0,12415
m398,126,66,193,0,12738
m394,126,68,191,0,12988
m392,124,69,190,0,13110
m387,124,71,191,0,13561
m382,123,71,191,0,13561
m381,123,70,191,0,13370
m376,122,72,193,0,13896
m374,121,72,192,0,13824
m372,121,71,192,0,13632
m369,120,73,191,0,13943
m367,119,72,190,0,13680
m365,120,70,188,0,13160
m364,119,69,188,0,12972
m363,119,68,188,0,12784
m362,118,67,187,0,12529
m360,118,67,188,0,12596
m361,115,66,187,0,12342
m360,115,66,188,0,12408
m359,113,64,188,0,12032
m360,113,64,187,0,11968
m359,112,65,186,0,12090
m358,111,65,186,0,12090
m357,110,66,186,0,12276
m356,110,66,185,0,12210
m355,111,66,184,0,12144
m353,112,68,183,0,12444
m353,112,66,183,0,12078
m352,111,65,183,0,11895
m352,111,64,183,0,11712
m351,113,65,181,0,11765
m350,114,65,181,0,11765
m350,114,64,179,0,11456
m349,114,64,180,0,11520
m347,113,65,182,0,11830
m346,114,65,182,0,11830
m346,116,63,181,0,11403
m346,116,60,180,0,10800
m346,119,61,180,0,10980
m346,120,59,179,0,10561
m343,122,60,179,0,10740
m343,123,58,178,0,10324
m343,120,56,183,0,10248
m339,121,58,183,0,10614
m339,119,58,187,0,10846
m335,116,58,191,0,11078
m333,116,60,191,0,11460
m329,115,60,187,0,11220
m325,113,61,188,0,11468
m323,115,62,188,0,11656
m319,113,60,187,0,11220
m316,117,60,188,0,11280
m313,115,61,192,0,11712
m310,120,60,188,0,11280
m305,121,63,189,0,11907
m302,122,62,186,0,11532
m298,123,64,187,0,11968
m294,124,64,186,0,11904
m290,123,65,183,0,11895
m287,122,65,184,0,11960
m283,123,67,181,0,12127
m279,121,69,184,0,12696
m277,121,70,181,0,12670
m276,122,74,180,0,13320
m276,123,77,180,0,13860
m274,122,81,182,0,14742
m271,124,80,179,0,14320
m271,123,81,179,0,14499
m267,125,81,177,0,14337
m269,126,76,176,0,13376
m272,126,75,174,0,13050
m270,127,77,174,0,13398
m274,127,71,174,0,12354
m275,126,71,174,0,12354
m273,128,73,173,0,12629
m273,127,74,175,0,12950
m272,128,74,174,0,12876
m268,129,76,177,0,13452
m267,129,78,178,0,13884
m263,131,80,178,0,14240
m263,133,80,176,0,14080
m263,134,78,175,0,13650
m263,134,74,179,0,13246
m260,134,74,178,0,13172
m260,135,72,175,0,12600
m258,136,72,174,0,12528
m257,137,73,178,0,12994
m256,139,72,179,0,12888
m256,140,72,179,0,12888
m255,140,73,180,0,13140
m255,142,73,181,0,13213
m256,142,72,181,0,13032
m258,144,71,183,0,12993
m259,145,70,184,0,12880
m259,146,71,183,0,12993
m260,146,70,184,0,12880
m262,147,70,183,0,12810
m263,146,70,185,0,12950
m265,146,70,187,0,13090
m267,144,70,190,0,13300
m270,144,68,190,0,12920
m271,143,69,190,0,13110
m273,141,65,192,0,12480
m275,142,64,180,0,11520
m273,142,66,178,0,11748
m270,142,71,178,0,12638
m269,140,72,182,0,13104
m269,139,72,184,0,13248
m267,140,74,186,0,13764
m267,139,73,187,0,13651
m267,138,72,192,0,13824
m262,136,77,194,0,14938
m261,135,77,197,0,15169
m259,136,78,197,0,15366
m258,136,77,199,0,15323
m256,134,77,198,0,15246
m254,133,78,201,0,15678
m252,132,78,199,0,15522
m251,132,78,201,0,15678
m250,132,78,195,0,15210
m249,131,78,197,0,15366
m248,130,79,200,0,15800
m249,128,76,204,0,15504
m247,129,77,205,0,15785
m247,129,77,205,0,15785
m247,129,75,208,0,15600
m247,131,77,206,0,15862
m247,133,76,204,0,15504
m248,134,77,205,0,15785
m249,136,77,205,0,15785
m249,139,78,203,0,15834
m251,141,78,203,0,15834
m251,141,76,202,0,15352
m252,142,76,201,0,15276
m250,141,78,203,0,15834
m248,141,78,202,0,15756
m247,140,77,204,0,15708
m246,139,77,203,0,15631
m245,138,76,203,0,15428
m244,136,75,204,0,15300
m243,133,76,204,0,15504
m240,129,77,205,0,15785
m240,128,78,197,0,15366
m238,125,77,195,0,15015
m236,124,79,193,0,15247
m235,121,77,192,0,14784
m235,118,78,194,0,15132
m235,117,76,194,0,14744
m235,117,75,194,0,14550
m235,116,75,194,0,14550
m235,114,76,196,0,14896
m236,114,74,195,0,14430
m238,111,71,197,0,13987
m239,110,71,197,0,13987
m239,111,71,196,0,13916
m240,110,72,198,0,14256
m240,108,73,199,0,14527
m241,107,73,200,0,14600
m242,105,73,203,0,14819
m242,103,73,206,0,15038
m242,102,75,206,0,15450
m242,98,75,209,0,15675
m243,95,73,211,0,15403
m244,95,72,209,0,15048
m245,94,71,207,0,14697
m247,92,71,208,0,14768
m248,92,70,205,0,14350
m248,94,70,196,0,13720
m249,93,69,192,0,13248
m251,93,68,195,0,13260
m250,93,68,194,0,13192
m251,93,68,194,0,13192
m249,93,70,193,0,13510
m249,92,69,194,0,13386
m250,90,69,197,0,13593
m248,91,71,194,0,13774
m249,90,69,194,0,13386
m247,89,70,194,0,13580
m246,90,70,192,0,13440
m246,93,70,190,0,13300
m244,91,71,191,0,13561
m243,89,71,192,0,13632
m243,86,70,194,0,13580
m242,85,71,192,0,13632
m242,83,71,195,0,13845
m241,82,71,194,0,13774
m240,81,72,192,0,13824
m239,79,73,191,0,13943
m238,79,74,185,0,13690
m237,78,76,182,0,13832
m235,78,77,178,0,13706
m235,77,75,175,0,13125
m236,72,69,179,0,12351
m235,71,69,180,0,12420
m233,69,69,182,0,12558
m230,68,69,182,0,12558
m229,66,69,184,0,12696
m227,66,69,185,0,12765
m227,67,69,183,0,12627
m227,67,68,183,0,12444
m226,64,69,187,0,12903
m226,64,68,186,0,12648
m225,62,67,188,0,12596
m224,61,68,188,0,12784
m222,59,69,188,0,12972
m221,59,69,187,0,12903
m221,56,68,187,0,12716
m222,53,67,187,0,12529
m223,49,67,178,0,11926
m222,49,66,174,0,11484
m222,47,67,174,0,11658
m222,47,65,174,0,11310
m221,46,64,172,0,11008
m222,44,64,174,0,11136
m221,45,64,173,0,11072
m220,43,64,174,0,11136
m219,41,64,175,0,11200
m217,41,64,177,0,11328
m217,40,64,176,0,11264
m215,39,65,177,0,11505
m214,38,65,179,0,11635
m213,36,65,181,0,11765
m213,34,64,182,0,11648
m212,34,64,181,0,11584
m211,35,65,178,0,11570
m211,32,65,180,0,11700
m210,30,65,181,0,11765
m208,30,65,183,0,11895
m210,28,63,182,0,11466
m211,27,63,179,0,11277
m210,25,63,176,0,11088
m210,24,64,170,0,10880
m210,23,62,170,0,10540
m210,22,63,171,0,10773
m209,21,63,172,0,10836
m209,21,62,172,0,10664
m208,19,62,175,0,10850
m209,19,62,175,0,10850
m209,19,62,177,0,10974
m209,21,61,175,0,10675
m209,22,60,175,0,10500
m209,22,62,175,0,10850
m209,20,61,178,0,10858
m209,22,62,177,0,10974
m209,23,61,176,0,10736
m208,24,63,175,0,11025
m209,24,62,176,0,10912
m210,25,61,175,0,10675
m211,27,62,173,0,10726
m213,25,61,175,0,10675
m214,25,60,173,0,10380
m214,24,60,176,0,10560
m213,23,63,169,0,10647
m213,23,63,171,0,10773
m213,23,63,165,0,10395
m213,24,62,163,0,10106
m214,25,62,160,0,9920
m214,25,62,165,0,10230
m215,26,60,166,0,9960
m216,28,60,166,0,9960
m216,30,59,167,0,9853
m217,33,58,166,0,9628
m216,34,58,169,0,9802
m217,40,59,167,0,9853
m219,43,58,166,0,9628
m220,45,58,169,0,9802
m223,47,57,168,0,9576
m223,49,58,169,0,9802
m224,50,58,169,0,9802
m226,52,58,169,0,9802
m228,52,59,167,0,9853
m229,53,61,168,0,10248
m230,52,60,166,0,9960
m233,51,61,162,0,9882
m235,52,60,158,0,9480
m237,50,62,160,0,9920
m240,51,61,160,0,9760
m241,50,63,162,0,10206
m244,53,63,160,0,10080
m246,51,62,162,0,10044
m247,52,63,162,0,10206
m249,54,63,161,0,10143
m252,55,61,160,0,9760
m253,55,60,161,0,9660
m254,58,59,160,0,9440
m254,59,60,159,0,9540
m256,61,58,158,0,9164
m258,61,57,158,0,9006
m258,62,56,156,0,8736
m258,59,54,158,0,8532
m258,57,52,152,0,7904
m260,55,53,151,0,8003
m262,52,52,149,0,7748
m263,50,54,149,0,8046
m265,47,54,149,0,8046
m266,44,57,151,0,8607
m267,41,58,153,0,8874
m270,41,56,152,0,8512
m272,39,60,152,0,9120
m275,39,56,153,0,8568
m277,38,54,153,0,8262
m280,36,58,154,0,8932
m282,33,55,157,0,8635
m284,34,54,157,0,8478
m286,35,55,155,0,8525
m287,34,55,155,0,8525
m291,35,56,156,0,8736
m294,36,55,154,0,8470
m296,35,55,154,0,8470
m297,35,55,153,0,8415
m298,35,56,153,0,8568
m300,34,57,154,0,8778
m301,33,53,152,0,8056
m301,34,54,153,0,8262
m303,34,52,152,0,7904
m303,35,53,153,0,8109
m304,35,53,152,0,8056
m305,37,54,152,0,8208
m305,38,55,151,0,8305
m306,39,56,150,0,8400
m307,39,56,150,0,8400
m308,39,56,150,0,8400
m309,40,55,148,0,8140
m309,41,55,146,0,8030
m309,43,54,143,0,7722
m307,42,55,144,0,7920
m306,41,56,146,0,8176
m304,40,57,146,0,8322
m306,40,59,147,0,8673
m305,40,59,146,0,8614
m304,37,61,149,0,9089
m305,38,64,150,0,9600
m307,35,59,155,0,9145
m306,36,59,155,0,9145
m307,37,58,154,0,8932
m310,38,56,154,0,8624
m310,39,55,154,0,8470
m309,40,56,154,0,8624
m310,41,54,153,0,8262
m312,42,53,152,0,8056
m311,42,54,152,0,8208
m311,44,56,152,0,8512
m311,45,55,150,0,8250
m313,46,56,150,0,8400
m315,47,56,149,0,8344
m316,48,57,147,0,8379
m317,50,59,146,0,8614
m323,48,59,147,0,8673
m326,48,61,148,0,9028
m331,46,58,148,0,8584
m331,45,59,147,0,8673
m333,42,60,151,0,9060
m335,41,57,152,0,8664
m335,42,57,152,0,8664
m336,40,56,154,0,8624
m336,41,56,153,0,8568
m337,42,56,154,0,8624
m337,42,55,152,0,8360
m338,42,55,151,0,8305
m339,43,54,150,0,8100
m339,45,54,148,0,7992
m341,48,53,143,0,7579
m342,52,50,136,0,6800
m342,53,50,136,0,6800
m343,51,52,136,0,7072
m345,47,50,139,0,6950
m345,44,52,141,0,7332
m346,42,51,140,0,7140
m347,39,52,142,0,7384
m349,38,51,143,0,7293
m349,36,52,142,0,7384
m350,34,51,144,0,7344
m351,31,50,145,0,7250
m352,28,49,147,0,7203
m351,25,51,147,0,7497
m351,25,50,147,0,7350
m351,22,51,147,0,7497
m351,22,50,146,0,7300
m351,22,51,147,0,7497
m350,21,50,146,0,7300
m352,21,51,146,0,7446
m353,21,49,145,0,7105
m353,22,48,143,0,6864
m353,22,47,143,0,6721
m352,23,49,142,0,6958
m352,22,49,143,0,7007
m352,23,49,143,0,7007
m353,24,49,143,0,7007
m353,24,49,143,0,7007
m353,26,49,141,0,6909
m355,26,48,141,0,6768
m355,28,48,142,0,6816
m356,29,47,141,0,6627
m357,30,47,141,0,6627
m357,31,47,141,0,6627
m357,31,47,140,0,6580
m359,33,47,139,0,6533
m359,33,47,140,0,6580
m360,33,49,140,0,6860
m360,34,50,138,0,6900
m360,34,50,138,0,6900
m360,34,48,138,0,6624
m361,35,47,136,0,6392
m361,36,48,137,0,6576
m362,36,47,135,0,6345
m363,37,46,135,0,6210
m363,37,46,135,0,6210
m364,38,46,134,0,6164
m364,39,46,133,0,6118
m364,40,46,133,0,6118
m363,40,47,132,0,6204
m363,40,48,132,0,6336
m364,37,45,135,0,6075
m363,39,45,135,0,6075
m364,38,44,135,0,5940
m364,39,44,136,0,5984
m364,39,43,136,0,5848
m363,39,44,136,0,5984
m363,40,44,134,0,5896
m362,40,45,135,0,6075
m361,41,45,133,0,5985
m360,40,45,134,0,6030
m359,40,43,133,0,5719
m358,41,42,131,0,5502
m355,41,44,131,0,5764
m355,42,42,130,0,5460
m352,40,43,131,0,5633
m353,40,43,132,0,5676
m350,42,42,130,0,5460
m351,40,42,132,0,5544
m348,42,42,130,0,5460
m346,43,42,129,0,5418
m345,41,43,130,0,5590
m342,40,45,130,0,5850
m342,40,44,130,0,5720
m340,40,44,129,0,5676
m339,39,44,129,0,5676
m336,38,45,128,0,5760
m334,38,44,128,0,5632
m333,36,44,129,0,5676
m333,36,42,128,0,5376
m331,34,43,129,0,5547
m330,34,42,128,0,5376
m328,34,43,127,0,5461
m326,35,43,126,0,5418
m325,33,44,128,0,5632
m324,34,44,126,0,5544
m324,35,43,125,0,5375
m322,35,42,124,0,5208
m321,35,42,125,0,5250
m320,36,42,124,0,5208
m316,36,42,124,0,5208
m315,34,41,124,0,5084
m313,35,41,124,0,5084
m311,35,42,124,0,5208
m311,36,41,123,0,5043
m309,35,41,123,0,5043
m309,36,41,122,0,5002
m307,35,40,124,0,4960
m306,37,40,123,0,4920
m305,36,40,122,0,4880
m303,36,39,124,0,4836
m302,37,39,122,0,4758
m300,36,39,123,0,4797
m299,37,38,123,0,4674
m299,38,38,123,0,4674
m297,38,38,124,0,4712
m298,38,36,124,0,4464
m297,39,36,123,0,4428
m292,41,38,123,0,4674
m292,41,36,122,0,4392
m289,42,37,123,0,4551
m289,43,36,123,0,4428
m287,43,36,125,0,4500
m286,42,37,128,0,4736
m285,41,39,127,0,4953
m284,40,40,131,0,5240
m283,40,42,130,0,5460
m282,44,43,126,0,5418
m280,47,45,125,0,5625
m278,46,47,126,0,5922
m275,43,48,130,0,6240
m276,40,45,132,0,5940
m275,42,45,131,0,5895
m275,47,45,126,0,5670
m276,47,45,126,0,5670
m277,49,44,126,0,5544
m277,49,45,126,0,5670
m277,51,44,125,0,5500
m276,54,47,122,0,5734
m276,55,45,121,0,5445
m277,56,45,119,0,5355
m277,56,43,115,0,4945
m279,56,42,117,0,4914
m280,56,41,117,0,4797
m280,55,42,117,0,4914
m280,54,42,119,0,4998
m280,54,42,119,0,4998
m281,53,43,120,0,5160
m280,52,45,120,0,5400
m280,52,47,120,0,5640
m280,52,48,118,0,5664
m281,53,46,118,0,5428
m283,52,45,117,0,5265
m284,53,46,118,0,5428
m287,53,46,117,0,5382
m289,53,45,115,0,5175
m292,54,44,117,0,5148
m296,54,42,115,0,4830
m297,54,42,116,0,4872
m299,53,41,117,0,4797
m301,53,41,117,0,4797
m303,53,39,116,0,4524
m304,53,38,116,0,4408
m306,53,38,115,0,4370
m308,52,38,117,0,4446
m310,53,37,117,0,4329
m312,53,37,116,0,4292
m314,53,38,117,0,4446
m315,53,39,116,0,4524
m317,53,39,116,0,4524
m318,52,40,117,0,4680
m319,53,39,116,0,4524
m319,52,39,118,0,4602
m320,54,40,116,0,4640
m322,53,40,117,0,4680
m323,54,42,116,0,4872
m324,54,43,117,0,5031
m325,54,43,117,0,5031
m325,55,43,116,0,4988
m326,55,45,115,0,5175
m327,56,43,115,0,4945
m328,56,40,114,0,4560
m328,57,41,114,0,4674
m328,58,41,114,0,4674
m327,57,43,114,0,4902
m326,56,44,114,0,5016
m328,58,43,113,0,4859
m331,57,41,113,0,4633
m334,59,40,111,0,4440
m336,58,41,111,0,4551
m339,58,40,111,0,4440
m339,58,39,111,0,4329
m341,57,38,113,0,4294
m343,56,38,114,0,4332
m346,58,37,110,0,4070
m349,60,36,106,0,3816
m352,59,35,107,0,3745
m356,58,35,110,0,3850
m358,59,38,111,0,4218
m362,60,36,108,0,3888
m366,60,35,109,0,3815
m367,61,35,107,0,3745
m371,62,34,107,0,3638
m373,61,36,108,0,3888
m376,62,35,107,0,3745
m379,61,36,108,0,3888
m381,63,36,107,0,3852
m384,61,36,107,0,3852
m387,61,36,108,0,3888
m387,62,38,108,0,4104
m391,62,38,109,0,4142
m392,62,37,108,0,3996
m394,62,35,109,0,3815
m395,61,35,109,0,3815
m395,62,36,109,0,3924
m395,61,37,108,0,3996
m392,61,39,109,0,4251
m393,62,41,108,0,4428
m392,63,41,108,0,4428
m392,63,41,109,0,4469
m392,64,41,108,0,4428
m391,65,40,107,0,4280
m390,65,39,108,0,4212
m387,66,41,107,0,4387
m385,66,42,107,0,4494
m383,67,43,107,0,4601
m382,67,42,108,0,4536
m382,68,41,108,0,4428
m379,69,44,108,0,4752
m382,71,39,107,0,4173
m381,72,42,107,0,4494
m380,74,42,107,0,4494
m380,76,41,107,0,4387
m379,78,43,107,0,4601
m381,80,41,107,0,4387
m381,82,42,108,0,4536
m380,83,43,108,0,4644
m382,83,39,109,0,4251
m381,85,40,107,0,4280
m382,87,38,106,0,4028
m382,89,40,106,0,4240
m382,90,38,106,0,4028
m380,92,38,106,0,4028
m380,93,38,106,0,4028
m378,95,40,106,0,4240
m378,96,40,105,0,4200
m378,97,40,105,0,4200
m377,99,42,106,0,4452
m378,99,39,105,0,4095
m379,100,39,106,0,4134
m380,101,38,105,0,3990
m380,102,37,105,0,3885
m380,103,38,104,0,3952
m381,104,38,104,0,3952
m380,104,38,105,0,3990
m381,104,39,105,0,4095
m382,105,40,104,0,4160
m382,106,40,104,0,4160
m383,107,40,103,0,4120
m383,107,38,102,0,3876
m383,109,39,101,0,3939
m382,110,38,99,0,3762
m382,110,37,101,0,3737
m381,111,38,101,0,3838
m380,113,38,101,0,3838
m379,115,37,99,0,3663
m378,117,37,100,0,3700
m377,120,37,100,0,3700
m376,121,38,100,0,3800
m375,123,37,100,0,3700
m374,127,37,100,0,3700
m373,129,37,99,0,3663
m373,133,37,99,0,3663
m372,134,37,98,0,3626
m371,137,38,96,0,3648
m369,139,41,96,0,3936
m369,141,40,94,0,3760
m368,142,41,94,0,3854
m368,141,41,94,0,3854
m367,141,41,96,0,3936
m366,143,40,96,0,3840
m366,142,38,96,0,3648
m365,142,37,96,0,3552
m363,142,38,96,0,3648
m361,143,39,96,0,3744
m358,143,42,95,0,3990
m358,143,41,96,0,3936
m362,143,39,97,0,3783
m361,142,40,98,0,3920
m361,142,39,98,0,3822
m360,140,40,99,0,3960
m360,139,37,98,0,3626
m359,139,38,100,0,3800
m358,134,40,102,0,4080
m358,131,41,105,0,4305
m358,128,40,108,0,4320
m357,127,42,110,0,4620
m356,128,42,110,0,4620
m357,127,42,110,0,4620
m356,127,44,112,0,4928
m357,128,43,112,0,4816
m357,127,43,112,0,4816
m358,128,43,113,0,4859
m358,128,44,115,0,5060
m359,129,44,116,0,5104
m358,128,45,117,0,5265
m360,129,45,118,0,5310
m361,130,46,119,0,5474
m362,133,46,120,0,5520
m363,134,45,121,0,5445
m365,135,45,121,0,5445
m366,135,43,122,0,5246
m367,137,43,122,0,5246
m368,137,44,123,0,5412
m369,136,45,124,0,5580
m370,136,45,125,0,5625
m371,135,45,126,0,5670
m371,135,46,128,0,5888
m371,136,46,128,0,5888
m371,135,47,128,0,6016
m371,134,47,127,0,5969
m372,132,46,127,0,5842
m373,131,46,127,0,5842
m374,131,49,129,0,6321
m375,131,51,130,0,6630
m376,129,50,134,0,6700
m381,127,49,135,0,6615
m380,127,52,138,0,7176
m382,126,53,140,0,7420
m383,125,54,141,0,7614
m383,123,55,143,0,7865
m384,120,55,143,0,7865
m384,120,56,146,0,8176
m384,120,57,148,0,8436
m385,121,58,149,0,8642
m385,121,57,151,0,8607
m385,122,58,152,0,8816
m384,120,58,153,0,8874
m383,119,58,154,0,8932
m383,117,59,156,0,9204
m383,115,59,158,0,9322
m383,115,57,158,0,9006
m384,115,57,159,0,9063
m385,113,58,161,0,9338
m384,113,58,162,0,9396
m385,112,58,163,0,9454
m384,112,59,165,0,9735
m384,112,59,166,0,9794
m385,109,60,168,0,10080
m384,107,60,169,0,10140
m385,104,61,171,0,10431
m387,104,60,170,0,10200
m388,106,60,170,0,10200
m389,108,60,169,0,10140
m391,109,61,169,0,10309
m392,111,61,169,0,10309
m394,110,60,169,0,10140
m394,109,61,170,0,10370
m394,107,61,171,0,10431
m394,105,61,172,0,10492
m395,104,62,174,0,10788
m394,104,60,174,0,10440
m394,105,61,174,0,10614
m394,107,61,175,0,10675
m394,108,61,176,0,10736
m395,109,62,176,0,10912
m397,111,62,176,0,10912
m400,112,61,175,0,10675
m401,114,62,173,0,10726
m403,114,63,173,0,10899
m406,115,62,172,0,10664
m406,116,62,172,0,10664
m407,117,62,172,0,10664
m410,117,61,171,0,10431
m411,117,62,172,0,10664
m412,116,62,172,0,10664
m413,113,63,172,0,10836
m414,111,62,172,0,10664
m416,105,62,172,0,10664
m416,104,63,171,0,10773
m418,101,63,171,0,10773
m417,100,62,173,0,10726
m416,101,61,173,0,10553
m417,102,62,173,0,10726
m418,104,62,175,0,10850
m418,106,62,176,0,10912
m417,107,62,178,0,11036
m416,109,63,177,0,11151
m417,111,64,178,0,11392
m418,114,64,178,0,11392
m417,116,64,177,0,11328
m418,117,62,175,0,10850
m418,117,62,176,0,10912
m418,118,61,176,0,10736
m418,119,62,177,0,10974
m418,121,63,175,0,11025
m419,122,63,175,0,11025
m419,123,64,175,0,11200
m421,123,64,174,0,11136
m423,123,67,174,0,11658
m425,124,65,175,0,11375
m426,124,62,174,0,10788
m427,125,63,173,0,10899
m428,124,63,172,0,10836
m430,123,63,173,0,10899
m430,124,63,171,0,10773
m431,124,64,172,0,11008
m432,123,64,172,0,11008
m432,125,66,172,0,11352
m433,125,66,174,0,11484
m433,125,66,175,0,11550
m434,125,64,175,0,11200
m434,127,64,174,0,11136
m434,128,64,172,0,11008
m434,127,63,173,0,10899
m432,128,64,173,0,11072
m430,128,65,174,0,11310
m431,129,64,173,0,11072
m429,128,64,173,0,11072
m430,128,62,174,0,10788
m429,129,63,172,0,10836
m429,129,61,172,0,10492
m428,127,61,172,0,10492
m426,129,61,173,0,10553
m423,128,63,175,0,11025
m420,126,64,176,0,11264
m418,126,65,174,0,11310
m415,126,65,173,0,11245
m414,124,62,176,0,10912
m408,124,70,175,0,12250
m405,120,70,175,0,12250
m405,116,66,177,0,11682
m402,115,64,175,0,11200
m399,113,65,175,0,11375
m399,110,64,176,0,11264
m398,108,64,175,0,11200
m398,105,64,176,0,11264
m398,102,64,178,0,11392
m397,99,65,176,0,11440
m399,95,65,176,0,11440
m398,93,67,175,0,11725
m404,90,62,175,0,10850
m409,87,57,178,0,10146
m405,88,60,176,0,10560
m403,87,63,176,0,11088
m405,86,62,174,0,10788
m406,85,62,175,0,10850
m406,84,63,175,0,11025
m405,83,64,175,0,11200
m404,82,65,175,0,11375
m404,81,64,175,0,11200
m403,79,62,174,0,10788
m402,79,62,174,0,10788
m402,79,62,174,0,10788
m402,78,61,174,0,10614
m403,79,61,173,0,10553
m403,78,61,173,0,10553
m404,77,61,174,0,10614
m404,76,61,173,0,10553
m404,75,62,174,0,10788
m406,75,62,174,0,10788
m405,73,61,176,0,10736
m405,73,62,176,0,10912
m405,72,62,177,0,10974
m406,71,63,177,0,11151
m406,72,63,177,0,11151
m407,73,63,175,0,11025
m408,75,62,174,0,10788
m409,76,60,175,0,10500
m410,78,61,173,0,10553
m409,79,61,173,0,10553
m408,81,60,172,0,10320
m408,83,59,171,0,10089
m407,85,59,170,0,10030
m408,86,59,170,0,10030
m408,86,60,170,0,10200
m409,88,59,170,0,10030
m409,88,59,170,0,10030
m409,91,60,170,0,10200
m409,92,60,171,0,10260
m410,95,60,169,0,10140
m408,99,60,167,0,10020
m407,102,59,166,0,9794
m407,106,60,166,0,9960
m406,108,60,167,0,10020
m406,110,59,166,0,9794
m404,112,60,166,0,9960
m403,114,60,166,0,9960
m402,116,60,166,0,9960
m401,118,60,166,0,9960
m401,120,60,167,0,10020
m399,123,61,166,0,10126
m398,126,60,167,0,10020
m397,129,60,167,0,10020
m396,131,61,166,0,10126
m397,131,59,166,0,9794
m397,131,59,167,0,9853
m398,131,59,167,0,9853
m398,132,59,167,0,9853
m398,134,59,165,0,9735
m399,133,59,167,0,9853
m398,134,60,164,0,9840
m398,133,60,166,0,9960
m398,133,60,164,0,9840
m398,134,60,165,0,9900
m399,134,60,163,0,9780
m400,134,60,165,0,9900
m402,134,60,164,0,9840
m404,133,59,166,0,9794
m405,134,60,170,0,10200
m407,134,60,169,0,10140
m408,134,59,169,0,9971
m407,134,61,171,0,10431
m408,132,61,170,0,10370
m408,130,60,173,0,10380
m409,130,60,174,0,10440
m409,130,60,173,0,10380
m410,131,60,174,0,10440
m408,129,63,174,0,10962
m409,128,62,174,0,10788
m409,127,61,175,0,10675
m410,126,59,177,0,10443
m410,126,59,178,0,10502
m410,127,58,178,0,10324
m411,125,57,177,0,10089
m411,126,58,177,0,10266
m410,127,59,177,0,10443
m409,127,59,177,0,10443
m409,128,59,175,0,10325
m409,128,59,173,0,10207
m409,127,58,174,0,10092
m409,129,58,170,0,9860
m407,128,59,172,0,10148
m406,127,60,171,0,10260
m406,126,58,173,0,10034
m406,126,59,172,0,10148
m401,125,62,174,0,10788
m402,126,62,174,0,10788
m401,124,64,174,0,11136
m403,126,65,173,0,11245
m403,128,64,171,0,10944
m402,125,62,172,0,10664
m401,125,63,173,0,10899
m401,125,63,173,0,10899
m400,126,63,173,0,10899
m399,126,65,172,0,11180
m398,124,66,176,0,11616
m397,124,68,176,0,11968
m395,124,72,176,0,12672
m395,124,71,176,0,12496
m394,124,72,175,0,12600
m392,118,71,179,0,12709
m392,121,70,174,0,12180
m391,121,70,175,0,12250
m391,120,70,175,0,12250
m390,121,71,177,0,12567
m390,122,72,175,0,12600
m390,123,73,174,0,12702
m388,122,76,177,0,13452
m389,122,77,178,0,13706
m388,125,79,176,0,13904
m385,124,78,177,0,13806
m384,124,78,176,0,13728
m383,127,79,175,0,13825
m382,128,79,174,0,13746
m381,131,79,171,0,13509
m382,133,78,170,0,13260
m379,134,79,167,0,13193
m374,135,85,168,0,14280
m379,135,81,166,0,13446
m387,137,72,165,0,11880
m392,136,68,166,0,11288
m393,134,70,168,0,11760
m396,133,66,170,0,11220
m396,132,67,171,0,11457
m398,133,61,170,0,10370
m398,130,60,173,0,10380
m397,128,59,175,0,10325
m396,128,64,175,0,11200
m395,128,62,174,0,10788
m391,126,68,176,0,11968
m387,126,74,175,0,12950
m389,124,75,176,0,13200
m385,123,73,177,0,12921
m388,122,77,176,0,13552
m385,120,77,176,0,13552
m391,119,75,177,0,13275
m392,119,70,176,0,12320
m392,116,70,177,0,12390
m394,115,65,177,0,11505
m392,115,67,176,0,11792
m390,114,66,177,0,11682
m388,114,67,176,0,11792
m387,113,65,175,0,11375
m383,113,69,175,0,12075
m382,113,68,174,0,11832
m375,112,78,174,0,13572
m374,111,85,172,0,14620
m374,111,82,171,0,14022
m373,111,82,171,0,14022
m363,113,90,170,0,15300
m358,113,98,170,0,16660
m356,110,98,173,0,16954
m356,110,94,173,0,16262
m357,110,84,173,0,14532
m354,110,85,173,0,14705
m352,110,83,173,0,14359
m349,112,85,170,0,14450
m351,112,80,171,0,13680
m352,113,69,172,0,11868
m348,113,77,170,0,13090
m348,110,77,172,0,13244
m348,109,72,172,0,12384
m349,110,72,172,0,12384
m350,111,68,173,0,11764
m346,112,75,171,0,12825
m350,113,72,172,0,12384
m353,115,69,170,0,11730
m349,117,73,169,0,12337
m361,119,61,169,0,10309
m360,122,63,167,0,10521
m362,124,64,166,0,10624
m365,125,64,165,0,10560
m362,126,69,166,0,11454
m362,127,70,167,0,11690
m363,128,70,167,0,11690
m371,132,64,167,0,10688
m366,135,68,166,0,11288
m361,137,74,166,0,12284
m360,140,75,166,0,12450
m362,139,73,167,0,12191
m363,142,72,165,0,11880
m364,144,73,165,0,12045
m365,144,73,165,0,12045
m366,145,72,164,0,11808
m366,147,74,163,0,12062
m369,146,73,165,0,12045
m370,147,72,165,0,11880
m373,149,71,165,0,11715
m374,149,72,165,0,11880
m375,152,73,163,0,11899
m377,155,71,160,0,11360
m378,158,71,157,0,11147
m378,162,73,155,0,11315
m379,165,73,151,0,11023
m379,168,75,149,0,11175
m378,172,77,145,0,11165
m379,173,77,146,0,11242
m381,173,75,146,0,10950
m381,171,75,147,0,11025
m379,171,75,147,0,11025
m380,169,73,148,0,10804
m380,170,72,148,0,10656
m379,171,72,148,0,10656
m378,171,73,148,0,10804
m377,171,74,149,0,11026
m377,171,75,149,0,11175
m376,171,77,150,0,11550
m375,170,77,150,0,11550
m375,171,77,149,0,11473
m373,172,80,148,0,11840
m371,170,83,149,0,12367
m371,169,84,149,0,12516
m370,168,86,150,0,12900
m369,168,89,148,0,13172
m367,169,91,146,0,13286
m366,167,92,146,0,13432
m366,164,92,146,0,13432
m364,161,93,146,0,13578
m363,158,90,146,0,13140
m362,156,92,146,0,13432
m365,152,87,147,0,12789
m366,150,86,148,0,12728
m366,148,85,149,0,12665
m366,146,83,149,0,12367
m367,142,79,150,0,11850
m368,140,79,150,0,11850
m367,139,79,149,0,11771
m366,135,76,149,0,11324
m368,134,75,149,0,11175
m367,132,75,149,0,11175
m371,129,69,149,0,10281
m373,129,65,146,0,9490
m377,129,62,144,0,8928
m380,131,59,140,0,8260
m381,131,58,139,0,8062
m384,134,57,134,0,7638
m384,138,58,128,0,7424
m379,136,63,128,0,8064
m375,138,68,125,0,8500
m372,138,68,125,0,8500
m377,124,64,139,0,8896
m378,111,70,149,0,10430
m378,122,85,136,0,11560
m377,126,79,132,0,10428
m378,117,89,141,0,12549
m376,115,61,140,0,8540
m374,112,54,143,0,7722
m373,111,55,142,0,7810
m372,112,56,143,0,8008
m370,115,57,141,0,8037
m371,118,55,138,0,7590
m367,117,56,138,0,7728
m366,120,53,134,0,7102
m364,118,57,136,0,7752
m361,117,56,137,0,7672
m360,117,58,138,0,8004
m356,116,61,139,0,8479
m354,117,63,138,0,8694
m351,119,64,137,0,8768
m352,118,62,139,0,8618
m352,119,60,140,0,8400
m352,118,60,141,0,8460
m351,119,60,142,0,8520
m351,120,59,142,0,8378
m351,121,59,143,0,8437
m351,122,59,144,0,8496
m351,123,58,144,0,8352
m350,125,59,145,0,8555
m350,127,60,144,0,8640
m349,129,60,144,0,8640
m350,131,58,142,0,8236
m350,133,57,141,0,8037
m349,135,58,140,0,8120
m349,135,58,140,0,8120
m348,137,58,139,0,8062
m349,141,57,137,0,7809
m349,144,56,137,0,7672
m348,146,56,137,0,7672
m349,148,55,135,0,7425
m348,148,56,137,0,7672
m349,149,54,136,0,7344
m348,152,55,136,0,7480
m347,151,55,135,0,7425
m348,152,54,136,0,7344
m348,153,54,134,0,7236
m347,155,54,133,0,7182
m347,157,54,133,0,7182
m346,159,53,132,0,6996
m345,160,53,132,0,6996
m344,160,53,132,0,6996
m344,161,50,130,0,6500
m343,161,50,129,0,6450
m342,161,51,128,0,6528
m341,160,50,130,0,6500
m341,161,50,130,0,6500
m341,162,50,129,0,6450
m339,163,50,131,0,6550
m338,165,50,128,0,6400
m336,164,51,132,0,6732
m333,167,51,129,0,6579
m332,168,51,128,0,6528
m329,169,51,127,0,6477
m327,169,52,127,0,6604
m324,170,53,127,0,6731
m324,170,53,128,0,6784
m323,171,52,127,0,6604
m322,172,51,128,0,6528
m321,175,51,126,0,6426
m319,176,52,126,0,6552
m317,176,52,127,0,6604
m316,176,51,127,0,6477
m314,178,50,125,0,6250
m313,178,51,125,0,6375
m310,178,52,124,0,6448
m308,178,51,126,0,6426
m306,179,51,125,0,6375
m303,181,51,125,0,6375
m300,183,52,124,0,6448
m298,181,51,126,0,6426
m296,180,51,126,0,6426
m294,180,50,125,0,6250
m291,181,50,124,0,6200
m289,179,51,125,0,6375
m286,181,51,125,0,6375
m284,181,51,125,0,6375
m281,181,51,124,0,6324
m278,182,52,124,0,6448
m276,182,51,124,0,6324
m273,182,51,124,0,6324
m271,183,52,123,0,6396
m269,182,50,124,0,6200
m266,185,50,122,0,6100
m264,185,50,122,0,6100
m261,186,50,121,0,6050
m259,187,51,121,0,6171
m256,188,50,121,0,6050
m253,190,51,119,0,6069
m250,190,51,119,0,6069
m247,191,53,119,0,6307
m243,192,54,118,0,6372
m240,193,53,118,0,6254
m238,194,54,116,0,6264
m235,194,55,117,0,6435
m232,195,55,117,0,6435
m231,195,55,116,0,6380
m227,196,56,116,0,6496
m226,196,55,115,0,6325
m224,196,55,115,0,6325
m224,196,53,115,0,6095
