1
567.9907836914062,118.67780303955078,36.08449935913086,50.00130081176758
548.55419921875,118.81710052490234,45.504398345947266,50.845699310302734
542.055419921875,119.63179779052734,52.829898834228516,52.762298583984375
543.1380004882812,119.42890167236328,65.31400299072266,47.155601501464844
542.7736206054688,119.81210327148438,66.42389678955078,43.93370056152344
541.2152709960938,119.9905014038086,67.53849792480469,44.730499267578125
541.4818115234375,120.23490142822266,68.67230224609375,45.94770050048828
540.8552856445312,119.88710021972656,68.11740112304688,46.750701904296875
540.9918823242188,119.3551025390625,68.04740142822266,51.06840133666992
540.248779296875,119.30130004882812,69.60479736328125,52.74039840698242
539.281005859375,118.93440246582031,69.92680358886719,56.7057991027832
540.0416870117188,118.8019027709961,69.4103012084961,55.37080001831055
539.4473876953125,118.9751968383789,69.99819946289062,52.72990036010742
539.9910888671875,119.72039794921875,69.55239868164062,50.622501373291016
539.0485229492188,119.73100280761719,71.11080169677734,51.090599060058594
540.380615234375,121.4906005859375,68.7833023071289,47.25170135498047
540.2056884765625,121.06159973144531,68.7074966430664,50.36539840698242
541.4022827148438,121.6364974975586,67.8052978515625,48.98749923706055
537.3223266601562,122.48370361328125,70.62020111083984,46.106300354003906
537.4161987304688,122.67320251464844,69.52200317382812,48.28799819946289
537.9028930664062,123.44519805908203,69.43160247802734,45.833900451660156
534.8895263671875,123.52050018310547,71.60890197753906,45.79669952392578
537.3187866210938,121.84110260009766,67.0822982788086,51.552101135253906
546.7327270507812,120.90670013427734,55.34109878540039,53.818599700927734
551.0706787109375,121.44869995117188,42.58140182495117,57.86600112915039
556.3779296875,120.63169860839844,35.69839859008789,58.82360076904297
561.2515869140625,121.6144027709961,34.29240036010742,55.48979949951172
561.226318359375,121.779296875,33.60169982910156,53.03120040893555
560.5427856445312,121.82150268554688,33.599098205566406,55.82229995727539
559.653076171875,122.0698013305664,35.869300842285156,51.33319854736328
560.219482421875,121.75509643554688,33.53419876098633,53.976600646972656
558.8546752929688,122.09320068359375,35.47010040283203,52.26350021362305
559.347900390625,121.86039733886719,34.76430130004883,53.83549880981445
559.15771484375,122.10559844970703,33.74580001831055,54.71839904785156
557.9982299804688,121.84529876708984,35.82350158691406,54.40890121459961
558.7404174804688,121.90519714355469,34.18619918823242,54.81480026245117
558.4346923828125,122.12590026855469,34.08649826049805,50.36880111694336
557.6701049804688,121.50559997558594,35.565399169921875,50.87779998779297
556.8101196289062,121.34089660644531,36.418399810791016,49.89899826049805
556.1472778320312,120.80650329589844,37.087501525878906,52.912899017333984
555.9091186523438,120.82479858398438,35.07379913330078,53.093101501464844
555.6281127929688,121.21209716796875,31.6200008392334,55.84920120239258
555.9298706054688,122.26000213623047,24.340999603271484,59.41960144042969
557.1287231445312,124.15689849853516,23.725299835205078,55.129798889160156
556.3339233398438,125.55809783935547,27.97949981689453,49.61579895019531
545.336181640625,123.47969818115234,35.964599609375,50.03459930419922
544.5006713867188,125.26730346679688,43.34989929199219,47.27539825439453
530.0120849609375,125.8938980102539,49.58940124511719,48.74020004272461
531.9915161132812,126.97049713134766,57.546600341796875,48.213199615478516
532.6848754882812,126.59100341796875,55.24589920043945,48.372398376464844
534.70751953125,126.54519653320312,52.97019958496094,45.41400146484375
517.346923828125,125.53980255126953,64.05110168457031,47.34049987792969
515.4464721679688,124.82689666748047,70.36900329589844,50.90610122680664
515.0468139648438,125.30619812011719,68.76930236816406,46.83039855957031
515.263427734375,124.35189819335938,68.22679901123047,49.322200775146484
514.1104736328125,124.19409942626953,68.94300079345703,50.15370178222656
513.540283203125,123.68699645996094,69.17489624023438,49.54800033569336
510.8818054199219,124.23570251464844,70.97329711914062,49.20130157470703
510.67291259765625,122.97470092773438,71.37909698486328,50.611698150634766
509.3164978027344,122.91439819335938,70.32589721679688,49.80030059814453
509.1365051269531,122.372802734375,72.56289672851562,53.34489822387695
508.206787109375,122.37760162353516,72.08000183105469,51.48210144042969
506.9462890625,121.49520111083984,71.87449645996094,53.11650085449219
508.15771484375,121.7593002319336,71.90689849853516,48.72570037841797
506.406494140625,121.55660247802734,71.50830078125,48.879600524902344
507.2860107421875,121.34439849853516,69.4761962890625,47.80870056152344
506.53021240234375,121.2863998413086,70.54399871826172,48.85449981689453
506.5697937011719,120.83799743652344,70.38710021972656,48.28710174560547
504.4855041503906,120.54949951171875,72.00379943847656,50.14739990234375
505.67559814453125,120.2489013671875,70.51699829101562,50.53559875488281
504.4761047363281,119.80660247802734,71.66349792480469,51.59170150756836
503.1156921386719,119.10279846191406,72.93840026855469,52.93050003051758
504.160888671875,119.04669952392578,71.75749969482422,50.70180130004883
503.5527038574219,119.3833999633789,70.76429748535156,50.61650085449219
503.95709228515625,118.32710266113281,71.63020324707031,54.20709991455078
502.8529052734375,117.96530151367188,74.20950317382812,53.85210037231445
502.7882080078125,117.4375,71.81060028076172,53.51300048828125
502.94378662109375,117.07740020751953,72.3750991821289,56.467498779296875
502.1814880371094,116.72850036621094,72.62370300292969,54.16749954223633
500.9372863769531,116.25869750976562,72.72129821777344,54.99679946899414
500.63018798828125,115.85759735107422,73.37310028076172,50.76940155029297
500.697998046875,114.71160125732422,72.4833984375,50.488800048828125
500.7561950683594,113.26629638671875,71.14920043945312,53.92940139770508
500.40179443359375,113.0863037109375,70.4124984741211,53.510799407958984
499.0701904296875,112.5458984375,69.881103515625,56.14609909057617
497.6476135253906,112.48290252685547,70.52510070800781,54.84640121459961
496.0967102050781,112.39929962158203,71.76460266113281,50.179901123046875
495.5898132324219,112.86100006103516,70.05000305175781,52.40919876098633
495.3330078125,111.78620147705078,69.72029876708984,52.9213981628418
494.5705871582031,111.46119689941406,69.64939880371094,53.9651985168457
492.0544128417969,111.67649841308594,71.54039764404297,53.05649948120117
492.3450012207031,110.85320281982422,70.654296875,55.0625
491.3870849609375,111.08699798583984,71.21209716796875,52.063499450683594
490.8290100097656,111.46929931640625,72.00859832763672,50.8572998046875
491.0802001953125,110.8949966430664,70.85759735107422,54.067501068115234
490.06439208984375,110.61329650878906,70.57820129394531,49.60960006713867
490.32818603515625,111.07749938964844,69.59880065917969,49.7489013671875
491.0580139160156,110.25080108642578,69.7145004272461,49.312400817871094
489.8138122558594,110.77680206298828,70.18190002441406,50.830101013183594
489.2283935546875,109.7394027709961,70.35919952392578,51.34170150756836
487.9125061035156,110.29820251464844,71.46499633789062,50.951900482177734
489.2665100097656,109.37010192871094,69.5770034790039,52.542598724365234
487.9783020019531,108.89330291748047,71.65630340576172,51.92610168457031
488.17840576171875,109.12300109863281,70.93499755859375,52.15700149536133
487.5754089355469,108.3124008178711,71.01439666748047,53.669498443603516
486.3631896972656,108.41950225830078,71.70439910888672,55.80120086669922
485.5387878417969,108.20570373535156,73.01940155029297,56.79710006713867
484.92291259765625,108.96179962158203,72.91639709472656,49.827598571777344
485.77099609375,108.35800170898438,70.78780364990234,50.92679977416992
485.3230895996094,107.08699798583984,71.52069854736328,56.096900939941406
487.20098876953125,106.1946029663086,68.26100158691406,52.64590072631836
491.02569580078125,105.68060302734375,63.09130096435547,54.32509994506836
501.9453125,105.68779754638672,47.959999084472656,55.53710174560547
502.5586853027344,106.97940063476562,41.48820114135742,54.72050094604492
512.0302124023438,104.85859680175781,33.64690017700195,57.98500061035156
512.8533935546875,105.59149932861328,38.429298400878906,48.83169937133789
512.2550048828125,104.42009735107422,42.84120178222656,55.9650993347168
512.10888671875,104.20169830322266,43.54690170288086,57.077999114990234
512.3021850585938,104.68810272216797,44.52619934082031,55.042198181152344
511.0647888183594,104.40809631347656,45.886600494384766,56.87519836425781
511.59759521484375,104.10590362548828,46.462100982666016,59.592498779296875
511.9975891113281,104.42070007324219,47.19459915161133,55.58330154418945
512.5770263671875,105.1343994140625,45.18519973754883,51.07419967651367
512.940673828125,104.17459869384766,44.60820007324219,53.2318000793457
512.809326171875,104.17489624023438,45.425201416015625,53.78739929199219
512.4481811523438,104.36250305175781,46.252201080322266,54.14630126953125
513.3024291992188,104.86209869384766,45.679500579833984,51.33369827270508
513.2415771484375,104.16449737548828,46.66230010986328,54.15340042114258
514.4063110351562,104.38079833984375,45.48569869995117,55.33869934082031
514.7463989257812,103.80799865722656,46.367000579833984,56.92060089111328
513.4268188476562,104.48410034179688,48.05179977416992,55.27009963989258
515.3638916015625,103.92389678955078,47.4098014831543,56.64680099487305
515.6395263671875,104.75550079345703,47.20199966430664,50.253700256347656
514.6215209960938,104.3593978881836,49.708900451660156,55.597999572753906
516.5046997070312,104.57460021972656,47.14289855957031,56.54280090332031
515.6433715820312,104.34490203857422,49.89039993286133,58.61669921875
517.9293212890625,104.47579956054688,48.407100677490234,55.25740051269531
518.1215209960938,104.23809814453125,48.89889907836914,55.2140998840332
518.0382080078125,103.15550231933594,48.753299713134766,60.0166015625
519.4194946289062,104.19869995117188,43.519500732421875,54.345699310302734
522.0009155273438,104.49079895019531,33.950199127197266,53.237098693847656
523.8275146484375,106.50189971923828,24.90920066833496,55.69329833984375
522.1220092773438,106.5562973022461,30.930299758911133,54.03459930419922
524.1278076171875,108.37640380859375,33.368099212646484,48.363800048828125
505.5994873046875,107.43360137939453,42.99359893798828,49.798099517822266
500.7012939453125,106.4292984008789,46.98659896850586,50.647098541259766
503.4023132324219,107.4458999633789,57.576900482177734,51.84199905395508
499.5935974121094,107.472900390625,65.09629821777344,51.51850128173828
499.644287109375,107.53179931640625,65.79409790039062,51.889400482177734
500.3580017089844,107.38279724121094,64.96849822998047,53.597801208496094
500.25531005859375,107.54080200195312,66.01029968261719,53.6156005859375
500.2850036621094,108.1707992553711,67.55460357666016,52.147300720214844
500.6796875,107.97129821777344,67.12750244140625,54.18769836425781
502.1606140136719,108.24859619140625,65.49929809570312,53.77040100097656
502.6335144042969,108.75759887695312,66.1343002319336,53.7588996887207
502.0657043457031,109.36090087890625,68.38739776611328,54.670799255371094
504.5072937011719,109.4937973022461,64.87689971923828,53.676998138427734
503.37188720703125,109.47239685058594,66.87139892578125,51.525699615478516
503.6814880371094,110.5468978881836,67.5031967163086,51.62009811401367
504.2662048339844,110.7697982788086,67.23380279541016,51.6703987121582
505.1986083984375,110.9021987915039,66.29190063476562,50.775901794433594
504.947509765625,111.42030334472656,66.78399658203125,52.93899917602539
504.8113098144531,111.44560241699219,67.63459777832031,56.44850158691406
506.97650146484375,112.16619873046875,65.30400085449219,52.004798889160156
505.8219909667969,113.0020980834961,67.31449890136719,49.48419952392578
506.6947021484375,113.24859619140625,65.86070251464844,53.70199966430664
511.4248962402344,114.05130004882812,60.91510009765625,50.71670150756836
518.2966918945312,114.93340301513672,53.41270065307617,53.41630172729492
527.1793823242188,115.85299682617188,39.95880126953125,53.62459945678711
532.6939697265625,116.15650177001953,31.079500198364258,51.37739944458008
534.61376953125,116.05740356445312,39.85820007324219,49.56269836425781
533.0578002929688,116.0697021484375,48.67020034790039,53.97159957885742
533.1472778320312,116.94450378417969,50.13880157470703,50.69660186767578
533.7999267578125,117.3187026977539,49.158599853515625,49.630001068115234
534.5358276367188,117.77680206298828,49.012901306152344,53.35279846191406
534.2608032226562,118.20680236816406,50.380699157714844,51.7047004699707
534.1171875,118.94129943847656,50.66630172729492,48.99300003051758
533.30322265625,119.13980102539062,51.18980026245117,52.4995002746582
533.372314453125,119.74590301513672,50.840301513671875,50.242801666259766
533.2241821289062,120.10810089111328,50.91239929199219,48.24639892578125
531.0275268554688,120.85980224609375,53.226898193359375,53.387699127197266
531.4213256835938,121.38520050048828,51.523399353027344,48.747501373291016
530.168212890625,121.50830078125,53.377899169921875,49.105899810791016
530.2645263671875,121.4613037109375,50.57389831542969,48.83879852294922
532.7288208007812,121.43370056152344,40.25040054321289,48.26210021972656
533.0211181640625,120.42430114746094,30.48870086669922,50.27479934692383
534.6408081054688,122.13749694824219,24.13170051574707,48.205101013183594
536.6654052734375,121.00509643554688,21.23349952697754,50.194698333740234
537.8001098632812,121.6072006225586,20.2101993560791,50.560699462890625
537.5781860351562,121.65840148925781,20.71380043029785,51.4723014831543
538.4805908203125,122.1708984375,20.250200271606445,50.68239974975586
538.2459106445312,122.13919830322266,20.701900482177734,51.368900299072266
537.6356811523438,123.6666030883789,21.51930046081543,47.14469909667969
539.0772705078125,123.26799774169922,20.160999298095703,49.81990051269531
539.028076171875,123.88919830322266,20.131799697875977,46.487998962402344
540.6635131835938,123.5989990234375,18.784900665283203,47.44839859008789
540.443115234375,124.34760284423828,19.094999313354492,48.49259948730469
540.8115844726562,124.02349853515625,19.065399169921875,48.18130111694336
540.6787719726562,124.01909637451172,19.412599563598633,51.59239959716797
540.6563110351562,123.285400390625,19.467500686645508,51.54059982299805
540.4517211914062,125.42009735107422,20.19860076904297,47.408599853515625
540.4600219726562,124.83540344238281,20.26729965209961,51.582000732421875
541.8427124023438,124.98310089111328,19.391799926757812,50.810001373291016
542.0772705078125,125.41110229492188,19.122600555419922,52.16210174560547
541.4976196289062,124.89900207519531,19.948299407958984,52.96910095214844
542.964111328125,126.1771011352539,19.07830047607422,50.621700286865234
542.6718139648438,126.63849639892578,19.495399475097656,48.364200592041016
541.5728149414062,126.48930358886719,21.130300521850586,47.91080093383789
542.510986328125,126.4717025756836,19.795799255371094,50.126399993896484
541.91552734375,125.79630279541016,20.350799560546875,52.3047981262207
542.2664184570312,127.43329620361328,20.363000869750977,48.99020004272461
542.5778198242188,126.76249694824219,19.62579917907715,51.19300079345703
542.0648803710938,127.60179901123047,20.684799194335938,49.565799713134766
542.5424194335938,127.1688003540039,19.86720085144043,51.27629852294922
542.3671264648438,127.5822982788086,20.195100784301758,49.03239822387695
542.384521484375,127.64510345458984,20.331899642944336,49.969200134277344
542.3795166015625,128.46910095214844,20.7593994140625,49.922401428222656
542.74658203125,128.2613067626953,20.667499542236328,50.00870132446289
542.8853149414062,128.7097930908203,20.020000457763672,48.3577995300293
542.6231079101562,128.96359252929688,20.7987003326416,47.16680145263672
542.4028930664062,128.9821014404297,21.761899948120117,49.825599670410156
543.8532104492188,128.95970153808594,20.433700561523438,50.16579818725586
543.5360717773438,129.47369384765625,20.512500762939453,46.438899993896484
543.8209228515625,128.8509979248047,21.01609992980957,50.23509979248047
543.5775146484375,129.06509399414062,21.484500885009766,50.189300537109375
544.0161743164062,129.75790405273438,21.476900100708008,48.25640106201172
544.06591796875,129.5576934814453,21.923999786376953,50.87860107421875
544.3558959960938,129.69479370117188,21.947900772094727,49.20560073852539
544.4683837890625,129.7926025390625,22.134000778198242,48.92070007324219
544.26123046875,129.47650146484375,22.555999755859375,48.61579895019531
544.7896118164062,130.2711944580078,22.528099060058594,46.04949951171875
544.4342041015625,129.37550354003906,23.344200134277344,48.93370056152344
544.9312744140625,129.73739624023438,22.45159912109375,48.692901611328125
545.3878173828125,130.08160400390625,21.28730010986328,50.24129867553711
544.7888793945312,131.5126953125,24.699800491333008,52.2328987121582
542.5482788085938,132.18919372558594,31.409500122070312,53.78459930419922
523.4038696289062,131.92990112304688,40.324100494384766,47.08470153808594
524.14697265625,131.606201171875,42.25669860839844,49.01409912109375
517.597412109375,132.98680114746094,49.17300033569336,52.631099700927734
512.4055786132812,133.17599487304688,55.391998291015625,62.25379943847656
515.7540283203125,133.2178955078125,65.34349822998047,57.782798767089844
515.0803833007812,133.5670928955078,67.35030364990234,49.1953010559082
513.5972900390625,133.50779724121094,70.05799865722656,46.91579818725586
513.3466796875,134.0980987548828,70.48670196533203,48.103599548339844
513.6527709960938,134.64100646972656,70.38739776611328,46.421199798583984
513.6939697265625,133.85069274902344,70.12110137939453,49.69580078125
514.173095703125,134.13389587402344,69.62850189208984,47.76190185546875
513.139892578125,134.54620361328125,72.03710174560547,48.4114990234375
514.03662109375,134.864501953125,70.83779907226562,48.75740051269531
514.3673095703125,134.63999938964844,71.37190246582031,50.719600677490234
513.7839965820312,135.0323028564453,72.79669952392578,50.1598014831543
514.6923828125,135.06149291992188,71.91649627685547,49.78559875488281
515.3494262695312,136.48330688476562,72.61039733886719,44.53799819946289
517.3986206054688,135.9600067138672,71.12339782714844,45.15950012207031
519.3828735351562,136.7187957763672,69.756103515625,44.773101806640625
518.8502807617188,136.46029663085938,72.34300231933594,46.467201232910156
520.176025390625,135.7310028076172,71.05339813232422,49.05860137939453
520.9677734375,136.42030334472656,72.02790069580078,46.89630126953125
522.0800170898438,136.22470092773438,71.597900390625,45.14899826049805
525.05078125,134.564697265625,67.91500091552734,49.24729919433594
532.3922119140625,134.0220947265625,59.963401794433594,49.53710174560547
543.9448852539062,134.4384002685547,45.87540054321289,45.942901611328125
549.9014892578125,133.96670532226562,36.795799255371094,51.67070007324219
557.7645874023438,134.6083984375,26.531099319458008,49.343101501464844
559.9213256835938,133.57339477539062,23.434099197387695,51.015499114990234
560.580078125,134.03179931640625,22.813199996948242,51.68539810180664
560.9741821289062,134.6343994140625,23.183000564575195,51.7515983581543
561.5040283203125,134.81239318847656,23.03569984436035,52.598201751708984
560.9188232421875,135.32139587402344,23.87019920349121,50.91170120239258
562.3839111328125,135.6851043701172,22.335399627685547,50.44889831542969
562.1248168945312,136.04220581054688,23.370800018310547,51.18949890136719
562.0941772460938,136.96299743652344,23.995500564575195,48.03139877319336
563.947998046875,136.74209594726562,21.38610076904297,50.08879852294922
563.7266235351562,137.9810028076172,21.93280029296875,49.76969909667969
563.7490844726562,138.11349487304688,22.529600143432617,51.84149932861328
563.8171997070312,138.47320556640625,23.233400344848633,52.68470001220703
563.884521484375,139.19520568847656,23.389799118041992,52.4099006652832
564.12451171875,139.5843963623047,24.011199951171875,53.70989990234375
564.4622802734375,140.75599670410156,23.855100631713867,50.91889953613281
564.5267944335938,141.47509765625,24.52440071105957,52.38819885253906
566.0031127929688,142.29110717773438,23.71579933166504,53.029701232910156
567.2346801757812,142.6811065673828,23.082500457763672,55.70539855957031
567.24609375,144.47979736328125,24.490699768066406,53.36009979248047
569.1312866210938,145.0655975341797,23.746299743652344,54.46870040893555
569.3024291992188,146.4080047607422,24.31170082092285,52.467098236083984
569.1364135742188,147.3802947998047,25.504899978637695,51.009498596191406
570.7490234375,150.3311004638672,24.509300231933594,46.47060012817383
570.6630859375,150.01210021972656,25.339000701904297,43.52109909057617
570.7534790039062,151.44659423828125,25.66189956665039,47.32609939575195
570.482177734375,151.97479248046875,26.431800842285156,51.69889831542969
571.4254760742188,153.2032012939453,24.991500854492188,51.092201232910156
571.648193359375,154.49530029296875,24.67889976501465,50.82440185546875
571.924072265625,155.20660400390625,25.441299438476562,52.835899353027344
572.7069091796875,156.60369873046875,25.222200393676758,52.964900970458984
572.0692749023438,157.9008026123047,26.55069923400879,54.43659973144531
572.473388671875,158.9503936767578,26.720699310302734,56.67679977416992
572.8933715820312,160.4552001953125,26.111799240112305,55.86280059814453
572.5839233398438,161.6947021484375,26.947099685668945,55.912200927734375
573.2188720703125,162.6654052734375,26.26759910583496,55.957698822021484
573.4345703125,164.3542022705078,24.712400436401367,55.14030075073242
574.8989868164062,167.33810424804688,21.225200653076172,53.32339859008789
574.8604736328125,169.5272979736328,23.489299774169922,52.285099029541016
572.913818359375,171.5081024169922,30.275100708007812,54.12900161743164
557.0817260742188,173.48109436035156,36.42919921875,57.48440170288086
547.4769897460938,175.01690673828125,44.614898681640625,58.866600036621094
560.2694702148438,178.7519073486328,49.778900146484375,48.99810028076172
543.9581298828125,180.4091033935547,60.23720169067383,51.061500549316406
544.3414916992188,182.50379943847656,64.36519622802734,43.83409881591797
544.1035766601562,184.9342041015625,65.42880249023438,42.23910140991211
542.6644287109375,187.00430297851562,66.443603515625,43.0099983215332
543.7913818359375,188.4882049560547,64.80079650878906,44.24340057373047
543.2744140625,189.94529724121094,65.95230102539062,42.288700103759766
542.8928833007812,192.10369873046875,66.42230224609375,42.2135009765625
541.7180786132812,193.23199462890625,67.93260192871094,42.33869934082031
542.7260131835938,194.47509765625,65.8552017211914,43.23099899291992
542.0194091796875,195.35299682617188,67.35040283203125,43.83549880981445
542.5166015625,196.88009643554688,66.40850067138672,44.43149948120117
541.4614868164062,197.93960571289062,67.49960327148438,43.66490173339844
540.958984375,199.41250610351562,68.40350341796875,44.660099029541016
540.3043212890625,200.57130432128906,68.49359893798828,45.42890167236328
540.3671264648438,202.27169799804688,67.9613037109375,43.34189987182617
539.9735717773438,203.9517059326172,66.82319641113281,44.320701599121094
537.972900390625,204.9884033203125,68.5167007446289,43.59880065917969
538.1080932617188,207.110107421875,67.24629974365234,42.842498779296875
536.3515014648438,207.9980010986328,68.24019622802734,41.44729995727539
536.2550048828125,210.285400390625,67.3904037475586,41.752601623535156
534.301513671875,211.35450744628906,68.6697006225586,45.4921989440918
535.2315063476562,213.98159790039062,67.28520202636719,42.962501525878906
530.79052734375,214.74270629882812,70.88240051269531,45.00299835205078
531.8389282226562,216.8271942138672,68.75189971923828,44.61520004272461
532.4420166015625,218.34100341796875,67.0457992553711,41.44179916381836
535.559814453125,217.375,59.515098571777344,42.17490005493164
540.911376953125,217.67950439453125,50.882198333740234,50.13819885253906
546.5278930664062,218.86520385742188,40.821800231933594,55.04050064086914
550.3029174804688,220.41090393066406,32.16749954223633,52.02320098876953
550.2330932617188,221.635498046875,28.100400924682617,50.06570053100586
547.2733764648438,223.28480529785156,28.231300354003906,45.974998474121094
545.7567138671875,224.30039978027344,26.1117000579834,49.25239944458008
544.0067749023438,225.8686981201172,25.252099990844727,46.9109992980957
541.1563720703125,226.6439971923828,24.251100540161133,48.15879821777344
537.1251831054688,227.60830688476562,25.436599731445312,48.973899841308594
534.5213012695312,229.48049926757812,24.82270050048828,46.56370162963867
531.2080078125,231.15550231933594,24.643999099731445,44.17679977416992
527.31689453125,232.07620239257812,25.847200393676758,46.7515983581543
524.2125244140625,233.99119567871094,25.659299850463867,43.30820083618164
520.3145751953125,235.31419372558594,25.46030044555664,43.13090133666992
517.3338012695312,236.14199829101562,24.5310001373291,45.63119888305664
514.8031005859375,237.68380737304688,23.64579963684082,44.396400451660156
510.3490905761719,238.0334930419922,24.100200653076172,46.01839828491211
507.1171875,239.70750427246094,24.973499298095703,44.23630142211914
504.151611328125,240.06410217285156,23.84440040588379,45.45180130004883
500.53448486328125,240.39199829101562,24.50860023498535,44.75699996948242
497.5928039550781,241.92660522460938,23.567100524902344,43.10770034790039
494.3905029296875,243.00120544433594,23.997600555419922,43.225399017333984
491.0090026855469,244.5301971435547,23.478500366210938,43.6599006652832
487.92279052734375,245.2615966796875,22.79669952392578,43.40129852294922
484.0448913574219,246.8795928955078,23.923200607299805,45.12110137939453
480.61468505859375,247.28640747070312,23.957799911499023,46.9359016418457
477.4566955566406,248.7032928466797,23.15399932861328,45.50469970703125
474.24591064453125,249.80140686035156,23.083200454711914,44.372398376464844
468.076904296875,252.1248016357422,27.268600463867188,39.05870056152344
461.7080993652344,252.8791961669922,31.533599853515625,43.69169998168945
455.3348083496094,254.42230224609375,37.17879867553711,42.301998138427734
440.9621887207031,255.73890686035156,47.73830032348633,39.682899475097656
433.96380615234375,256.8927917480469,57.09550094604492,35.60049819946289
429.11151123046875,257.35699462890625,60.8140983581543,39.955299377441406
425.5492858886719,256.7333068847656,62.277099609375,42.255001068115234
425.32830810546875,257.1705017089844,59.942501068115234,41.8135986328125
421.5610046386719,257.0994873046875,62.11320114135742,44.58209991455078
420.2732849121094,257.31201171875,61.00680160522461,44.3401985168457
418.5096130371094,257.6846923828125,60.924198150634766,40.96849822998047
416.12359619140625,257.2569885253906,61.715599060058594,44.93840026855469
414.5769958496094,257.1867980957031,61.92770004272461,44.1609992980957
413.5585021972656,257.5755920410156,61.66450119018555,41.04930114746094
412.0497131347656,257.7608947753906,62.21699905395508,40.500999450683594
412.19268798828125,256.7655029296875,60.5255012512207,43.23509979248047
410.5799865722656,256.7077941894531,62.987098693847656,41.80720138549805
410.56549072265625,256.48968505859375,61.26219940185547,44.0077018737793
410.1134948730469,257.3507080078125,62.52349853515625,43.32160186767578
408.906005859375,257.41259765625,64.86430358886719,41.53960037231445
409.12908935546875,257.1770935058594,64.75509643554688,44.75149917602539
409.6654968261719,257.13580322265625,63.724098205566406,44.4453010559082
406.4778137207031,257.8891906738281,67.58390045166016,43.51850128173828
403.8533020019531,257.26971435546875,71.18620300292969,45.56549835205078
404.3030090332031,258.7919006347656,71.45149993896484,43.33879852294922
411.1347961425781,260.7936096191406,62.61109924316406,38.3557014465332
418.37921142578125,261.05889892578125,52.161399841308594,37.49489974975586
421.6001892089844,260.885986328125,45.83639907836914,39.622100830078125
420.83050537109375,261.42559814453125,44.57849884033203,36.453800201416016
420.6272888183594,261.7383117675781,43.30929946899414,36.338401794433594
419.2388916015625,261.0299072265625,44.307701110839844,40.8380012512207
418.3799133300781,261.081787109375,44.30820083618164,38.88589859008789
417.8594055175781,260.9690856933594,43.0432014465332,36.98630142211914
417.3330993652344,260.2818908691406,43.375,37.188899993896484
416.9065856933594,259.681396484375,42.72909927368164,36.33060073852539
415.8783874511719,259.3869934082031,43.813201904296875,36.2947998046875
415.40740966796875,259.18341064453125,43.767799377441406,33.50669860839844
414.34710693359375,258.1424865722656,43.92319869995117,37.52040100097656
412.28240966796875,257.2362976074219,47.306400299072266,38.28820037841797
408.7665100097656,256.25628662109375,51.76890182495117,33.04499816894531
402.6488952636719,254.1125030517578,59.9015998840332,38.94889831542969
397.8464050292969,253.4031982421875,67.635498046875,37.68790054321289
396.3402099609375,252.2720947265625,71.71520233154297,44.127201080322266
398.21551513671875,252.07040405273438,69.77140045166016,41.382598876953125
398.8028869628906,250.26109313964844,69.97740173339844,42.966400146484375
399.2677917480469,250.20559692382812,71.5541000366211,40.11539840698242
400.8736877441406,249.10350036621094,72.14209747314453,42.07440185546875
401.7698974609375,248.01210021972656,71.41690063476562,40.596099853515625
402.02410888671875,245.94500732421875,73.26029968261719,43.69430160522461
403.6155090332031,244.61749267578125,69.45349884033203,42.335201263427734
404.3016052246094,243.13600158691406,71.67469787597656,42.68119812011719
403.1231994628906,242.25360107421875,75.35430145263672,42.57569885253906
404.4578857421875,241.1020965576172,73.35919952392578,41.80440139770508
404.8576965332031,240.3675994873047,73.51170349121094,43.17890167236328
406.64910888671875,240.54580688476562,70.06199645996094,42.07680130004883
410.1588134765625,239.51319885253906,66.12580108642578,44.35390090942383
416.4252014160156,239.95050048828125,58.47159957885742,43.328399658203125
423.0627136230469,239.6894989013672,50.16699981689453,39.45899963378906
427.4707946777344,239.34359741210938,43.06169891357422,39.01210021972656
429.1072082519531,239.52220153808594,39.739498138427734,35.29999923706055
429.67388916015625,238.87820434570312,39.470001220703125,37.95539855957031
430.1881103515625,238.36619567871094,38.59629821777344,37.5620002746582
430.3218078613281,238.03590393066406,39.06050109863281,37.39649963378906
431.0985107421875,237.48240661621094,37.75809860229492,36.836700439453125
431.3547058105469,236.41209411621094,38.83720016479492,40.49909973144531
431.19830322265625,235.1392059326172,39.51679992675781,40.77519989013672
432.06689453125,234.9553985595703,39.38240051269531,41.62779998779297
433.15679931640625,233.24960327148438,38.50270080566406,41.78990173339844
433.46868896484375,233.48660278320312,39.644798278808594,39.48569869995117
434.398193359375,232.50489807128906,39.75709915161133,41.51679992675781
435.62701416015625,232.30909729003906,40.385501861572266,37.48379898071289
437.11968994140625,232.11329650878906,40.3927001953125,36.91669845581055
438.20709228515625,231.11599731445312,41.538299560546875,39.496299743652344
440.5191955566406,229.75889587402344,40.334999084472656,42.08549880981445
439.47100830078125,228.35809326171875,44.239898681640625,42.155399322509766
438.67919921875,228.1416015625,49.37810134887695,38.83570098876953
437.0956115722656,226.7292938232422,54.87969970703125,36.52280044555664
435.24468994140625,225.73680114746094,57.1953010559082,38.40739822387695
433.2630920410156,224.1824951171875,67.32669830322266,46.04399871826172
434.33099365234375,223.81689453125,70.91010284423828,48.30440139770508
437.39080810546875,224.63560485839844,71.58550262451172,44.80440139770508
439.87109375,224.60130310058594,73.25559997558594,41.997100830078125
442.3222961425781,223.2147979736328,74.82550048828125,44.97560119628906
445.69049072265625,222.654296875,76.27980041503906,49.31660079956055
450.9656982421875,222.1623992919922,74.88069915771484,50.562801361083984
456.28271484375,221.46730041503906,73.23519897460938,47.69139862060547
459.3085021972656,220.8865966796875,75.15270233154297,46.47010040283203
463.4710998535156,219.9149932861328,76.18659973144531,48.92259979248047
468.0050964355469,219.6197967529297,76.45850372314453,44.17839813232422
474.7746887207031,218.4217987060547,72.74089813232422,46.24689865112305
478.1429138183594,217.6367950439453,75.20659637451172,47.11859893798828
482.3616943359375,218.2342071533203,76.07219696044922,45.435699462890625
487.9602966308594,217.9154052734375,75.46749877929688,43.35390090942383
492.0696105957031,216.372802734375,75.66100311279297,44.57279968261719
496.4296875,216.10020446777344,75.806396484375,44.13570022583008
500.51141357421875,214.9613037109375,75.83460235595703,46.66450119018555
504.0259094238281,214.30239868164062,76.76399993896484,46.38420104980469
506.5309143066406,212.76939392089844,79.25980377197266,49.700599670410156
510.23858642578125,212.42950439453125,81.15879821777344,47.92250061035156
514.3297729492188,211.97659301757812,81.44349670410156,50.42649841308594
518.272705078125,211.03219604492188,82.18560028076172,48.38890075683594
524.5382080078125,212.66209411621094,79.33999633789062,44.61909866333008
529.4114990234375,210.6085968017578,78.56340026855469,46.45320129394531
532.7039184570312,210.73150634765625,79.18789672851562,46.54890060424805
536.2996215820312,210.54440307617188,78.70909881591797,45.62770080566406
540.2410278320312,210.01229858398438,79.2177963256836,46.079898834228516
544.323974609375,210.28759765625,77.71009826660156,45.04970169067383
546.9924926757812,208.08070373535156,78.24819946289062,52.970001220703125
549.5845947265625,207.53219604492188,77.63269805908203,48.34939956665039
552.193115234375,206.05569458007812,75.23269653320312,48.02159881591797
554.0253295898438,205.3135986328125,76.4447021484375,45.97710037231445
557.748291015625,204.01780700683594,72.03189849853516,48.2765007019043
560.5703735351562,202.84230041503906,69.74369812011719,47.56949996948242
568.8848266601562,201.04139709472656,60.67679977416992,52.197200775146484
576.5155029296875,200.02549743652344,51.08250045776367,46.5989990234375
583.1257934570312,198.9123992919922,41.808101654052734,41.64910125732422
586.9852294921875,198.2545928955078,35.9817008972168,40.56439971923828
586.8856811523438,197.20230102539062,36.653900146484375,40.86330032348633
587.2750854492188,197.67750549316406,35.337799072265625,41.3302001953125
587.434814453125,197.404296875,35.859901428222656,41.063499450683594
588.5819702148438,196.72230529785156,34.132999420166016,44.423500061035156
588.6851196289062,196.51300048828125,35.27040100097656,49.680301666259766
589.6881713867188,196.40420532226562,35.27410125732422,48.95180130004883
589.89208984375,196.65829467773438,35.03010177612305,49.783599853515625
591.08447265625,197.04400634765625,34.60609817504883,47.478599548339844
591.4437255859375,196.72140502929688,35.626399993896484,52.32590103149414
593.3483276367188,197.10760498046875,34.1161994934082,52.55619812011719
594.4135131835938,196.63189697265625,33.597999572753906,51.618099212646484
594.4686889648438,196.84609985351562,33.80149841308594,48.82929992675781
595.8823852539062,196.77439880371094,33.69649887084961,44.28820037841797
597.2957153320312,196.0491943359375,32.95970153808594,50.18920135498047
597.8624877929688,196.61729431152344,34.39680099487305,47.652000427246094
597.8596801757812,196.19140625,34.166500091552734,47.567501068115234
598.8798828125,196.4333038330078,34.48789978027344,49.160099029541016
599.6160278320312,196.44020080566406,35.163700103759766,47.66699981689453
601.5294189453125,196.0052947998047,32.74340057373047,47.351200103759766
601.5040893554688,196.22140502929688,33.75469970703125,44.142601013183594
603.4993286132812,195.6031951904297,31.810800552368164,41.70240020751953
604.0496826171875,195.30850219726562,32.321998596191406,45.9547004699707
603.7283935546875,195.47039794921875,33.95069885253906,49.99259948730469
605.049072265625,195.83859252929688,33.19900131225586,53.86589813232422
607.060302734375,195.74769592285156,31.384000778198242,50.638099670410156
607.3986206054688,196.28509521484375,32.20109939575195,46.69219970703125
607.05078125,196.05230712890625,33.20220184326172,50.14540100097656
606.5609741210938,195.8907012939453,34.9557991027832,49.7317008972168
608.3521118164062,195.93240356445312,34.750999450683594,48.740501403808594
608.240478515625,195.8011932373047,35.06159973144531,49.227699279785156
609.37060546875,195.70269775390625,35.18040084838867,48.7599983215332
611.7968139648438,195.50830078125,33.269100189208984,51.040401458740234
615.0997924804688,196.74850463867188,29.844200134277344,46.592498779296875
620.001220703125,196.89089965820312,23.658700942993164,49.54750061035156
617.8516235351562,196.285400390625,27.96489906311035,51.83649826049805
615.3895263671875,195.5052947998047,36.687599182128906,49.86759948730469
623.9442749023438,195.32620239257812,48.082401275634766,46.349700927734375
618.4655151367188,195.9835968017578,59.40510177612305,50.199501037597656
613.2551879882812,195.50689697265625,66.09269714355469,53.98970031738281
609.1586303710938,195.7512969970703,71.51490020751953,48.79779815673828
610.0632934570312,196.92669677734375,70.41210174560547,48.482601165771484
608.690185546875,196.014892578125,72.23989868164062,49.94150161743164
607.7094116210938,195.6029052734375,73.19670104980469,51.72060012817383
608.0125732421875,196.30169677734375,72.62760162353516,54.220298767089844
609.8944702148438,195.3697967529297,69.64409637451172,48.85499954223633
618.3973999023438,195.70199584960938,61.731201171875,49.62649917602539
625.3931274414062,194.86019897460938,52.53099822998047,53.10369873046875
631.5844116210938,195.55169677734375,46.24140167236328,47.398399353027344
615.5712890625,190.71119689941406,61.45029830932617,44.10060119628906
576.9249267578125,174.67050170898438,63.939701080322266,44.34040069580078
585.165771484375,173.39590454101562,63.75559997558594,44.24769973754883
595.9575805664062,172.8271026611328,61.267601013183594,43.992401123046875
606.4177856445312,174.09219360351562,61.1156005859375,42.18519973754883
619.8483276367188,173.25450134277344,55.99369812011719,49.179298400878906
628.840087890625,173.91299438476562,59.97209930419922,47.96950149536133
638.7369995117188,173.74600219726562,61.226200103759766,46.95140075683594
648.7506713867188,173.5941925048828,61.585601806640625,47.83140182495117
661.55419921875,173.11520385742188,59.85749816894531,49.89400100708008
672.42919921875,172.6562957763672,60.880401611328125,53.65549850463867
682.9359741210938,172.15989685058594,61.11140060424805,52.299800872802734
694.2642822265625,171.5509033203125,65.01519775390625,52.05500030517578
706.00390625,171.1999053955078,65.0979995727539,52.719200134277344
717.1939697265625,170.716796875,64.78369903564453,53.22140121459961
727.827880859375,170.5699005126953,64.40350341796875,51.49800109863281
741.6594848632812,170.835205078125,59.22610092163086,48.41680145263672
753.240478515625,170.7816925048828,57.952301025390625,43.827701568603516
765.253173828125,171.5345001220703,55.68730163574219,40.825599670410156
777.0076293945312,173.03370666503906,56.439300537109375,34.24789810180664
789.4725952148438,174.25619506835938,58.32780075073242,31.607200622558594
799.5482788085938,173.71749877929688,62.462501525878906,29.86440086364746
812.3665771484375,173.87649536132812,57.770599365234375,31.129499435424805
823.08251953125,173.2812042236328,58.17900085449219,27.680500030517578
838.569580078125,171.5438995361328,55.30500030517578,24.709400177001953
850.8770141601562,168.7111053466797,55.48749923706055,24.375900268554688
862.5588989257812,167.0500030517578,55.47869873046875,27.4153995513916
869.8798217773438,166.29620361328125,60.16230010986328,27.9281005859375
880.6948852539062,165.2209930419922,61.15299987792969,28.486299514770508
891.99609375,166.49530029296875,60.81380081176758,35.32780075073242
903.5200805664062,163.36160278320312,61.46200180053711,38.602298736572266
915.5794067382812,162.8289031982422,62.18840026855469,35.222900390625
927.3004150390625,163.91909790039062,62.42720031738281,31.471500396728516
940.278076171875,163.75799560546875,60.479801177978516,30.11479949951172
951.2020874023438,163.44320678710938,62.84230041503906,31.169300079345703
963.7235107421875,163.58590698242188,61.54840087890625,30.26889991760254
977.4210815429688,163.46539306640625,60.72529983520508,29.773099899291992
989.2598876953125,163.2274932861328,60.92720031738281,32.395999908447266
1003.3504028320312,164.22410583496094,57.85850143432617,30.98419952392578
1018.046875,161.91619873046875,56.265499114990234,33.21770095825195
1029.9267578125,160.22860717773438,56.52349853515625,34.458099365234375
1038.870849609375,160.37269592285156,62.70719909667969,28.845399856567383
1069.1063232421875,156.75709533691406,61.45429992675781,30.995500564575195
1074.4906005859375,153.89410400390625,57.640499114990234,30.533100128173828
1089.5020751953125,151.80569458007812,53.61690139770508,27.8789005279541
1117.510009765625,153.5417938232422,58.867801666259766,25.188600540161133
1118.759765625,152.36740112304688,53.329498291015625,25.31060028076172
1146.83984375,149.6092987060547,44.15489959716797,27.7012996673584
1164.25927734375,149.3634033203125,39.62710189819336,25.928800582885742
1180.3658447265625,148.4958038330078,39.724998474121094,25.481199264526367
1197.4847412109375,146.68130493164062,39.465999603271484,26.2726993560791
1213.323486328125,145.24180603027344,40.26449966430664,28.527000427246094
1230.1845703125,145.13690185546875,40.638099670410156,29.926700592041016
1245.3458251953125,145.5791015625,34.95830154418945,28.247600555419922
1259.411865234375,147.62969970703125,28.141799926757812,25.479999542236328
1255.8291015625,149.96200561523438,25.78380012512207,27.218000411987305
1266.0108642578125,152.77650451660156,21.9143009185791,22.73550033569336
1267.93896484375,150.35240173339844,19.23940086364746,25.468900680541992
1264.8040771484375,148.11700439453125,16.229000091552734,26.91069984436035
1267.050537109375,146.21090698242188,12.981599807739258,29.594900131225586
1267.76513671875,145.5644073486328,12.421199798583984,30.025299072265625
1267.0867919921875,146.0894012451172,12.456199645996094,28.386600494384766
1265.947021484375,146.8950958251953,13.622699737548828,30.524900436401367
1266.372802734375,145.24549865722656,12.647000312805176,30.809799194335938
1265.820068359375,146.08470153808594,13.530500411987305,30.061399459838867
1265.424560546875,145.95269775390625,13.886300086975098,28.8302001953125
1265.5777587890625,146.01370239257812,13.686800003051758,28.66819953918457
1264.537353515625,144.8498992919922,14.861100196838379,30.537700653076172
1264.91015625,144.210205078125,13.788399696350098,30.89389991760254
1264.1864013671875,147.9958038330078,14.348699569702148,28.926599502563477
1264.2935791015625,144.63540649414062,14.19849967956543,29.78809928894043
1263.015869140625,144.44309997558594,16.315500259399414,29.36870002746582
1263.628662109375,143.87550354003906,15.30780029296875,30.7455997467041
1263.3931884765625,142.78500366210938,16.2544002532959,32.215301513671875
1258.9505615234375,143.74099731445312,20.452999114990234,30.534400939941406
1260.301025390625,143.18080139160156,18.772199630737305,31.87030029296875
1261.4232177734375,142.6156005859375,17.615299224853516,32.4635009765625
1260.674560546875,142.00779724121094,19.162599563598633,32.95940017700195
1260.8359375,141.793701171875,18.153900146484375,32.8297004699707
1258.45654296875,142.7906036376953,21.291500091552734,31.283100128173828
1258.2598876953125,142.2335968017578,21.847000122070312,32.034698486328125
1258.377197265625,141.15640258789062,21.943500518798828,33.73059844970703
1256.6937255859375,141.84869384765625,23.611600875854492,33.04869842529297
1256.3465576171875,141.78480529785156,24.58300018310547,31.431800842285156
1256.197265625,140.83079528808594,25.126300811767578,33.30379867553711
1255.1971435546875,140.60009765625,25.47130012512207,33.22249984741211
1256.857421875,140.01480102539062,23.980300903320312,33.793701171875
1255.9764404296875,139.70150756835938,23.95050048828125,34.39780044555664
1252.2117919921875,139.26190185546875,28.085500717163086,33.80289840698242
1254.1126708984375,137.8321075439453,25.846799850463867,34.39039993286133
1250.7799072265625,138.91180419921875,28.941499710083008,30.09309959411621
1248.23583984375,139.5446014404297,31.242399215698242,29.490999221801758
1251.08740234375,139.0424041748047,28.25119972229004,28.791400909423828
1255.3712158203125,137.78790283203125,24.493499755859375,25.87779998779297
1252.749267578125,147.95669555664062,26.174800872802734,22.714399337768555
1255.2386474609375,138.2373046875,24.789199829101562,26.27389907836914
1241.7545166015625,135.42799377441406,21.53580093383789,31.17140007019043
1243.756591796875,134.9062957763672,18.261499404907227,34.621700286865234
1242.20947265625,134.02149963378906,20.46339988708496,35.24079895019531
1241.8455810546875,135.06039428710938,19.370399475097656,33.3656005859375
1240.8651123046875,133.58619689941406,20.13960075378418,35.14310073852539
1239.09619140625,133.4564971923828,20.78230094909668,33.138099670410156
1235.720947265625,132.86849975585938,22.226699829101562,32.42959976196289
1236.1187744140625,132.9438934326172,19.856300354003906,31.790700912475586
1236.1898193359375,132.9051971435547,17.79599952697754,30.80739974975586
1235.646240234375,131.79640197753906,17.711299896240234,30.867799758911133
1232.91552734375,132.07139587402344,20.968799591064453,27.74530029296875
1232.5362548828125,132.1927947998047,19.09670066833496,29.480100631713867
1234.2042236328125,129.10870361328125,15.820699691772461,32.80590057373047
1232.172607421875,128.94720458984375,17.3705997467041,32.90380096435547
1230.945556640625,127.5802993774414,18.86669921875,33.61940002441406
1229.4456787109375,127.48609924316406,19.691099166870117,32.442298889160156
1227.593994140625,127.64209747314453,21.305599212646484,31.426799774169922
1227.025634765625,127.28060150146484,19.632600784301758,29.220800399780273
1224.8126220703125,127.089599609375,22.59589958190918,31.814300537109375
1225.635009765625,125.92990112304688,17.962400436401367,33.239601135253906
1224.1328125,124.70130157470703,18.468700408935547,33.1171989440918
1222.461669921875,125.24729919433594,18.4153995513916,30.99850082397461
1221.9140625,124.87899780273438,15.964799880981445,31.021499633789062
1220.1043701171875,124.13870239257812,16.993200302124023,30.27519989013672
1219.206787109375,122.2686996459961,16.65239906311035,32.21049880981445
1218.6295166015625,121.89920043945312,16.572099685668945,31.87849998474121
1218.326416015625,121.06320190429688,15.320599555969238,32.40510177612305
1215.9688720703125,120.01679992675781,17.275800704956055,33.17210006713867
1215.5882568359375,119.74970245361328,16.927600860595703,33.446998596191406
1214.6263427734375,118.23739624023438,16.82229995727539,34.15629959106445
1214.349365234375,117.01439666748047,16.66029930114746,33.587501525878906
1212.10400390625,118.68180084228516,18.12579917907715,30.958099365234375
1211.233642578125,117.02880096435547,16.32040023803711,33.524200439453125
1210.2247314453125,116.60260009765625,15.811100006103516,33.048099517822266
1208.5191650390625,116.09149932861328,16.263500213623047,32.262901306152344
1206.19189453125,115.2218017578125,18.697099685668945,32.34619903564453
1205.991943359375,114.85569763183594,16.553800582885742,31.863399505615234
1204.384765625,113.83489990234375,17.451400756835938,32.1614990234375
1203.1727294921875,113.20429992675781,17.827899932861328,32.764198303222656
1201.4754638671875,113.97720336914062,18.127399444580078,31.71940040588379
1200.70654296875,113.06109619140625,18.510799407958984,32.433799743652344
1199.4449462890625,110.59870147705078,17.60140037536621,32.6880989074707
1198.8883056640625,110.96410369873047,17.53230094909668,32.818199157714844
1197.9169921875,110.3906021118164,18.19930076599121,33.5640983581543
1197.0599365234375,110.11579895019531,17.434999465942383,32.74449920654297
1196.25927734375,108.72219848632812,15.496000289916992,33.38359832763672
1196.8988037109375,108.50910186767578,13.255200386047363,33.39500045776367
1191.1971435546875,109.32360076904297,16.46769905090332,29.439599990844727
1189.11767578125,107.69830322265625,19.707000732421875,31.418800354003906
1190.1199951171875,107.20159912109375,17.25309944152832,31.840099334716797
1188.676025390625,106.45110321044922,17.469100952148438,29.76059913635254
1186.4378662109375,106.96880340576172,18.706600189208984,31.238500595092773
1186.409912109375,107.70809936523438,17.40920066833496,30.418699264526367
1184.249755859375,107.15170288085938,18.498300552368164,30.410400390625
1185.630615234375,104.27890014648438,14.9483003616333,33.82389831542969
1183.836181640625,105.05290222167969,16.70789909362793,32.55830001831055
1181.4134521484375,103.27549743652344,19.217100143432617,34.515201568603516
1181.3309326171875,102.06580352783203,17.79450035095215,36.22529983520508
1181.5230712890625,101.40630340576172,15.078900337219238,37.032901763916016
1179.658935546875,102.22139739990234,16.124799728393555,37.19459915161133
1177.7840576171875,102.50740051269531,20.083099365234375,40.83509826660156
1175.260498046875,97.77320098876953,25.21470069885254,37.520999908447266
1173.2392578125,99.99739837646484,27.219499588012695,34.863800048828125
1170.4429931640625,100.79139709472656,30.113000869750977,30.351900100708008
1168.7222900390625,100.12239837646484,30.455400466918945,29.84589958190918
1165.5150146484375,100.7697982788086,32.7067985534668,26.211599349975586
1166.0936279296875,100.50479888916016,30.975400924682617,23.960800170898438
1166.214111328125,111.75740051269531,31.490999221801758,19.8705997467041
1155.07421875,101.9719009399414,36.60309982299805,22.454099655151367
1151.84033203125,99.5479965209961,40.5536994934082,25.097299575805664
1149.7701416015625,97.91809844970703,42.480098724365234,29.028400421142578
1148.881591796875,98.11250305175781,42.60879898071289,27.52669906616211
1156.0736083984375,98.16190338134766,39.16899871826172,26.68869972229004
1153.2166748046875,99.37110137939453,39.48320007324219,25.202600479125977
1150.4586181640625,98.29969787597656,39.03369903564453,28.662599563598633
1145.8656005859375,97.59729766845703,41.85660171508789,30.74799919128418
1139.8919677734375,98.27239990234375,47.9818000793457,30.23870086669922
1138.853271484375,97.69550323486328,46.92470169067383,27.827999114990234
1150.907958984375,110.96630096435547,48.13140106201172,24.105100631713867
