1
588.0897827148438,101.48190307617188,68.37640380859375,64.93800354003906
589.2540893554688,100.94349670410156,64.73870086669922,64.76190185546875
587.7293701171875,100.12930297851562,67.66539764404297,67.86080169677734
588.9168701171875,101.02469635009766,66.23799896240234,71.97059631347656
588.5906982421875,99.63400268554688,66.27510070800781,73.95770263671875
588.1187744140625,99.51820373535156,67.306396484375,73.03669738769531
587.7819213867188,100.5011978149414,67.59400177001953,70.97450256347656
588.652587890625,100.18229675292969,66.5697021484375,73.71510314941406
589.3264770507812,99.82589721679688,66.0728988647461,76.88829803466797
588.3363037109375,99.8230972290039,66.82540130615234,74.29959869384766
588.34130859375,100.91079711914062,65.9032974243164,69.99949645996094
587.1884155273438,100.2228012084961,67.03910064697266,74.01249694824219
585.8765869140625,101.64089965820312,68.05059814453125,68.55560302734375
586.682373046875,100.6792984008789,66.28630065917969,74.13240051269531
588.1464233398438,99.49210357666016,64.10489654541016,71.31390380859375
595.1741943359375,100.189697265625,52.82429885864258,69.35199737548828
603.730224609375,100.09510040283203,40.01559829711914,68.58049774169922
611.1555786132812,99.66339874267578,30.98069953918457,65.33450317382812
620.9426879882812,98.63970184326172,39.22850036621094,66.34400177001953
616.809326171875,101.40589904785156,50.14720153808594,64.94719696044922
609.8707275390625,101.17900085449219,57.645999908447266,71.36080169677734
602.3369140625,102.15889739990234,66.30889892578125,65.09020233154297
600.2177124023438,103.45379638671875,66.51270294189453,62.79050064086914
600.0631713867188,103.3584976196289,69.39289855957031,63.579898834228516
599.8082885742188,103.41609954833984,66.57460021972656,63.78239822387695
600.1663818359375,103.31839752197266,67.2177963256836,63.368900299072266
598.4921264648438,103.49909973144531,68.23410034179688,65.314697265625
599.2459716796875,104.05670166015625,67.52980041503906,59.006500244140625
597.75537109375,104.10919952392578,67.80879974365234,49.750701904296875
598.06787109375,103.00689697265625,66.5927963256836,45.639198303222656
596.0980834960938,102.94090270996094,68.64759826660156,52.372798919677734
596.1881103515625,102.8363037109375,68.15879821777344,53.43080139160156
595.4920043945312,103.06539916992188,66.39849853515625,50.2505989074707
594.343017578125,102.67440032958984,67.82759857177734,53.457801818847656
592.589599609375,102.49739837646484,68.31759643554688,50.44620132446289
593.0817260742188,102.62239837646484,64.2958984375,57.63479995727539
592.1082153320312,102.68000030517578,62.08470153808594,59.90010070800781
591.5692138671875,103.52410125732422,58.96179962158203,54.854000091552734
591.3408203125,103.59049987792969,58.034400939941406,57.282100677490234
590.7617797851562,103.28579711914062,57.550899505615234,63.89360046386719
590.05859375,103.73410034179688,57.808799743652344,61.74449920654297
589.7369995117188,103.23919677734375,56.76959991455078,58.072898864746094
586.6744995117188,103.52149963378906,57.832000732421875,62.44729995727539
587.3057861328125,104.18779754638672,56.431800842285156,57.588401794433594
586.313720703125,103.25499725341797,57.36520004272461,63.710899353027344
586.660888671875,103.84020233154297,56.26919937133789,61.29349899291992
584.2288208007812,103.34110260009766,57.320701599121094,63.014801025390625
586.2216796875,103.89199829101562,54.904998779296875,60.60449981689453
585.9586791992188,104.70030212402344,53.98970031738281,56.74679946899414
585.8640747070312,103.69499969482422,54.88779830932617,57.605201721191406
584.81591796875,104.20120239257812,55.201698303222656,56.11050033569336
584.8245849609375,104.24040222167969,55.20389938354492,54.258399963378906
584.4619750976562,103.63420104980469,55.810699462890625,59.009300231933594
584.100830078125,104.59590148925781,54.776798248291016,52.707298278808594
585.852783203125,104.3136978149414,48.30339813232422,56.777198791503906
587.9461059570312,106.24310302734375,35.931800842285156,56.90589904785156
591.3875732421875,105.70330047607422,26.670900344848633,49.5010986328125
582.1052856445312,104.2396011352539,29.01849937438965,53.50199890136719
578.9437255859375,106.42400360107422,34.3135986328125,49.867801666259766
578.9561157226562,105.92489624023438,39.012001037597656,52.48040008544922
579.9843139648438,106.29869842529297,48.39099884033203,56.34000015258789
561.0471801757812,105.63020324707031,55.45600128173828,60.28929901123047
560.585205078125,105.42489624023438,68.39140319824219,69.81559753417969
560.0460205078125,106.51399993896484,68.36100006103516,67.63860321044922
559.799072265625,105.57550048828125,68.6415023803711,67.6001968383789
560.0294189453125,105.86280059814453,68.55719757080078,74.01170349121094
558.931884765625,104.8936996459961,69.35579681396484,74.56320190429688
559.2518920898438,105.00170135498047,69.02169799804688,84.02249908447266
559.1389770507812,105.10169982910156,70.03160095214844,75.04920196533203
558.9846801757812,103.97640228271484,69.66940307617188,82.88310241699219
559.4838256835938,104.73739624023438,69.79070281982422,80.5509033203125
558.9564819335938,104.44930267333984,69.89199829101562,83.90119934082031
559.077880859375,103.8196029663086,69.25129699707031,85.05979919433594
559.1055908203125,103.64250183105469,69.41629791259766,91.05370330810547
558.3093872070312,104.43389892578125,69.8322982788086,88.21530151367188
557.9827880859375,104.2865982055664,69.87670135498047,86.92230224609375
557.5109252929688,104.1344985961914,69.17009735107422,87.57839965820312
556.9573974609375,104.12660217285156,68.89929962158203,78.19740295410156
558.8386840820312,104.5614013671875,65.37110137939453,76.72540283203125
562.3920288085938,103.23139953613281,60.87139892578125,74.94249725341797
569.8477783203125,104.78469848632812,47.36199951171875,76.88240051269531
568.7979125976562,105.56839752197266,43.80830001831055,68.90460205078125
579.33837890625,105.25920104980469,48.81480026245117,60.17430114746094
577.0427856445312,105.98200225830078,60.590999603271484,61.10029983520508
576.2047729492188,107.79620361328125,60.44409942626953,60.576499938964844
576.5347290039062,107.86689758300781,61.73569869995117,60.106998443603516
577.0159301757812,108.4177017211914,59.07160186767578,52.12220001220703
575.7520751953125,107.13899993896484,60.90359878540039,52.984901428222656
576.3909912109375,107.29900360107422,60.337501525878906,53.525299072265625
575.0134887695312,107.25550079345703,61.73040008544922,57.277198791503906
576.1337280273438,107.84970092773438,60.22200012207031,52.298500061035156
574.4597778320312,107.5969009399414,61.17190170288086,55.06769943237305
574.3742065429688,107.37809753417969,60.227901458740234,55.309898376464844
574.8801879882812,107.74189758300781,58.659400939941406,50.486698150634766
572.7672119140625,107.15699768066406,61.10599899291992,49.44919967651367
571.8328857421875,106.6957015991211,60.894500732421875,47.72309875488281
571.093017578125,106.26280212402344,61.14739990234375,52.4818000793457
570.71142578125,106.23880004882812,61.624298095703125,49.804901123046875
570.090087890625,105.84329986572266,60.997501373291016,49.42900085449219
570.2360229492188,105.72899627685547,60.43370056152344,53.3474006652832
570.8336181640625,105.9916000366211,58.25699996948242,53.10300064086914
569.109375,105.67410278320312,60.11069869995117,53.6879997253418
569.6942138671875,105.64219665527344,59.11650085449219,50.4556999206543
567.8117065429688,105.720703125,61.368900299072266,50.19729995727539
568.5377197265625,105.09529876708984,55.08470153808594,45.974300384521484
570.8469848632812,103.85970306396484,43.40719985961914,49.29859924316406
572.026611328125,103.3676986694336,29.325000762939453,47.7322998046875
574.6317138671875,103.50029754638672,19.941699981689453,50.82120132446289
574.9227294921875,101.7782974243164,18.91990089416504,53.70690155029297
574.761474609375,101.93289947509766,18.94219970703125,54.61159896850586
575.3626098632812,102.1688003540039,18.22439956665039,55.48780059814453
575.2274780273438,102.3594970703125,18.497800827026367,58.3109016418457
574.6350708007812,103.16560363769531,18.20549964904785,56.42509841918945
574.2844848632812,103.05180358886719,18.490299224853516,54.16699981689453
574.8779907226562,102.42230224609375,17.30780029296875,56.89080047607422
573.7360229492188,102.739501953125,18.391399383544922,54.855201721191406
573.3919067382812,102.17019653320312,19.211299896240234,57.566898345947266
572.7659912109375,102.37010192871094,19.505399703979492,54.57600021362305
573.0247192382812,101.54419708251953,19.224199295043945,56.58509826660156
573.3009033203125,101.41329956054688,18.685699462890625,59.62260055541992
573.3306884765625,101.8772964477539,18.534799575805664,56.6265983581543
571.8477783203125,101.94730377197266,20.50320053100586,59.04970169067383
572.5806274414062,101.8228988647461,19.64229965209961,56.227901458740234
572.5379028320312,102.0,19.388999938964844,55.439300537109375
573.1414184570312,102.05780029296875,18.427400588989258,55.434600830078125
573.2482299804688,102.8395004272461,18.491899490356445,53.125
575.305908203125,103.11239624023438,17.15369987487793,55.6077995300293
572.0610961914062,104.49340057373047,23.534799575805664,55.829498291015625
569.7321166992188,106.12159729003906,32.90039825439453,50.95909881591797
552.8095092773438,105.88069915771484,42.09280014038086,54.452999114990234
544.8032836914062,105.61270141601562,52.06869888305664,59.532901763916016
543.4840698242188,108.84860229492188,67.4406967163086,54.21770095825195
542.8308715820312,108.6720962524414,69.6438980102539,59.86399841308594
541.6364135742188,108.00430297851562,72.27359771728516,66.15370178222656
544.5526123046875,108.1083984375,69.65029907226562,68.47589874267578
544.3574829101562,107.75559997558594,70.50129699707031,66.93579864501953
544.9442749023438,107.5770034790039,70.76460266113281,66.43240356445312
546.130126953125,107.54620361328125,69.24199676513672,65.49349975585938
545.6555786132812,107.59760284423828,70.35289764404297,61.513301849365234
544.6494750976562,107.56800079345703,71.69719696044922,59.60530090332031
545.5156860351562,107.05110168457031,70.91790008544922,67.64810180664062
544.8408203125,106.89820098876953,70.966796875,65.13710021972656
546.0968017578125,106.97339630126953,69.28569793701172,68.25520324707031
545.8488159179688,106.27529907226562,69.01190185546875,59.73939895629883
545.30322265625,106.86540222167969,70.57839965820312,66.04219818115234
545.44873046875,107.20189666748047,69.09159851074219,63.839900970458984
544.7733764648438,107.1332015991211,69.95189666748047,63.07040023803711
542.8120727539062,106.93810272216797,71.38140106201172,61.323699951171875
541.8911743164062,106.76629638671875,71.43060302734375,57.70989990234375
542.6566772460938,106.71189880371094,70.05960083007812,62.941001892089844
543.13623046875,106.6427993774414,67.97219848632812,57.71289825439453
547.9987182617188,106.40139770507812,61.6260986328125,52.20930099487305
557.0881958007812,106.63529968261719,46.65010070800781,59.525299072265625
557.894287109375,105.9906005859375,38.52830123901367,58.672298431396484
568.7520141601562,105.65460205078125,37.63090133666992,53.93149948120117
567.3712768554688,105.15229797363281,43.101898193359375,55.510501861572266
566.380615234375,104.37059783935547,44.64229965209961,56.7338981628418
565.9600219726562,104.71630096435547,45.03839874267578,51.39799880981445
566.3499755859375,106.05619812011719,45.27009963989258,48.97629928588867
565.47802734375,105.32369995117188,45.342498779296875,51.32279968261719
564.8092041015625,106.31590270996094,46.5906982421875,48.98540115356445
564.4495239257812,106.12229919433594,46.67829895019531,48.56669998168945
563.9265747070312,104.95379638671875,47.50640106201172,53.861698150634766
564.8723754882812,105.42559814453125,45.99190139770508,53.911800384521484
563.8023071289062,105.96150207519531,47.990501403808594,52.71260070800781
563.5894165039062,106.20850372314453,48.17959976196289,50.743099212646484
564.8442993164062,106.29550170898438,46.37009811401367,49.86949920654297
563.9111938476562,105.38860321044922,48.04560089111328,55.015201568603516
564.144775390625,105.0895004272461,48.66389846801758,61.22809982299805
563.4379272460938,104.78839874267578,50.31019973754883,60.422698974609375
563.7374877929688,105.8904037475586,48.51110076904297,55.77989959716797
564.423583984375,105.625,46.95289993286133,52.79159927368164
564.4389038085938,106.27320098876953,47.41429901123047,51.96220016479492
563.7827758789062,105.97560119628906,48.69160079956055,53.013099670410156
564.352783203125,106.11609649658203,47.49810028076172,53.50320053100586
565.3076782226562,105.80909729003906,46.554500579833984,54.66019821166992
566.2371215820312,107.45059967041016,41.59669876098633,52.18619918823242
568.5855712890625,107.17849731445312,35.57630157470703,58.03929901123047
568.1043701171875,107.84040069580078,29.649099349975586,56.44609832763672
567.62841796875,107.65789794921875,35.376800537109375,52.24589920043945
552.489013671875,108.01619720458984,41.20289993286133,56.46979904174805
547.6690063476562,108.65809631347656,47.13240051269531,58.458900451660156
542.4757080078125,109.63059997558594,61.43470001220703,56.137699127197266
539.263427734375,108.9719009399414,69.51719665527344,66.6448974609375
541.643310546875,109.94139862060547,66.8156967163086,64.27629852294922
541.6812744140625,109.08399963378906,66.2677993774414,68.90679931640625
541.6544189453125,109.65399932861328,66.07820129394531,66.74569702148438
540.888427734375,109.58460235595703,67.21769714355469,65.09649658203125
541.0311279296875,109.9269027709961,68.54820251464844,74.00309753417969
541.1553955078125,108.90280151367188,67.37039947509766,72.31800079345703
541.7432861328125,109.5999984741211,66.2863998413086,68.743896484375
540.5325927734375,108.95490264892578,68.88030242919922,71.7886962890625
540.3557739257812,110.53690338134766,68.74250030517578,66.69400024414062
540.0346069335938,111.0238037109375,70.19390106201172,69.36080169677734
540.6312255859375,110.8727035522461,68.62909698486328,68.52770233154297
540.426025390625,111.13510131835938,69.33180236816406,60.99470138549805
542.3988037109375,108.7770004272461,65.67120361328125,61.56999969482422
552.5228271484375,109.02899932861328,55.36830139160156,54.04759979248047
552.6704711914062,107.88040161132812,46.10060119628906,56.69329833984375
568.6026000976562,106.34359741210938,34.84479904174805,65.24310302734375
571.6173706054688,106.94989776611328,37.05030059814453,65.37519836425781
573.0272827148438,107.1250991821289,35.84659957885742,64.98539733886719
573.7232055664062,107.3469009399414,36.29560089111328,60.60219955444336
573.1771240234375,107.74120330810547,37.509700775146484,59.07109832763672
573.9636840820312,107.7345962524414,37.609100341796875,63.137001037597656
574.497314453125,108.44830322265625,37.308799743652344,62.107200622558594
575.3997192382812,108.32420349121094,37.6057014465332,56.90370178222656
576.8126220703125,108.63379669189453,36.27980041503906,60.59260177612305
576.7042846679688,108.53849792480469,34.09550094604492,62.38370132446289
579.2922973632812,108.9884033203125,22.9158992767334,64.39820098876953
578.3403930664062,108.6364974975586,26.272300720214844,59.42179870605469
575.8378295898438,110.7113037109375,36.0885009765625,55.200599670410156
559.8375854492188,111.51679992675781,41.99250030517578,54.88019943237305
554.0728759765625,112.7865982055664,49.550899505615234,54.912899017333984
548.8455200195312,113.79560089111328,53.07870101928711,57.527801513671875
548.94921875,114.27539825439453,66.55069732666016,60.95240020751953
547.0195922851562,113.902099609375,71.89299774169922,64.66560363769531
549.1030883789062,114.19229888916016,67.25,66.37359619140625
547.5200805664062,113.53230285644531,68.72720336914062,70.33370208740234
546.8496704101562,113.36740112304688,70.49620056152344,76.14230346679688
548.2963256835938,113.2531967163086,68.45870208740234,79.78559875488281
548.1840209960938,112.04889678955078,69.25399780273438,83.06919860839844
548.2797241210938,112.12570190429688,69.40640258789062,89.24829864501953
546.8955078125,111.1614990234375,72.99349975585938,101.64409637451172
550.0286254882812,111.07029724121094,70.54029846191406,98.88420104980469
548.89111328125,111.13960266113281,72.13670349121094,100.95610046386719
549.4202880859375,111.20220184326172,72.658203125,102.14119720458984
551.9688720703125,111.43689727783203,71.5896987915039,95.54340362548828
550.0078125,111.07710266113281,74.55709838867188,102.92030334472656
552.5665893554688,110.82350158691406,72.93340301513672,102.93560028076172
554.2736206054688,110.56089782714844,70.49140167236328,97.17579650878906
554.8231201171875,110.83100128173828,71.08670043945312,87.23139953613281
556.2291259765625,109.45469665527344,69.40470123291016,89.8489990234375
557.8126220703125,108.8467025756836,65.87519836425781,90.43250274658203
558.1619873046875,109.03500366210938,65.27300262451172,87.4520034790039
558.0404052734375,109.21839904785156,65.9845962524414,81.74949645996094
557.543212890625,110.00900268554688,64.55439758300781,77.25700378417969
558.2864990234375,112.96880340576172,63.61360168457031,65.47799682617188
557.5471801757812,112.82009887695312,62.53200149536133,60.234798431396484
555.7490844726562,112.72650146484375,65.33580017089844,61.090999603271484
556.7601928710938,113.2301025390625,62.347198486328125,63.64540100097656
556.7866821289062,112.99199676513672,61.990299224853516,59.0630989074707
553.9390869140625,113.51529693603516,65.9563980102539,63.815101623535156
558.705810546875,112.8594970703125,58.739200592041016,61.418701171875
569.273681640625,113.05120086669922,46.2932014465332,62.05220031738281
570.3903198242188,113.87979888916016,37.506900787353516,61.982398986816406
579.3430786132812,114.5802001953125,35.67530059814453,58.206199645996094
577.2406005859375,115.7384033203125,46.26070022583008,50.8567008972168
574.2152099609375,115.86949920654297,58.66849899291992,51.0359992980957
572.9780883789062,115.93109893798828,61.801300048828125,54.83489990234375
572.3480224609375,115.92410278320312,62.6411018371582,54.30229949951172
572.2131958007812,115.9384994506836,62.434898376464844,54.45640182495117
572.371826171875,115.7876968383789,62.542701721191406,54.52009963989258
573.525390625,116.41590118408203,61.02750015258789,49.22010040283203
572.130615234375,116.08350372314453,62.99209976196289,53.44340133666992
572.2733154296875,116.62580108642578,62.161399841308594,50.365699768066406
572.418212890625,116.25520324707031,62.87480163574219,54.45399856567383
572.313720703125,116.21260070800781,60.887001037597656,54.03260040283203
571.2877197265625,116.34739685058594,60.79410171508789,52.57320022583008
570.0418090820312,116.49230194091797,61.49620056152344,54.407798767089844
570.2211303710938,116.87480163574219,60.05649948120117,51.95719909667969
569.0377807617188,117.09539794921875,61.97869873046875,48.49869918823242
567.5255126953125,117.19149780273438,63.06610107421875,50.748600006103516
566.6168212890625,117.22750091552734,63.07120132446289,50.84709930419922
565.80078125,117.48809814453125,62.029300689697266,49.74530029296875
566.3845825195312,117.39360046386719,58.999698638916016,49.97959899902344
562.7459106445312,117.65280151367188,64.25389862060547,55.86249923706055
564.2996826171875,118.64920043945312,60.9197998046875,51.70069885253906
562.1063842773438,118.14440155029297,62.92829895019531,51.48740005493164
562.3626708984375,117.46749877929688,60.387001037597656,52.98590087890625
563.0001220703125,117.28209686279297,56.45399856567383,50.55590057373047
563.3656005859375,116.66709899902344,51.65019989013672,50.03150177001953
564.2025756835938,115.66639709472656,48.283599853515625,55.16619873046875
563.4141845703125,115.7833023071289,49.337501525878906,59.0276985168457
562.9235229492188,116.22370147705078,50.1338996887207,59.740501403808594
563.1367797851562,115.80470275878906,50.291099548339844,62.15639877319336
563.18017578125,116.46060180664062,50.387298583984375,56.81869888305664
563.44580078125,116.72090148925781,49.03839874267578,56.99140167236328
563.0654296875,116.55020141601562,49.11470031738281,57.23699951171875
563.3446044921875,116.36070251464844,48.7401008605957,60.71910095214844
562.739990234375,116.3595962524414,49.91910171508789,53.815101623535156
562.896484375,117.14830017089844,48.8390007019043,55.58060073852539
563.3289184570312,116.81500244140625,47.99470138549805,52.35029983520508
562.823486328125,117.10199737548828,48.1161003112793,53.15869903564453
563.0587768554688,117.3582992553711,47.58409881591797,49.53609848022461
563.288818359375,117.13009643554688,47.91189956665039,51.51110076904297
563.3988037109375,116.88580322265625,47.87620162963867,54.16419982910156
562.2042846679688,116.55139923095703,50.17319869995117,58.61349868774414
562.7407836914062,117.1332015991211,49.54410171508789,54.19459915161133
562.6204223632812,116.91670227050781,49.3567008972168,57.49330139160156
562.7291870117188,116.24600219726562,49.522098541259766,56.65439987182617
562.7562255859375,117.552001953125,50.014801025390625,53.49720001220703
563.640625,118.00759887695312,49.367401123046875,48.09960174560547
563.8541870117188,117.24030303955078,50.49100112915039,53.66460037231445
563.915771484375,117.47000122070312,50.90019989013672,56.69160079956055
562.9805908203125,117.56999969482422,53.31629943847656,55.572200775146484
564.1865844726562,117.11599731445312,50.40610122680664,55.493900299072266
565.7332153320312,117.1636962890625,43.654598236083984,60.15549850463867
568.1497192382812,117.25489807128906,34.01219940185547,59.99580001831055
570.6605224609375,119.908203125,26.976900100708008,57.220298767089844
555.188720703125,116.65750122070312,35.247501373291016,60.87189865112305
549.15771484375,118.86180114746094,43.04130172729492,66.04060363769531
542.6854248046875,119.97239685058594,53.04999923706055,65.20850372314453
542.5203247070312,118.50060272216797,65.4094009399414,64.49819946289062
541.5977172851562,120.23580169677734,66.83219909667969,72.14949798583984
541.9722290039062,119.46240234375,65.17410278320312,70.6769027709961
542.3353271484375,119.00129699707031,63.886600494384766,82.94029998779297
540.6972045898438,118.53949737548828,67.24479675292969,87.85320281982422
541.1732788085938,118.3677978515625,66.75440216064453,96.62039947509766
539.3624267578125,118.77120208740234,68.91960144042969,102.45570373535156
538.4556884765625,119.17659759521484,70.9916000366211,111.22460174560547
541.9849853515625,118.8031005859375,65.16310119628906,110.63289642333984
540.5955810546875,118.37560272216797,66.79190063476562,103.51959991455078
539.5128784179688,119.56999969482422,68.52950286865234,100.57830047607422
537.6585083007812,119.6594009399414,72.06629943847656,101.86039733886719
539.4368286132812,119.91670227050781,67.92900085449219,103.34339904785156
537.228515625,120.98660278320312,72.28730010986328,97.71119689941406
536.4691772460938,120.95169830322266,72.681396484375,92.0093994140625
535.8145141601562,120.93599700927734,73.07469940185547,96.50279998779297
536.4097290039062,121.41960144042969,71.99800109863281,93.54049682617188
535.3936767578125,122.40540313720703,73.09439849853516,89.84359741210938
535.093017578125,122.52490234375,72.65560150146484,80.3207015991211
538.149169921875,120.52420043945312,66.32720184326172,83.5114974975586
548.578125,118.3467025756836,50.73780059814453,89.8666000366211
547.8447265625,121.46589660644531,43.75640106201172,81.18669891357422
558.6026000976562,119.7406005859375,33.21590042114258,79.27839660644531
561.7999267578125,120.18730163574219,32.22570037841797,74.56109619140625
561.8154296875,121.18840026855469,31.36750030517578,69.27120208740234
560.3698120117188,121.39790344238281,32.237701416015625,68.24019622802734
560.176513671875,122.15360260009766,32.98429870605469,62.4567985534668
559.7650756835938,122.52279663085938,33.280601501464844,62.84880065917969
559.5064697265625,121.64649963378906,33.294898986816406,64.68099975585938
559.0897216796875,121.71040344238281,34.44219970703125,63.3828010559082
558.8900756835938,122.87169647216797,33.847999572753906,64.33059692382812
558.8184814453125,122.16449737548828,33.38199996948242,57.8739013671875
559.0117797851562,122.99469757080078,33.68109893798828,56.11370086669922
558.0125732421875,123.0010986328125,34.712398529052734,53.48320007324219
556.6727294921875,122.72579956054688,37.10770034790039,57.24330139160156
557.5150756835938,122.68949890136719,34.395301818847656,55.23429870605469
556.7548828125,122.61160278320312,35.40019989013672,56.98310089111328
556.4810791015625,123.0696029663086,34.654300689697266,52.8838005065918
556.1500854492188,123.04350280761719,31.533700942993164,53.78030014038086
557.1555786132812,124.36009979248047,22.582500457763672,51.6077995300293
558.573486328125,125.1697006225586,21.256000518798828,53.61650085449219
556.064697265625,124.6448974609375,28.018299102783203,55.12009811401367
544.6925048828125,123.8136978149414,31.901599884033203,53.87919998168945
541.7919921875,125.84259796142578,39.04330062866211,51.95140075683594
539.773193359375,126.48629760742188,48.89659881591797,50.2682991027832
522.1693725585938,126.38619995117188,61.3114013671875,58.92210006713867
519.30322265625,126.81659698486328,67.32260131835938,62.49729919433594
517.5936279296875,125.31880187988281,69.81310272216797,67.0552978515625
515.8336181640625,125.18659973144531,69.88140106201172,73.10800170898438
514.815673828125,124.18299865722656,70.62539672851562,86.3115005493164
514.2822265625,124.42489624023438,71.07440185546875,87.49330139160156
513.1356811523438,124.15609741210938,72.35240173339844,85.7969970703125
513.8765869140625,123.51010131835938,69.78269958496094,89.10430145263672
511.6401062011719,122.75330352783203,72.4104995727539,91.61160278320312
510.8998107910156,122.94039916992188,72.02649688720703,94.53829956054688
510.1090087890625,122.143798828125,72.18329620361328,91.28780364990234
509.8277893066406,121.86869812011719,71.6072998046875,94.69599914550781
509.9291076660156,121.46959686279297,70.76360321044922,91.06770324707031
507.8778991699219,120.84049987792969,72.4292984008789,105.43229675292969
508.731689453125,121.37779998779297,70.4363021850586,96.19860076904297
507.52081298828125,119.5988998413086,71.67630004882812,105.7073974609375
506.19488525390625,119.51319885253906,70.99140167236328,99.93309783935547
505.71759033203125,119.98799896240234,72.70780181884766,90.8989028930664
506.5295104980469,120.32170104980469,71.027099609375,89.30909729003906
506.202392578125,119.70390319824219,70.6843032836914,92.96019744873047
505.4836120605469,118.71279907226562,71.45610046386719,99.06929779052734
503.86041259765625,118.4843978881836,72.57389831542969,99.2123031616211
502.8070068359375,118.44000244140625,73.56089782714844,95.3667984008789
502.3211975097656,118.12539672851562,73.98200225830078,99.6885986328125
503.03070068359375,117.15570068359375,72.97799682617188,103.20339965820312
501.9097900390625,117.25460052490234,72.57990264892578,106.94950103759766
505.40509033203125,117.51280212402344,70.03939819335938,98.94390106201172
502.80938720703125,117.35489654541016,72.4218978881836,102.4397964477539
501.6354064941406,117.33679962158203,73.92579650878906,100.722900390625
501.7637939453125,116.97630310058594,73.51689910888672,95.94139862060547
502.2040100097656,116.38849639892578,72.15879821777344,96.48690032958984
500.79840087890625,115.67469787597656,73.22100067138672,99.21759796142578
500.1072998046875,114.75769805908203,73.25740051269531,98.9092025756836
499.9681091308594,113.01390075683594,71.20359802246094,106.80480194091797
500.86871337890625,112.85669708251953,68.01439666748047,108.00499725341797
502.1630859375,113.40650177001953,64.32710266113281,107.14459991455078
497.0997009277344,113.48729705810547,72.75900268554688,94.86620330810547
497.54730224609375,111.82779693603516,71.17559814453125,94.38099670410156
496.65301513671875,111.21869659423828,69.37699890136719,98.82589721679688
495.29681396484375,111.43470001220703,70.02940368652344,104.33580017089844
494.2394104003906,112.189697265625,71.00260162353516,100.10140228271484
492.8544006347656,111.17510223388672,71.58419799804688,105.0020980834961
493.25140380859375,111.60040283203125,69.28739929199219,94.9655990600586
491.8847961425781,110.55699920654297,71.15270233154297,105.26519775390625
493.03790283203125,110.22260284423828,68.94709777832031,105.47720336914062
490.5473937988281,111.28500366210938,69.89689636230469,101.67449951171875
491.497314453125,111.44599914550781,70.51229858398438,94.716796875
489.58428955078125,110.07270050048828,71.78710174560547,101.2426986694336
488.83648681640625,109.69850158691406,72.30049896240234,108.55059814453125
490.4081115722656,109.3738021850586,68.45390319824219,108.44309997558594
489.45928955078125,110.65540313720703,69.6135025024414,101.29820251464844
488.00311279296875,110.20480346679688,71.91609954833984,110.1957015991211
490.74468994140625,109.75920104980469,66.9520034790039,113.18450164794922
489.0766906738281,108.67530059814453,69.31710052490234,112.94429779052734
488.1813049316406,109.09380340576172,69.5270004272461,105.6603012084961
487.3890075683594,109.06449890136719,71.51229858398438,114.50689697265625
486.2262878417969,108.47319793701172,72.01080322265625,112.73680114746094
488.3182067871094,109.60060119628906,68.71160125732422,96.86260223388672
486.0309143066406,109.01809692382812,71.69950103759766,101.28060150146484
485.0,108.83830261230469,72.75569915771484,104.49299621582031
483.4327087402344,108.12680053710938,73.22899627685547,110.502197265625
486.0293884277344,108.4572982788086,69.57540130615234,93.97859954833984
485.30560302734375,106.44059753417969,68.67960357666016,95.10710144042969
493.0942077636719,104.90910339355469,59.105201721191406,97.54010009765625
502.6108093261719,104.1552963256836,45.790199279785156,93.27320098876953
513.0208129882812,103.0271987915039,31.70359992980957,95.35790252685547
511.18939208984375,101.7916030883789,34.74369812011719,95.9666976928711
512.0916137695312,103.5426025390625,40.095401763916016,86.90360260009766
512.0549926757812,102.42389678955078,42.91899871826172,82.654296875
512.103515625,105.17310333251953,43.085601806640625,75.36640167236328
512.1754760742188,105.50650024414062,43.65169906616211,66.1135025024414
510.6549987792969,105.94129943847656,47.02799987792969,59.205501556396484
511.7952880859375,105.42510223388672,45.909000396728516,61.66809844970703
511.5884094238281,105.31790161132812,46.316898345947266,58.69169998168945
512.3648071289062,104.56520080566406,45.92620086669922,62.1619987487793
512.7332153320312,104.21829986572266,45.71440124511719,63.47600173950195
512.4036865234375,104.59929656982422,46.200599670410156,61.54520034790039
512.5723876953125,104.85399627685547,46.15039825439453,58.41210174560547
513.0413818359375,104.7979965209961,45.85139846801758,59.22549819946289
513.069580078125,104.7791976928711,46.71849822998047,60.721900939941406
513.297119140625,104.95970153808594,47.00360107421875,58.94200134277344
513.9669189453125,105.17610168457031,46.84870147705078,56.512699127197266
514.3093872070312,104.64559936523438,46.72600173950195,61.99959945678711
514.77978515625,104.6677017211914,47.38309860229492,63.10260009765625
515.361572265625,104.69509887695312,47.2505989074707,63.905601501464844
515.2717895507812,105.11530303955078,48.2843017578125,55.71440124511719
516.3485717773438,105.51399993896484,46.841400146484375,58.234500885009766
516.4739990234375,104.72119903564453,48.10300064086914,64.60919952392578
517.9924926757812,104.71050262451172,48.009300231933594,64.5009994506836
518.2736206054688,104.60810089111328,48.78300094604492,62.53099822998047
518.4769287109375,104.38890075683594,48.21590042114258,59.21969985961914
519.7683715820312,104.66400146484375,43.06119918823242,59.28049850463867
522.4755859375,104.86229705810547,33.7598991394043,55.53739929199219
525.0095825195312,113.31529998779297,23.292400360107422,51.73160171508789
523.8958129882812,107.93360137939453,28.16320037841797,54.57229995727539
523.702392578125,107.8145980834961,33.35749816894531,52.174598693847656
506.54681396484375,108.0155029296875,40.65660095214844,51.867401123046875
502.3352966308594,108.05349731445312,53.36240005493164,49.265098571777344
500.5495910644531,108.53939819335938,61.48080062866211,50.08330154418945
500.4283142089844,108.35130310058594,62.59349822998047,52.845298767089844
499.8642883300781,108.80480194091797,64.64350128173828,52.4838981628418
501.7226867675781,108.47660064697266,63.15620040893555,56.743499755859375
502.1883850097656,109.18360137939453,63.17470169067383,50.252201080322266
501.8663024902344,109.01370239257812,63.64860153198242,52.5276985168457
502.30950927734375,108.99749755859375,64.24479675292969,57.91510009765625
502.0736083984375,109.27780151367188,65.48919677734375,54.602901458740234
502.7237854003906,109.48519897460938,65.37770080566406,60.162498474121094
503.1557922363281,110.34259796142578,65.1781997680664,60.319801330566406
504.8572998046875,111.15239715576172,63.0453987121582,52.884300231933594
503.8830871582031,111.1240005493164,65.49510192871094,56.04690170288086
504.80059814453125,111.20850372314453,65.4490966796875,55.950401306152344
505.2153015136719,111.38480377197266,65.17610168457031,54.78860092163086
505.2029113769531,111.71179962158203,65.3905029296875,56.01070022583008
504.3677062988281,112.58570098876953,67.63999938964844,62.93320083618164
505.9010925292969,113.10199737548828,64.89990234375,75.03679656982422
506.25518798828125,110.61720275878906,64.59089660644531,83.8395004272461
506.4543151855469,111.3490982055664,65.30370330810547,90.2291030883789
506.87060546875,111.46040344238281,64.8197021484375,95.7522964477539
512.5474243164062,113.06449890136719,57.47079849243164,80.63629913330078
519.4376831054688,113.42350006103516,49.0900993347168,80.19529724121094
531.7095947265625,114.87689971923828,35.028900146484375,75.70159912109375
536.7640991210938,115.92790222167969,24.454299926757812,74.58529663085938
536.4561157226562,115.27140045166016,30.228500366210938,70.4719009399414
536.534423828125,116.34660339355469,41.64580154418945,73.35559844970703
532.0789184570312,116.42510223388672,50.78919982910156,63.30590057373047
533.4537963867188,117.22689819335938,49.612300872802734,56.91699981689453
533.5911865234375,119.17050170898438,48.172401428222656,46.8129997253418
534.597412109375,119.55619812011719,48.17169952392578,44.8130989074707
534.7786865234375,119.72090148925781,48.2327995300293,46.355899810791016
534.7415161132812,120.05449676513672,47.004798889160156,49.85689926147461
532.8574829101562,120.24949645996094,50.010501861572266,50.114898681640625
534.2523193359375,120.97440338134766,47.45349884033203,44.12950134277344
531.0731811523438,121.74520111083984,52.23109817504883,47.66469955444336
531.9995727539062,121.9833984375,50.67770004272461,45.77289962768555
532.3192138671875,122.2759017944336,47.962501525878906,42.91590118408203
530.4105224609375,121.92289733886719,47.82849884033203,45.905601501464844
531.5120849609375,122.35160064697266,40.73910140991211,44.2588005065918
533.02978515625,124.00090026855469,28.994800567626953,50.212501525878906
536.4320068359375,122.56919860839844,21.130599975585938,49.04560089111328
537.4185180664062,122.51629638671875,19.67970085144043,49.54280090332031
537.7816162109375,121.2667007446289,19.259300231933594,51.79759979248047
538.3786010742188,122.3584976196289,19.053300857543945,48.7411994934082
538.5263061523438,122.19960021972656,19.292699813842773,48.253700256347656
537.2332763671875,124.32389831542969,20.889999389648438,49.774200439453125
540.1209716796875,123.74859619140625,18.240999221801758,49.06880187988281
539.7836303710938,122.9218978881836,18.684200286865234,47.88249969482422
539.5479736328125,123.20110321044922,19.291400909423828,50.85060119628906
540.0164184570312,123.11750030517578,19.077999114990234,52.308101654052734
539.5213012695312,123.62879943847656,19.82830047607422,53.20330047607422
541.2639770507812,124.010498046875,18.104700088500977,53.5281982421875
541.0097045898438,124.27100372314453,18.35849952697754,51.20719909667969
541.1511840820312,124.0,18.3971004486084,50.198699951171875
541.36376953125,124.81770324707031,18.54129981994629,51.54790115356445
540.2921752929688,124.35310363769531,20.006900787353516,54.27939987182617
542.593017578125,125.60690307617188,17.924699783325195,53.28950119018555
542.6641235351562,125.17680358886719,17.820899963378906,52.38990020751953
542.9124145507812,125.93470001220703,18.100500106811523,51.6515007019043
542.9525146484375,125.97550201416016,18.693899154663086,51.01110076904297
542.7202758789062,126.17520141601562,18.677200317382812,52.3120002746582
542.4561767578125,125.7437973022461,18.987899780273438,52.573699951171875
542.5153198242188,126.69059753417969,19.02560043334961,51.826698303222656
542.9088134765625,126.60880279541016,18.408700942993164,52.21699905395508
542.4946899414062,126.37870025634766,18.922399520874023,51.78499984741211
543.2551879882812,127.71479797363281,18.47330093383789,49.29570007324219
543.0239868164062,126.76100158691406,18.47089958190918,51.92829895019531
542.7418823242188,126.76460266113281,18.815900802612305,53.04119873046875
543.488525390625,127.72049713134766,18.061399459838867,50.87730026245117
543.3035278320312,127.33470153808594,18.489099502563477,51.26139831542969
543.7359008789062,128.28750610351562,18.291000366210938,51.20940017700195
543.4609985351562,127.76619720458984,18.879499435424805,50.842201232910156
543.9323120117188,129.16619873046875,18.216699600219727,49.262298583984375
543.82958984375,128.47830200195312,18.943700790405273,50.54719924926758
543.580810546875,128.93829345703125,19.958999633789062,50.326900482177734
544.0726928710938,128.7689971923828,19.742700576782227,50.50559997558594
543.0413818359375,129.02090454101562,21.026399612426758,50.23149871826172
544.1287231445312,129.90220642089844,19.866100311279297,48.75920104980469
544.3427124023438,128.7631072998047,19.862600326538086,50.66510009765625
544.6475830078125,129.85110473632812,19.72640037536621,48.963199615478516
544.89697265625,130.14520263671875,19.850200653076172,48.98749923706055
545.0587158203125,128.8529052734375,20.513099670410156,50.662601470947266
544.9622192382812,130.06590270996094,20.83180046081543,48.76470184326172
545.7595825195312,130.1118927001953,19.806100845336914,47.47719955444336
546.5172119140625,130.58230590820312,19.99250030517578,47.16510009765625
545.3685302734375,130.03799438476562,21.38520050048828,46.88629913330078
545.6478271484375,130.23109436035156,20.75079917907715,48.27479934692383
546.11328125,131.27769470214844,20.139999389648438,48.44810104370117
545.5609741210938,132.93380737304688,22.752399444580078,49.09379959106445
542.5905151367188,133.6970977783203,29.95509910583496,47.835201263427734
526.4425048828125,131.65769958496094,37.102298736572266,48.99909973144531
528.2678833007812,131.5605010986328,38.66400146484375,48.36009979248047
527.2354736328125,132.2866973876953,41.15119934082031,50.46099853515625
527.6259155273438,133.37159729003906,43.27510070800781,49.89339828491211
524.1906127929688,134.3188018798828,55.7776985168457,46.486000061035156
521.2354125976562,134.47129821777344,59.794498443603516,45.70069885253906
515.0855102539062,134.40660095214844,67.49310302734375,45.436798095703125
514.5322265625,134.8018035888672,67.8364028930664,47.48789978027344
513.4822998046875,135.0782012939453,69.46640014648438,52.93230056762695
513.0648193359375,135.15240478515625,70.42220306396484,57.12120056152344
513.5889892578125,135.093994140625,69.4708023071289,64.88980102539062
513.9948120117188,135.547607421875,70.63829803466797,67.63400268554688
516.018310546875,135.56170654296875,65.62750244140625,78.23799896240234
515.505126953125,134.05479431152344,67.42330169677734,80.89340209960938
515.1931762695312,134.62649536132812,69.40699768066406,83.07240295410156
515.7086791992188,134.24949645996094,69.28309631347656,90.06490325927734
515.4094848632812,134.07090759277344,70.81379699707031,104.01029968261719
519.431884765625,134.7292938232422,68.6843032836914,107.60449981689453
517.0410766601562,135.331298828125,73.29170227050781,114.08779907226562
520.9129028320312,134.92779541015625,68.93720245361328,119.16419982910156
521.265625,134.51870727539062,70.231201171875,124.5259017944336
524.769775390625,134.81129455566406,64.32849884033203,140.0012969970703
524.7368774414062,134.18679809570312,66.80709838867188,150.42950439453125
526.4589233398438,132.60580444335938,66.3302001953125,148.11199951171875
529.73779296875,132.53590393066406,63.00400161743164,145.21620178222656
542.315673828125,131.1147003173828,50.57929992675781,136.1573028564453
552.9891967773438,130.26809692382812,33.49700164794922,123.4260025024414
557.6273193359375,131.91439819335938,25.733400344848633,116.27940368652344
557.6157836914062,131.57809448242188,27.021900177001953,117.04820251464844
555.3067016601562,131.22689819335938,29.633899688720703,109.74400329589844
559.3427734375,134.1768035888672,24.60460090637207,100.24919891357422
559.6027221679688,133.25320434570312,24.343599319458008,91.44429779052734
559.6021118164062,133.33250427246094,25.129199981689453,84.52279663085938
559.7850952148438,135.20700073242188,26.640300750732422,77.27890014648438
562.1386108398438,134.86619567871094,23.003299713134766,73.63379669189453
562.9202880859375,135.7176971435547,21.62849998474121,73.34660339355469
564.0103759765625,136.70309448242188,21.367300033569336,65.38880157470703
563.8565063476562,136.71730041503906,22.378700256347656,61.82320022583008
563.07080078125,137.74119567871094,23.255399703979492,56.44309997558594
564.3549194335938,139.62069702148438,22.14590072631836,51.304298400878906
565.1627807617188,140.2028045654297,21.550600051879883,50.6963005065918
565.2164916992188,141.00360107421875,21.61520004272461,50.02199935913086
565.3486938476562,141.84010314941406,21.6658992767334,49.10279846191406
566.5894165039062,142.5095977783203,20.885099411010742,52.32789993286133
567.1513061523438,143.73269653320312,21.45009994506836,51.81340026855469
567.6193237304688,144.6728973388672,21.98349952697754,51.949100494384766
568.159912109375,145.29750061035156,22.27389907836914,51.17290115356445
568.87890625,145.83749389648438,23.768800735473633,52.634300231933594
569.9608764648438,146.44520568847656,22.796199798583984,53.26369857788086
569.7816772460938,147.9355926513672,23.975900650024414,53.893798828125
571.02001953125,149.6313934326172,23.026599884033203,49.61880111694336
571.8692016601562,150.1781005859375,22.591800689697266,50.8036003112793
571.80859375,150.9116973876953,23.163799285888672,54.8916015625
571.7426147460938,152.49070739746094,24.06679916381836,52.354801177978516
572.23388671875,153.56680297851562,23.458599090576172,51.645301818847656
572.417724609375,155.13999938964844,23.64590072631836,50.25510025024414
572.4888916015625,155.7808074951172,24.895599365234375,52.17559814453125
573.2393798828125,157.17709350585938,23.690000534057617,52.6776008605957
572.6066284179688,158.5666961669922,25.311599731445312,49.917701721191406
573.3770141601562,159.76980590820312,24.21030044555664,52.58689880371094
573.8532104492188,160.84500122070312,23.463499069213867,53.797298431396484
573.3140869140625,162.4134979248047,25.218399047851562,52.81100082397461
573.7839965820312,163.53619384765625,24.569499969482422,53.5078010559082
573.4530029296875,165.4969024658203,24.041900634765625,53.57320022583008
577.2697143554688,168.5247039794922,18.14229965209961,50.858699798583984
574.8118286132812,170.80039978027344,23.003400802612305,46.69419860839844
573.697509765625,172.97779846191406,28.845500946044922,48.26060104370117
560.4533081054688,174.1569061279297,33.93339920043945,47.806400299072266
550.4638061523438,176.0070037841797,42.8036003112793,43.653099060058594
545.3173217773438,178.5679931640625,50.580299377441406,48.324798583984375
544.7777709960938,181.30450439453125,63.75170135498047,43.681400299072266
544.7097778320312,185.37240600585938,63.715999603271484,47.82899856567383
543.9204711914062,184.5070037841797,66.30609893798828,50.23849868774414
543.0921020507812,186.78109741210938,65.8563003540039,51.18159866333008
542.8021850585938,187.87989807128906,66.46800231933594,50.63399887084961
541.7705078125,189.1793975830078,67.80370330810547,56.75210189819336
542.3023071289062,191.20550537109375,65.96269989013672,57.20920181274414
542.168212890625,192.57000732421875,67.11699676513672,57.72890090942383
541.2097778320312,193.60330200195312,66.99259948730469,58.62049865722656
541.6776733398438,194.7183074951172,66.67240142822266,62.29790115356445
544.0327758789062,196.50979614257812,63.40230178833008,62.61050033569336
541.3295288085938,198.02099609375,66.6958999633789,57.2504997253418
541.3126220703125,198.98159790039062,67.5072021484375,48.66749954223633
540.9636840820312,201.0760955810547,66.6897964477539,51.65800094604492
539.6234130859375,201.63710021972656,67.94499969482422,55.589599609375
539.0560302734375,202.4427947998047,66.14459991455078,59.93410110473633
538.2440795898438,204.42759704589844,67.54949951171875,58.77149963378906
537.2692260742188,206.39759826660156,67.79190063476562,45.9651985168457
536.9769287109375,210.0791015625,65.91899871826172,50.992000579833984
536.388916015625,209.88580322265625,67.17359924316406,46.71030044555664
534.9080200195312,212.25619506835938,67.36530303955078,46.873600006103516
535.5640869140625,213.15139770507812,66.52960205078125,49.52669906616211
533.1267700195312,214.29640197753906,68.61519622802734,49.916500091552734
531.7177734375,217.68910217285156,68.61199951171875,48.36709976196289
532.1658935546875,217.59500122070312,66.12920379638672,46.485198974609375
534.4865112304688,218.67239379882812,61.79240036010742,43.77069854736328
540.3223266601562,221.2384033203125,51.44200134277344,41.503501892089844
541.5496826171875,231.19180297851562,43.76679992675781,40.592498779296875
545.9661865234375,225.23699951171875,35.56380081176758,41.360801696777344
550.9083862304688,223.04319763183594,26.184499740600586,46.14120101928711
548.9304809570312,222.9326934814453,24.96969985961914,50.56230163574219
546.8472290039062,224.76100158691406,24.86750030517578,49.027099609375
544.5025024414062,226.1990966796875,24.026399612426758,48.369598388671875
541.2974243164062,226.50059509277344,23.557300567626953,50.42620086669922
538.4741821289062,227.9582977294922,23.377700805664062,49.043399810791016
534.8624267578125,229.5316925048828,24.155000686645508,47.889400482177734
531.048828125,231.27020263671875,24.509300231933594,47.2681999206543
527.6417846679688,232.0720977783203,24.440399169921875,46.04100036621094
524.424072265625,234.1446990966797,24.31800079345703,47.14739990234375
521.476318359375,234.90809631347656,23.29330062866211,46.73889923095703
517.1744995117188,236.3083038330078,23.92840003967285,46.25120162963867
514.1550903320312,237.67630004882812,24.215499877929688,45.088401794433594
510.67919921875,238.6251983642578,24.344200134277344,47.48820114135742
507.5614013671875,240.03089904785156,23.948299407958984,45.09299850463867
504.69110107421875,240.2126007080078,22.136999130249023,44.86439895629883
501.2007141113281,240.67039489746094,22.969900131225586,47.322898864746094
496.9479064941406,241.54010009765625,24.3656005859375,49.463199615478516
493.70489501953125,242.75619506835938,23.68400001525879,47.152400970458984
490.6058044433594,244.48629760742188,24.044700622558594,45.429901123046875
487.7947082519531,246.0500030517578,22.910499572753906,43.058799743652344
485.2764892578125,247.12100219726562,22.064199447631836,46.465999603271484
481.3684997558594,247.64950561523438,22.22960090637207,45.34170150756836
478.1943054199219,249.298095703125,21.76129913330078,46.330101013183594
474.4639892578125,250.1082000732422,22.699100494384766,46.58769989013672
468.9068908691406,251.95309448242188,25.543399810791016,48.437198638916016
461.6946105957031,253.5493927001953,30.9862003326416,48.465301513671875
457.5422058105469,254.9416961669922,33.5968017578125,48.75230026245117
441.0816955566406,255.1479949951172,43.09619903564453,52.10110092163086
435.13800048828125,255.97450256347656,52.6172981262207,48.06930160522461
431.055908203125,257.0038146972656,58.540199279785156,47.9463996887207
428.2417907714844,257.0367126464844,57.716400146484375,42.864601135253906
424.85430908203125,257.4674987792969,60.39039993286133,43.7047004699707
422.2594909667969,258.902099609375,61.39860153198242,41.60279846191406
421.055908203125,257.6377868652344,60.52000045776367,44.8218994140625
418.21160888671875,258.0220947265625,61.14670181274414,45.043701171875
416.7309875488281,258.1976013183594,60.921600341796875,46.82109832763672
416.1138916015625,258.3091125488281,58.69279861450195,49.12519836425781
413.8492126464844,257.81671142578125,60.201698303222656,49.08330154418945
413.1192932128906,258.248291015625,60.35129928588867,46.16590118408203
411.7196960449219,257.9309997558594,62.10210037231445,44.71659851074219
410.85009765625,257.8586120605469,61.942100524902344,43.705299377441406
410.881103515625,257.4993896484375,61.39550018310547,43.989498138427734
411.47509765625,257.8127136230469,61.08919906616211,44.43669891357422
410.27020263671875,258.5315856933594,62.0369987487793,42.110599517822266
411.36871337890625,257.7950134277344,62.61009979248047,43.977298736572266
410.2069091796875,257.9106140136719,62.560298919677734,45.732200622558594
407.41009521484375,258.7143859863281,65.2332992553711,44.19860076904297
405.9783020019531,258.5609130859375,69.14939880371094,43.26570129394531
403.9075927734375,259.4632873535156,70.15699768066406,45.20709991455078
412.3078918457031,260.4505920410156,62.08919906616211,49.201698303222656
418.11859130859375,261.28851318359375,52.32320022583008,40.29610061645508
422.2947998046875,262.0028991699219,44.23720169067383,40.1510009765625
421.62701416015625,262.54229736328125,43.23860168457031,39.9109001159668
421.15960693359375,262.3421936035156,42.45349884033203,38.54650115966797
419.9302978515625,261.7069091796875,41.81719970703125,39.520999908447266
419.52630615234375,262.0799865722656,42.35770034790039,39.43960189819336
417.9364013671875,260.87530517578125,42.69150161743164,41.868499755859375
418.3971862792969,260.74200439453125,41.47800064086914,40.77830123901367
417.4556884765625,259.7598876953125,41.54600143432617,40.5088996887207
417.1994934082031,260.2314147949219,41.38349914550781,39.522701263427734
416.1264953613281,259.0946960449219,41.6598014831543,37.39979934692383
415.0440979003906,258.79058837890625,42.56119918823242,38.816001892089844
413.0592041015625,257.9139099121094,45.663700103759766,38.97890090942383
408.6252136230469,256.8037109375,51.76060104370117,39.76240158081055
403.1105041503906,255.4503936767578,58.6431999206543,38.48619842529297
397.74468994140625,254.36849975585938,67.71440124511719,41.387699127197266
396.7460021972656,253.81430053710938,69.2863998413086,41.402400970458984
398.8149108886719,253.4951934814453,68.37750244140625,42.05550003051758
400.2698974609375,251.81430053710938,67.01200103759766,45.00469970703125
400.13238525390625,250.46409606933594,69.47760009765625,49.94929885864258
400.74420166015625,249.48280334472656,70.6675033569336,50.12620162963867
401.16461181640625,248.77740478515625,71.02989959716797,47.365501403808594
402.8370056152344,247.03269958496094,69.99870300292969,49.687599182128906
402.7272033691406,245.50900268554688,70.8198013305664,50.99340057373047
402.99359130859375,244.4438934326172,71.71700286865234,53.9202995300293
403.2738037109375,243.1865997314453,72.09739685058594,60.243499755859375
404.5309143066406,242.21229553222656,72.83799743652344,64.56230163574219
406.81451416015625,241.52920532226562,68.02330017089844,63.894100189208984
407.1736145019531,241.06930541992188,69.28469848632812,66.31719970703125
411.7673034667969,240.58120727539062,62.04439926147461,58.49089813232422
418.7001037597656,240.4434051513672,53.43259811401367,51.95790100097656
426.06719970703125,239.91439819335938,44.70650100708008,50.023101806640625
429.59161376953125,239.51409912109375,39.94070053100586,44.11429977416992
429.64471435546875,238.9387969970703,39.061100006103516,39.858699798583984
430.6164855957031,239.3170928955078,37.17610168457031,38.5619010925293
430.897705078125,238.47579956054688,37.2135009765625,38.74359893798828
431.07489013671875,237.60000610351562,36.78459930419922,39.92490005493164
431.55169677734375,236.2852020263672,36.497398376464844,43.685001373291016
432.3927001953125,236.42160034179688,36.24420166015625,42.664398193359375
431.9296875,235.7386016845703,37.829898834228516,41.2307014465332
432.74261474609375,235.1728973388672,37.70949935913086,44.79180145263672
433.78759765625,233.85850524902344,37.4463996887207,43.36000061035156
434.51629638671875,232.9199981689453,37.16910171508789,42.38100051879883
435.7167053222656,233.05020141601562,36.71289825439453,39.26729965209961
436.7828063964844,231.793701171875,37.332801818847656,42.084800720214844
437.68389892578125,231.0670928955078,38.20050048828125,43.820499420166016
438.965087890625,230.85299682617188,38.9193000793457,44.435001373291016
440.4674987792969,229.4329071044922,39.397098541259766,44.21419906616211
441.1861877441406,228.752197265625,41.29930114746094,45.130401611328125
438.80670166015625,227.28250122070312,48.607601165771484,45.231201171875
436.50048828125,226.20069885253906,51.00920104980469,50.85200119018555
435.26190185546875,227.0236053466797,59.27170181274414,41.91889953613281
435.0292053222656,226.11520385742188,65.4552001953125,41.93709945678711
437.01019287109375,225.45860290527344,67.28790283203125,44.10419845581055
439.5963134765625,225.54769897460938,69.64199829101562,42.183799743652344
441.662109375,224.1826934814453,69.98650360107422,49.22809982299805
445.1465148925781,223.93260192871094,71.05909729003906,51.17850112915039
447.9289855957031,224.1118927001953,72.4468002319336,49.832698822021484
450.8716125488281,223.1060028076172,74.67430114746094,52.059898376464844
456.3891906738281,222.3260040283203,71.31300354003906,58.898799896240234
461.0126953125,222.41250610351562,72.04789733886719,56.68360137939453
465.37359619140625,221.206298828125,71.19599914550781,65.10070037841797
470.7113952636719,219.77220153808594,68.3989028930664,77.12840270996094
474.1278991699219,217.5178985595703,69.69879913330078,83.44640350341797
479.98809814453125,216.9199981689453,72.33110046386719,85.98680114746094
484.66400146484375,216.39669799804688,70.40969848632812,84.23040008544922
489.095703125,216.2799072265625,72.17230224609375,95.18299865722656
494.08599853515625,215.99659729003906,70.95809936523438,102.93180084228516
497.7992858886719,216.13510131835938,70.99340057373047,111.89820098876953
502.6665954589844,214.4062042236328,70.86650085449219,115.46589660644531
505.010498046875,213.94180297851562,74.9542007446289,109.02020263671875
509.2856140136719,213.576904296875,73.19609832763672,122.10030364990234
513.0172729492188,211.17970275878906,74.66549682617188,128.41900634765625
517.8496704101562,210.21510314941406,75.44180297851562,126.08570098876953
521.8171997070312,211.4918975830078,75.18000030517578,134.01170349121094
526.2177734375,209.57000732421875,75.11979675292969,131.55810546875
530.0952758789062,209.14990234375,78.65149688720703,134.94020080566406
536.09619140625,207.2324981689453,75.92310333251953,126.63529968261719
539.30029296875,210.097900390625,80.0062026977539,125.54309844970703
542.9785766601562,209.07119750976562,75.34089660644531,116.08820343017578
546.138671875,208.7978057861328,80.87409973144531,134.19749450683594
551.3142700195312,208.5146026611328,76.87989807128906,139.3209991455078
554.9320068359375,205.2799072265625,71.65589904785156,132.91769409179688
552.6409301757812,204.46490478515625,77.80280303955078,133.86439514160156
557.613525390625,203.83160400390625,74.11309814453125,146.24710083007812
561.06298828125,201.76829528808594,70.3031005859375,135.8903045654297
564.8455810546875,201.48179626464844,66.1406021118164,138.71530151367188
567.3184814453125,200.22030639648438,65.69010162353516,146.82850646972656
571.4423217773438,200.36790466308594,67.39810180664062,149.78909301757812
577.8292236328125,198.67050170898438,58.75429916381836,157.84689331054688
583.8527221679688,196.59759521484375,46.31520080566406,147.6697998046875
581.2017211914062,198.65069580078125,49.751800537109375,147.4477996826172
586.0443725585938,197.5706024169922,40.577301025390625,148.1195068359375
582.9990234375,196.06460571289062,46.84469985961914,152.0301971435547
584.6624755859375,198.2581024169922,46.80619812011719,148.1260986328125
581.263916015625,197.4700927734375,51.21879959106445,153.34019470214844
587.4368286132812,196.74310302734375,43.783199310302734,141.64830017089844
584.8477172851562,196.39840698242188,44.229000091552734,153.03880310058594
587.4478149414062,197.4759063720703,45.063201904296875,146.1302947998047
587.5814208984375,197.76849365234375,43.675201416015625,146.29449462890625
588.1423950195312,197.339599609375,46.124900817871094,143.46240234375
588.8361206054688,197.24769592285156,45.02180099487305,151.49620056152344
588.4174194335938,195.8383026123047,47.494300842285156,158.57069396972656
593.02392578125,195.1569061279297,40.015499114990234,147.19610595703125
592.327880859375,195.3249053955078,43.676300048828125,154.4114990234375
592.0081176757812,194.9506072998047,46.144100189208984,159.2584991455078
596.1674194335938,195.19509887695312,38.4567985534668,140.78529357910156
596.39697265625,193.27200317382812,39.52370071411133,140.88299560546875
597.4229736328125,195.41839599609375,41.148101806640625,153.4304962158203
597.2219848632812,194.84100341796875,39.36370086669922,147.38619995117188
599.3289184570312,193.22459411621094,40.5192985534668,147.02560424804688
596.415283203125,195.78160095214844,41.273101806640625,151.83529663085938
598.8422241210938,195.26119995117188,42.96910095214844,141.0363006591797
600.431396484375,196.47250366210938,41.497398376464844,146.76840209960938
600.7794799804688,196.27200317382812,41.37839889526367,147.14849853515625
602.7940063476562,195.10899353027344,40.76319885253906,154.04530334472656
604.0643920898438,195.32350158691406,38.71139907836914,156.9517059326172
604.40771484375,196.2144012451172,37.82339859008789,157.65089416503906
603.8978881835938,196.50289916992188,42.42539978027344,169.0677947998047
605.8983154296875,194.88180541992188,37.14419937133789,169.22549438476562
604.9937744140625,192.50669860839844,42.69929885864258,179.1416015625
605.5886840820312,194.06809997558594,41.10319900512695,178.39419555664062
607.1270751953125,195.9250030517578,39.95989990234375,179.26019287109375
608.6456298828125,193.72569274902344,37.5010986328125,178.1519012451172
606.5859985351562,197.08070373535156,37.617698669433594,186.8199005126953
611.8820190429688,193.7928924560547,35.42890167236328,185.24710083007812
611.29248046875,191.80450439453125,41.817901611328125,187.0653076171875
610.2318115234375,192.143798828125,53.104698181152344,181.89329528808594
609.6165771484375,192.18299865722656,62.74720001220703,172.31930541992188
608.8051147460938,188.2371063232422,67.375,180.6175994873047
608.9423217773438,190.54739379882812,69.09980010986328,159.8336944580078
607.614013671875,190.58990478515625,71.28620147705078,150.77920532226562
608.0368041992188,193.56210327148438,71.2510986328125,134.8227996826172
608.0269775390625,195.7200927734375,71.86720275878906,121.28720092773438
598.5817260742188,195.6746063232422,81.68119812011719,100.47570037841797
605.0338745117188,196.8253936767578,75.2876968383789,107.49349975585938
599.47412109375,191.39920043945312,78.31539916992188,111.63899993896484
590.9013061523438,188.0489044189453,87.82879638671875,120.30010223388672
561.919189453125,173.97470092773438,116.95819854736328,109.50440216064453
569.8093872070312,175.685302734375,103.64089965820312,99.12079620361328
574.530517578125,173.68930053710938,101.87229919433594,115.15730285644531
588.7437133789062,170.11380004882812,88.53459930419922,132.3291015625
591.855712890625,178.3697967529297,95.76529693603516,147.99679565429688
603.4926147460938,174.25889587402344,92.38690185546875,147.59449768066406
604.3535766601562,177.506103515625,102.91670227050781,159.9499969482422
600.6602172851562,179.14419555664062,114.63200378417969,157.06759643554688
597.4221801757812,178.7357940673828,130.3896942138672,167.21890258789062
598.9359741210938,177.68060302734375,141.57400512695312,172.5832061767578
594.1978759765625,175.30340576171875,153.99249267578125,214.4178009033203
596.2941284179688,180.1011962890625,155.7711944580078,218.29209899902344
592.5675048828125,184.28619384765625,154.3769073486328,219.94580078125
593.898193359375,183.5518035888672,161.39779663085938,209.7740020751953
588.8419799804688,183.72390747070312,179.71969604492188,208.97360229492188
586.5554809570312,182.28140258789062,205.8441925048828,205.25509643554688
578.1799926757812,177.7042999267578,238.3759002685547,207.22019958496094
572.81982421875,179.31350708007812,273.67730712890625,176.13999938964844
577.1561889648438,181.27999877929688,285.09271240234375,199.10809326171875
563.3662719726562,189.16409301757812,291.76300048828125,208.34689331054688
599.9954223632812,183.8524932861328,281.2362976074219,194.3094024658203
676.8361206054688,172.16189575195312,224.0032958984375,192.88510131835938
722.7034301757812,171.156005859375,195.36590576171875,225.53660583496094
714.8455810546875,168.3612060546875,210.67640686035156,235.1230926513672
571.5037231445312,191.19479370117188,239.16180419921875,203.93280029296875
570.1340942382812,191.3115997314453,229.6071014404297,205.71170043945312
570.6724853515625,188.4058074951172,242.23049926757812,209.19859313964844
566.6076049804688,191.83949279785156,230.37770080566406,205.0200958251953
562.5303955078125,192.2664031982422,270.88409423828125,201.06919860839844
565.1458129882812,195.4114990234375,235.6584014892578,199.7552032470703
562.1567993164062,197.5345001220703,260.1117858886719,197.7030029296875
559.5604248046875,191.87950134277344,249.07589721679688,207.2209014892578
567.0441284179688,192.1374969482422,236.05259704589844,205.72169494628906
565.5070190429688,191.33889770507812,222.59559631347656,209.964599609375
564.2108154296875,194.11050415039062,246.14370727539062,197.35169982910156
562.6906127929688,194.1114959716797,235.82400512695312,200.99429321289062
564.5814819335938,197.0863037109375,255.23910522460938,193.05670166015625
563.2739868164062,193.51109313964844,238.75390625,200.53500366210938
567.3538208007812,191.61070251464844,204.9010009765625,203.12759399414062
565.7343139648438,197.37339782714844,154.8072052001953,199.90109252929688
563.2860107421875,193.92909240722656,139.62489318847656,191.5426025390625
569.7634887695312,195.27220153808594,107.46119689941406,169.32359313964844
567.6671752929688,199.5106964111328,79.42379760742188,159.1923065185547
573.5552978515625,197.70159912109375,62.74039840698242,157.5738983154297
573.018798828125,198.87109375,64.47129821777344,160.56289672851562
578.063720703125,197.27639770507812,57.90190124511719,149.79750061035156
580.0487060546875,200.16490173339844,49.337501525878906,142.84190368652344
575.3364868164062,199.4882049560547,56.39179992675781,147.83909606933594
579.1694946289062,200.09739685058594,49.62009811401367,145.76089477539062
581.5006103515625,199.6566925048828,44.20790100097656,143.03909301757812
583.05322265625,201.16830444335938,45.41619873046875,143.72549438476562
581.72998046875,201.45289611816406,45.90660095214844,142.20570373535156
587.282470703125,201.1811981201172,41.16780090332031,145.02679443359375
587.6519165039062,201.77920532226562,41.10490036010742,135.33599853515625
592.055419921875,201.94500732421875,37.858699798583984,139.87350463867188
590.6843872070312,200.31300354003906,41.966800689697266,144.83790588378906
593.0681762695312,202.9373016357422,42.54180145263672,144.12899780273438
595.8477172851562,203.83489990234375,40.45690155029297,143.7843017578125
597.0441284179688,202.92840576171875,40.3468017578125,145.7471923828125
597.8820190429688,204.081298828125,40.483001708984375,143.21929931640625
599.298828125,204.77859497070312,41.79719924926758,141.29510498046875
602.4849853515625,205.80160522460938,36.560699462890625,135.018798828125
605.6619262695312,205.6439971923828,37.2671012878418,131.0789031982422
607.3883056640625,206.64520263671875,38.199798583984375,125.57379913330078
606.53369140625,207.3238067626953,41.140201568603516,126.49109649658203
610.792724609375,207.0511932373047,38.68280029296875,117.49629974365234
610.2468872070312,207.03509521484375,40.67449951171875,115.06729888916016
610.3416137695312,206.36529541015625,42.844200134277344,123.36990356445312
614.3958740234375,205.89419555664062,39.02989959716797,113.88480377197266
616.5687255859375,206.72560119628906,37.405799865722656,109.3646011352539
622.096923828125,208.02639770507812,30.001699447631836,105.05670166015625
625.0128784179688,210.27389526367188,23.44529914855957,102.53720092773438
630.2435302734375,206.7602996826172,29.015199661254883,97.88379669189453
628.7747802734375,204.3502960205078,41.888999938964844,108.25640106201172
622.0717163085938,207.17320251464844,56.028900146484375,116.80819702148438
618.728515625,208.39309692382812,63.33689880371094,122.75749969482422
618.4307861328125,207.16619873046875,65.52839660644531,134.7064971923828
618.5435791015625,206.3730010986328,64.45480346679688,140.47470092773438
619.2581787109375,206.0941925048828,61.95920181274414,151.87030029296875
616.5341796875,206.60299682617188,66.0802001953125,152.96420288085938
616.8798828125,206.27740478515625,67.11399841308594,152.62030029296875
614.8347778320312,203.12710571289062,69.28309631347656,171.11990356445312
612.9506225585938,201.7843017578125,71.67420196533203,170.58470153808594
612.9783935546875,201.0561981201172,69.02490234375,175.55799865722656
612.77880859375,200.9636993408203,65.53790283203125,178.3697967529297
610.9213256835938,197.73590087890625,65.09100341796875,184.44070434570312
610.1832885742188,199.33450317382812,65.2197036743164,177.05810546875
610.5208129882812,198.46820068359375,59.56869888305664,180.82870483398438
607.2957763671875,198.45849609375,64.5105972290039,180.70640563964844
606.2626953125,198.98399353027344,64.34329986572266,171.97189331054688
606.4818725585938,199.47509765625,61.2588005065918,166.0413055419922
606.6292114257812,199.32200622558594,56.25979995727539,166.29550170898438
605.6456909179688,198.0216064453125,57.04869842529297,169.74009704589844
603.2788696289062,197.60040283203125,60.06829833984375,170.46119689941406
600.9827270507812,196.86729431152344,56.09560012817383,157.7696075439453
599.5029296875,199.75140380859375,58.61899948120117,160.9207000732422
598.7322998046875,196.26870727539062,57.08420181274414,168.0034942626953
595.8193969726562,195.45260620117188,59.95750045776367,170.14300537109375
592.6669921875,195.06309509277344,64.15409851074219,170.01919555664062
593.6539916992188,193.99400329589844,55.00210189819336,174.30799865722656
590.0941162109375,194.43809509277344,60.01490020751953,174.52330017089844
587.7125854492188,193.97259521484375,59.36629867553711,174.89930725097656
585.57958984375,193.95689392089844,60.53810119628906,167.88059997558594
583.6470947265625,193.78900146484375,60.55149841308594,175.0240936279297
581.772216796875,192.17140197753906,58.88650131225586,172.6125946044922
579.26171875,191.92230224609375,60.790000915527344,177.5706024169922
578.2938842773438,191.2530059814453,58.244998931884766,177.48779296875
574.2758178710938,190.9958038330078,65.44290161132812,173.7801055908203
572.5742797851562,189.60740661621094,66.88529968261719,167.5791015625
571.376708984375,192.49319458007812,63.81290054321289,148.04949951171875
570.875,192.77259826660156,62.34560012817383,140.8345947265625
571.1118774414062,190.21670532226562,58.356998443603516,151.96389770507812
569.1401977539062,188.31149291992188,58.97930145263672,153.22000122070312
565.8626098632812,186.59030151367188,62.16279983520508,159.0048065185547
564.1359252929688,187.697998046875,61.22779846191406,147.71929931640625
563.5537719726562,189.00650024414062,54.01679992675781,137.29440307617188
563.5797729492188,190.73269653320312,41.767601013183594,127.2249984741211
561.0665283203125,190.8040008544922,35.916099548339844,126.77429962158203
565.1541748046875,188.5644989013672,24.527299880981445,127.49909973144531
560.6663208007812,186.99740600585938,28.930599212646484,129.03729248046875
551.5048217773438,187.52220153808594,39.38059997558594,123.76029968261719
545.0869140625,187.4781036376953,48.26860046386719,121.5458984375
542.7951049804688,185.31900024414062,50.127601623535156,127.04609680175781
541.3137817382812,185.22579956054688,51.413299560546875,128.6488037109375
541.185302734375,183.9575958251953,51.023799896240234,126.14700317382812
540.1586303710938,184.60350036621094,51.61709976196289,117.73989868164062
539.8129272460938,184.9355010986328,50.71820068359375,113.65650177001953
540.3488159179688,184.75489807128906,48.95429992675781,118.55799865722656
538.7891845703125,183.1728057861328,51.022300720214844,124.96099853515625
538.20068359375,182.39390563964844,52.733699798583984,126.71109771728516
539.43701171875,183.21029663085938,51.90409851074219,126.947998046875
539.0811157226562,181.85020446777344,52.23809814453125,124.08309936523438
538.246826171875,183.30459594726562,53.86470031738281,123.8832015991211
539.6473999023438,182.82029724121094,52.29410171508789,114.65910339355469
539.3856201171875,182.96839904785156,51.67390060424805,118.85549926757812
540.1099853515625,182.74020385742188,52.228599548339844,123.96530151367188
541.2432861328125,181.29110717773438,51.858699798583984,116.36859893798828
542.4028930664062,181.9488067626953,51.39780044555664,115.16929626464844
545.7449951171875,180.84530639648438,47.46440124511719,117.27539825439453
555.1262817382812,179.0841064453125,37.70130157470703,106.55130004882812
549.513916015625,184.856201171875,43.694698333740234,119.20690155029297
554.5894775390625,180.48440551757812,33.69329833984375,129.45339965820312
565.2758178710938,181.5574951171875,25.567399978637695,133.03640747070312
565.892822265625,182.00140380859375,24.121400833129883,128.3549041748047
567.0059814453125,182.5366973876953,22.64620018005371,126.68049621582031
565.1135864257812,182.45640563964844,28.055099487304688,126.95590209960938
568.4807739257812,184.31759643554688,22.65290069580078,124.76029968261719
567.8850708007812,183.66799926757812,24.372699737548828,130.55250549316406
567.9310913085938,183.81089782714844,24.635900497436523,124.12550354003906
569.3850708007812,182.82330322265625,23.94529914855957,117.93289947509766
569.3546142578125,182.0666961669922,25.06839942932129,121.42839813232422
569.0750122070312,182.54440307617188,26.522300720214844,121.08070373535156
570.3239135742188,184.1461944580078,26.445199966430664,116.59400177001953
572.15087890625,184.1793975830078,23.558300018310547,122.7781982421875
572.2156982421875,183.44419860839844,25.229900360107422,121.26909637451172
572.288818359375,184.773193359375,25.95439910888672,122.10240173339844
572.6209106445312,184.38999938964844,27.0841007232666,121.92610168457031
569.7769775390625,185.52420043945312,32.24259948730469,122.57520294189453
573.359375,186.0341033935547,27.866199493408203,125.85910034179688
574.4763793945312,186.05819702148438,27.077600479125977,133.9813995361328
575.9349975585938,184.94020080566406,28.475400924682617,128.76190185546875
578.5322265625,187.148193359375,24.352699279785156,124.37680053710938
579.5836791992188,188.04969787597656,23.882999420166016,127.95480346679688
580.9722900390625,189.13259887695312,27.319799423217773,124.65640258789062
584.299072265625,192.1851043701172,23.378700256347656,127.7593002319336
585.7589721679688,192.8800048828125,21.552600860595703,123.72869873046875
589.9456176757812,192.18060302734375,22.77829933166504,126.15779876708984
584.3294067382812,192.70480346679688,32.84400177001953,123.99939727783203
580.4395141601562,192.9873046875,39.94599914550781,118.55110168457031
573.7918090820312,193.3343048095703,51.7244987487793,123.60980224609375
576.1207885742188,194.91329956054688,52.542301177978516,125.66790008544922
577.51123046875,194.9698028564453,55.407798767089844,124.9529037475586
580.965087890625,196.10279846191406,56.91279983520508,109.67720031738281
582.855712890625,197.6623992919922,62.44990158081055,96.55049896240234
583.0388793945312,199.28379821777344,71.89450073242188,94.98979949951172
583.5911254882812,199.77239990234375,71.931396484375,82.03019714355469
