1
580.9528198242188,201.43580627441406,61.029598236083984,52.527400970458984
579.1713256835938,200.91549682617188,59.07490158081055,48.62160110473633
578.2532958984375,199.6405029296875,56.90129852294922,48.48619842529297
576.1055297851562,198.42129516601562,58.55289840698242,55.78799819946289
572.8800048828125,197.04859924316406,56.922698974609375,57.903499603271484
573.2816772460938,195.58180236816406,56.252498626708984,61.63560104370117
575.6671752929688,193.9770965576172,45.59619903564453,65.1416015625
581.3328247070312,195.0301971435547,36.59859848022461,65.92179870605469
587.8441772460938,192.7888946533203,24.825199127197266,62.69160079956055
588.799072265625,191.7418975830078,19.168500900268555,58.39120101928711
586.549072265625,191.0316925048828,22.11870002746582,51.135501861572266
583.9749145507812,190.2987060546875,24.506500244140625,47.976600646972656
582.67919921875,188.6575927734375,23.72450065612793,45.509300231933594
579.61962890625,187.6728057861328,26.214099884033203,40.83700180053711
577.7088012695312,186.24729919433594,26.183900833129883,44.249698638916016
576.424072265625,186.2700958251953,27.081899642944336,42.51219940185547
575.1262817382812,185.3050994873047,26.392900466918945,42.4635009765625
575.2150268554688,185.18800354003906,25.70170021057129,42.90299987792969
573.8203735351562,184.42430114746094,25.80660057067871,41.82720184326172
573.4296875,184.1313934326172,26.060300827026367,43.419498443603516
573.22607421875,183.4727020263672,25.832000732421875,43.79819869995117
572.3757934570312,182.4980926513672,25.644399642944336,42.29010009765625
572.6464233398438,182.25180053710938,24.680500030517578,44.631500244140625
571.9049072265625,180.96229553222656,24.570999145507812,47.58700180053711
571.3842163085938,182.1728057861328,24.68790054321289,43.980499267578125
570.7188720703125,182.3618927001953,25.20709991455078,46.05979919433594
570.1820068359375,182.2552947998047,25.46310043334961,46.330101013183594
569.6400756835938,183.24270629882812,24.843799591064453,44.31959915161133
569.4641723632812,183.0742950439453,24.571199417114258,45.33470153808594
569.1292114257812,182.57789611816406,23.517000198364258,45.129798889160156
568.9124755859375,182.8336944580078,22.25079917907715,46.68550109863281
568.4180297851562,181.99290466308594,22.4955997467041,48.46289825439453
567.834716796875,181.9011993408203,21.48270034790039,45.567901611328125
568.3156127929688,181.81069946289062,17.903099060058594,46.2765007019043
567.534912109375,180.82159423828125,19.60770034790039,45.309200286865234
558.3082275390625,180.81809997558594,21.191200256347656,43.46099853515625
551.4036865234375,180.9582061767578,26.24690055847168,45.29359817504883
545.2404174804688,181.62649536132812,33.00019836425781,45.24470138549805
542.4210205078125,181.5041961669922,35.54169845581055,42.04280090332031
542.2791748046875,182.6988067626953,41.08679962158203,39.56629943847656
540.2202758789062,183.91799926757812,49.833099365234375,39.8390998840332
539.62841796875,183.8916015625,50.140201568603516,42.145198822021484
539.341796875,184.2552032470703,49.57229995727539,47.43050003051758
539.596923828125,184.2310028076172,49.02840042114258,50.4640998840332
539.6259765625,185.05250549316406,48.66849899291992,55.04669952392578
539.9537963867188,184.0968017578125,48.77040100097656,53.39440155029297
539.8604125976562,185.00100708007812,48.374000549316406,59.53300094604492
539.5454711914062,184.493896484375,49.57320022583008,63.42430114746094
539.4022216796875,185.1009063720703,50.79130172729492,65.1759033203125
539.5286865234375,185.44439697265625,50.34450149536133,59.67839813232422
540.8582763671875,186.65289306640625,49.22380065917969,58.68579864501953
542.1912841796875,187.20770263671875,48.22439956665039,56.9114990234375
543.0924072265625,186.93350219726562,48.37519836425781,62.77050018310547
543.726318359375,187.22120666503906,48.73040008544922,62.08340072631836
548.69580078125,187.86990356445312,43.68280029296875,63.30970001220703
555.5482788085938,188.33779907226562,35.00659942626953,64.25150299072266
563.5521850585938,189.87319946289062,25.639699935913086,64.81510162353516
564.6654052734375,188.32679748535156,30.75819969177246,54.768798828125
571.6461791992188,190.6237030029297,33.5182991027832,49.92879867553711
572.9932861328125,191.1927032470703,40.44300079345703,53.2765007019043
568.760009765625,190.93890380859375,48.95899963378906,55.02439880371094
566.5850830078125,191.46580505371094,55.257999420166016,48.8765983581543
568.774169921875,192.6905059814453,55.11199951171875,44.61090087890625
572.1149291992188,193.49850463867188,53.325199127197266,45.71080017089844
573.265625,194.1846923828125,54.344398498535156,48.8047981262207
575.802490234375,195.25999450683594,53.190799713134766,44.14419937133789
577.5512084960938,195.75169372558594,53.585201263427734,48.215999603271484
579.2047729492188,195.92880249023438,54.51919937133789,44.809898376464844
581.7955932617188,196.37179565429688,53.18949890136719,46.6697998046875
583.68359375,196.75270080566406,53.05390167236328,49.042999267578125
585.1555786132812,197.0605926513672,53.50979995727539,47.90169906616211
586.6583862304688,197.35240173339844,54.23189926147461,48.904300689697266
588.4716186523438,197.48260498046875,54.09809875488281,52.09450149536133
589.5054931640625,197.55889892578125,55.250099182128906,53.639400482177734
592.91357421875,198.83709716796875,52.76319885253906,44.072898864746094
594.5,199.2050018310547,53.74869918823242,46.3291015625
596.5015258789062,199.57969665527344,53.97669982910156,46.55780029296875
598.2706298828125,200.31419372558594,53.96900177001953,44.9202995300293
600.0557250976562,200.76620483398438,53.688499450683594,42.36320114135742
601.2733154296875,201.02920532226562,54.19889831542969,45.358001708984375
603.8209838867188,201.7427978515625,53.34270095825195,48.253299713134766
604.4306030273438,201.9781036376953,54.07889938354492,50.45830154418945
605.7338256835938,202.48309326171875,55.28670120239258,48.27190017700195
607.447021484375,203.16700744628906,55.12919998168945,46.871498107910156
609.9959716796875,203.90330505371094,53.445499420166016,44.9197998046875
610.5020751953125,204.01919555664062,54.077301025390625,48.355201721191406
611.1683959960938,204.86709594726562,55.31589889526367,48.85340118408203
611.896484375,205.07470703125,56.791500091552734,51.10200119018555
613.2974853515625,205.76559448242188,56.98429870605469,45.8213996887207
613.3798217773438,206.08120727539062,59.057899475097656,48.17679977416992
613.542724609375,206.59820556640625,62.34469985961914,48.159000396728516
613.164794921875,207.5615997314453,65.6864013671875,53.974098205566406
614.1121826171875,208.41990661621094,67.0551986694336,49.66619873046875
614.4904174804688,208.835205078125,67.65249633789062,47.26219940185547
614.9669189453125,210.11920166015625,66.64669799804688,43.62369918823242
615.6796264648438,208.9824981689453,66.3198013305664,48.662498474121094
615.6671752929688,209.7451934814453,67.5979995727539,46.757999420166016
615.777587890625,209.47000122070312,66.99440002441406,50.054500579833984
616.1937255859375,209.78160095214844,67.64640045166016,49.060699462890625
616.7938842773438,209.51199340820312,66.98629760742188,51.90140151977539
618.1044921875,209.6656036376953,62.82939910888672,48.035099029541016
621.2938842773438,209.90359497070312,53.01959991455078,39.926700592041016
622.5244140625,209.50059509277344,39.859901428222656,38.682098388671875
626.7587890625,214.7333984375,32.57699966430664,44.075801849365234
623.6970825195312,208.80140686035156,27.07270050048828,45.48160171508789
619.4116821289062,209.0428009033203,31.72010040283203,49.36709976196289
616.519775390625,209.7030029296875,33.522701263427734,49.81570053100586
614.3432006835938,209.25709533691406,34.89099884033203,49.39609909057617
613.4559936523438,208.648193359375,34.009700775146484,51.45709991455078
611.5477905273438,208.14830017089844,35.07099914550781,49.26599884033203
610.6130981445312,207.53610229492188,33.50120162963867,45.785701751708984
609.4140014648438,206.48240661621094,33.42250061035156,45.37820053100586
607.715576171875,206.23269653320312,33.5718994140625,42.78630065917969
605.765380859375,205.30130004882812,33.83300018310547,39.21649932861328
604.0183715820312,204.5531005859375,33.78139877319336,39.84000015258789
601.1146240234375,204.50140380859375,35.41550064086914,45.08209991455078
600.2066040039062,203.5908966064453,33.566001892089844,50.47420120239258
598.1812133789062,203.84449768066406,33.21950149536133,54.166099548339844
595.6220703125,202.7707977294922,33.8745002746582,53.512001037597656
594.9445190429688,202.0594940185547,32.19810104370117,52.055198669433594
593.9453125,202.79159545898438,32.36159896850586,49.236698150634766
592.2606811523438,202.08729553222656,31.843399047851562,49.592201232910156
589.9193725585938,201.70689392089844,32.87369918823242,41.850399017333984
588.947998046875,201.022705078125,32.65489959716797,40.83489990234375
587.0220947265625,199.81719970703125,32.913299560546875,43.528499603271484
586.8989868164062,199.80799865722656,30.910999298095703,42.312198638916016
589.1107788085938,203.3907928466797,25.773700714111328,45.89459991455078
590.5468139648438,199.45669555664062,22.832700729370117,45.88169860839844
588.7346801757812,198.9774932861328,31.5216007232666,40.26679992675781
590.236083984375,198.00799560546875,36.31990051269531,44.35139846801758
586.919189453125,197.3571014404297,42.24829864501953,43.61750030517578
581.355224609375,197.6031951904297,48.22010040283203,43.67449951171875
579.9854125976562,198.2218017578125,48.986000061035156,44.48550033569336
578.33837890625,198.17869567871094,50.294700622558594,50.25120162963867
577.9210815429688,198.18589782714844,50.6885986328125,51.693199157714844
578.1209716796875,197.8332977294922,49.335601806640625,50.88059997558594
578.165771484375,198.1562042236328,48.13090133666992,50.1776008605957
576.8922119140625,197.60159301757812,49.17559814453125,50.99729919433594
576.3088989257812,197.54220581054688,49.186798095703125,53.19559860229492
576.1909790039062,197.78500366210938,48.45909881591797,51.96549987792969
576.081787109375,198.3596954345703,47.87910079956055,46.082401275634766
577.4642944335938,197.8925018310547,45.708099365234375,44.76559829711914
577.3422241210938,198.44639587402344,45.65840148925781,42.70669937133789
576.443115234375,197.95790100097656,47.68579864501953,46.59510040283203
577.489501953125,197.94580078125,45.308799743652344,48.413700103759766
577.2929077148438,197.235107421875,47.16740036010742,50.238399505615234
579.601318359375,196.36849975585938,45.05759811401367,54.841400146484375
579.2261962890625,195.94729614257812,46.655601501464844,55.22990036010742
580.81591796875,196.48550415039062,47.11130142211914,52.39569854736328
581.0347290039062,196.03599548339844,46.65370178222656,52.525699615478516
582.31201171875,196.5883026123047,46.57379913330078,50.55860137939453
583.6599731445312,196.2322998046875,46.84239959716797,50.47829818725586
583.4984130859375,196.46490478515625,49.27870178222656,51.28580093383789
583.8422241210938,195.93310546875,52.903900146484375,53.145599365234375
583.0986938476562,196.7700958251953,59.23040008544922,51.07059860229492
582.9620971679688,196.83900451660156,65.77420043945312,54.5900993347168
583.5897216796875,197.45230102539062,69.35859680175781,54.54560089111328
584.7799072265625,198.03359985351562,71.4136962890625,48.027198791503906
586.82861328125,198.23719787597656,70.74839782714844,48.01750183105469
590.382080078125,197.8199005126953,68.19750213623047,48.821800231933594
590.564208984375,197.29490661621094,68.57160186767578,49.71289825439453
592.6002197265625,197.02200317382812,67.7113037109375,51.449100494384766
595.8843994140625,197.30740356445312,66.58570098876953,49.66210174560547
596.1807250976562,197.65480041503906,68.08380126953125,47.94160079956055
599.2766723632812,198.1685028076172,67.11759948730469,47.09709930419922
599.6041870117188,198.50390625,68.77619934082031,47.19889831542969
600.4663696289062,200.27020263671875,69.54949951171875,47.27000045776367
600.4450073242188,203.00469970703125,70.98490142822266,45.416500091552734
609.0761108398438,184.06919860839844,69.98989868164062,50.35029983520508
605.6798706054688,173.63490295410156,66.65799713134766,58.39780044555664
597.2725219726562,173.8114013671875,55.84339904785156,44.91279983520508
586.813720703125,174.19349670410156,54.8046989440918,41.2504997253418
577.355224609375,174.14120483398438,58.65290069580078,45.273101806640625
570.0543212890625,174.89340209960938,52.929298400878906,43.30459976196289
561.0814819335938,174.2310028076172,53.22669982910156,46.415401458740234
551.27197265625,174.6656951904297,54.44779968261719,47.38130187988281
540.4287109375,175.16409301757812,56.70000076293945,47.87009811401367
530.5269775390625,175.49819946289062,57.084598541259766,48.28350067138672
520.842529296875,176.15150451660156,56.32279968261719,47.20589828491211
511.0401916503906,177.01119995117188,57.49689865112305,48.864498138427734
501.5603942871094,177.110595703125,55.135501861572266,51.53969955444336
491.61260986328125,178.16839599609375,54.68159866333008,52.222599029541016
481.8674011230469,179.21629333496094,54.6411018371582,53.28129959106445
472.22491455078125,181.06959533691406,55.68159866333008,49.044700622558594
463.1404113769531,181.9322052001953,52.735801696777344,46.398101806640625
454.35479736328125,181.8820037841797,48.52870178222656,45.85110092163086
444.8893127441406,181.24510192871094,50.54859924316406,48.02199935913086
435.2405090332031,181.56019592285156,49.89670181274414,47.365699768066406
425.2452087402344,181.35740661621094,49.97169876098633,49.284000396728516
415.6122131347656,181.27389526367188,49.29309844970703,54.714500427246094
408.43170166015625,181.1208038330078,47.7578010559082,59.151100158691406
400.9425048828125,180.9716033935547,48.550498962402344,54.90449905395508
388.8529968261719,183.6049041748047,50.29059982299805,51.0166015625
383.1142883300781,185.1732940673828,47.731201171875,44.937198638916016
373.34271240234375,185.60260009765625,48.613800048828125,47.551300048828125
364.46038818359375,187.3271026611328,47.47999954223633,44.61640167236328
355.85650634765625,188.0225067138672,49.27629852294922,45.1890983581543
347.55010986328125,188.9387969970703,48.99760055541992,46.060001373291016
339.2395935058594,190.2958984375,49.82830047607422,42.80690002441406
331.0870056152344,189.50860595703125,49.84870147705078,44.15530014038086
323.59161376953125,188.67300415039062,49.17729949951172,46.839698791503906
318.2005920410156,189.6049041748047,53.445098876953125,45.497798919677734
309.75201416015625,189.1215057373047,60.967498779296875,49.594398498535156
300.2560119628906,188.91619873046875,72.04750061035156,53.7963981628418
293.460205078125,189.4210968017578,70.59829711914062,49.74700164794922
287.4277038574219,190.1934051513672,67.7750015258789,47.84479904174805
279.8263854980469,189.2552032470703,68.30879974365234,51.29309844970703
275.06549072265625,192.21119689941406,66.95220184326172,48.07709884643555
268.9036865234375,191.41209411621094,67.37789916992188,51.595001220703125
263.7431945800781,193.0590057373047,64.63089752197266,53.931400299072266
258.8548889160156,193.45840454101562,62.793800354003906,51.815799713134766
259.99591064453125,196.04339599609375,52.30110168457031,48.575199127197266
257.447998046875,197.12060546875,47.1619987487793,53.684600830078125
254.62460327148438,199.13839721679688,43.432498931884766,53.823299407958984
250.5543975830078,198.09669494628906,40.93159866333008,57.19609832763672
245.03160095214844,198.0106964111328,42.2755012512207,57.164798736572266
241.69619750976562,198.28160095214844,39.877601623535156,53.6172981262207
236.64439392089844,197.8430938720703,40.78770065307617,56.94559860229492
233.30979919433594,199.0493927001953,39.089298248291016,55.035099029541016
230.3791961669922,199.53610229492188,38.132598876953125,55.31719970703125
226.9759063720703,200.4145965576172,38.03900146484375,54.605499267578125
223.84840393066406,201.15289306640625,38.095401763916016,50.46699905395508
221.88319396972656,202.69119262695312,36.870601654052734,50.532501220703125
219.90890502929688,203.18899536132812,35.312198638916016,47.35169982910156
217.25050354003906,203.53439331054688,35.6083984375,48.180599212646484
214.9748992919922,203.87330627441406,36.27899932861328,50.12820053100586
212.89779663085938,204.57659912109375,35.982200622558594,49.16120147705078
211.23809814453125,205.95989990234375,35.63990020751953,49.068599700927734
209.62649536132812,208.06329345703125,36.68840026855469,49.1349983215332
208.9705047607422,208.14300537109375,35.169700622558594,50.349700927734375
207.72479248046875,208.89349365234375,35.33769989013672,49.46609878540039
207.57200622558594,209.0345001220703,33.98509979248047,49.836299896240234
205.93679809570312,209.8125,35.0281982421875,50.033199310302734
204.71749877929688,210.06629943847656,35.69599914550781,50.20610046386719
203.60940551757812,210.8695068359375,35.02870178222656,49.807098388671875
201.73789978027344,211.3350067138672,35.917701721191406,48.513099670410156
200.30239868164062,211.88900756835938,35.27909851074219,47.674800872802734
198.11940002441406,212.22830200195312,35.7775993347168,47.73469924926758
195.5906982421875,212.1230010986328,37.328800201416016,48.277099609375
188.01119995117188,212.14959716796875,45.5099983215332,54.727699279785156
176.139404296875,212.4658966064453,59.31990051269531,60.05720138549805
169.5341033935547,213.75599670410156,66.79229736328125,65.9666976928711
163.2198028564453,215.08839416503906,73.59269714355469,55.984798431396484
162.00830078125,214.46780395507812,72.87010192871094,53.775699615478516
160.66969299316406,215.79989624023438,71.45490264892578,52.94820022583008
157.94979858398438,215.65069580078125,72.38999938964844,56.51190185546875
156.35389709472656,216.53829956054688,71.74970245361328,57.788299560546875
152.8404998779297,216.7552032470703,72.57469940185547,54.73910140991211
151.5303955078125,217.48080444335938,70.62319946289062,49.15019989013672
147.2689971923828,217.18890380859375,70.5978012084961,49.976200103759766
145.59080505371094,218.13780212402344,69.6698989868164,48.88710021972656
139.73109436035156,218.03480529785156,72.0155029296875,52.695899963378906
137.0699005126953,217.4152069091797,71.7520980834961,51.84550094604492
132.76519775390625,219.36700439453125,70.94450378417969,48.43980026245117
126.52110290527344,219.3137969970703,72.80909729003906,51.7218017578125
123.55879974365234,219.08839416503906,72.3187026977539,56.33620071411133
114.85669708251953,218.9420928955078,78.7428970336914,60.29410171508789
106.40619659423828,219.58070373535156,83.935302734375,54.235599517822266
101.65460205078125,219.0321044921875,84.56310272216797,57.47380065917969
100.46379852294922,217.81739807128906,79.6426010131836,61.739498138427734
94.9083023071289,217.7386932373047,80.11990356445312,59.2765007019043
89.32530212402344,218.02879333496094,80.59929656982422,58.88290023803711
83.4197998046875,218.61920166015625,82.44059753417969,55.05329895019531
78.54499816894531,221.84669494628906,80.83809661865234,53.09980010986328
73.64949798583984,220.02569580078125,82.38690185546875,58.00360107421875
69.26170349121094,219.789794921875,81.56539916992188,53.513301849365234
63.363800048828125,220.0135040283203,83.17230224609375,56.56480026245117
60.476200103759766,219.02110290527344,83.31610107421875,63.599998474121094
57.11759948730469,218.5034942626953,82.17739868164062,65.79460144042969
52.1786994934082,218.04949951171875,83.73090362548828,61.85369873046875
49.843299865722656,218.0218963623047,82.04759979248047,59.018798828125
45.96989822387695,218.00259399414062,82.27950286865234,61.992801666259766
47.659000396728516,218.089599609375,77.70860290527344,61.607398986816406
52.40140151977539,218.02569580078125,66.46379852294922,57.76599884033203
52.0452995300293,218.12030029296875,63.83330154418945,61.41130065917969
51.38800048828125,218.19309997558594,61.72600173950195,55.685298919677734
50.30289840698242,217.67970275878906,60.6885986328125,60.367698669433594
49.87269973754883,217.38949584960938,59.43579864501953,60.815101623535156
48.53580093383789,216.4853973388672,59.9375,67.51499938964844
46.880001068115234,215.85360717773438,61.05139923095703,75.82080078125
47.257598876953125,217.07569885253906,62.53810119628906,69.59230041503906
45.907100677490234,217.11520385742188,63.822898864746094,65.22769927978516
48.04759979248047,217.8278045654297,61.06439971923828,65.69770050048828
47.34360122680664,217.2364044189453,61.59749984741211,69.25800323486328
48.80670166015625,218.28810119628906,61.9473991394043,65.53389739990234
48.49700164794922,219.3737030029297,60.8223991394043,58.48419952392578
49.96689987182617,220.41639709472656,58.730201721191406,59.59769821166992
51.50120162963867,221.1269989013672,58.510799407958984,61.51250076293945
57.27949905395508,222.0229949951172,52.10649871826172,54.073699951171875
63.882999420166016,223.52279663085938,45.101200103759766,53.34700012207031
70.62419891357422,223.17230224609375,37.01530075073242,51.007598876953125
75.94969940185547,223.17349243164062,30.507400512695312,52.4369010925293
79.19619750976562,223.96389770507812,28.725299835205078,54.924198150634766
81.2677993774414,222.92950439453125,27.78499984741211,56.18619918823242
82.543701171875,222.75010681152344,27.329700469970703,58.777198791503906
84.90339660644531,223.19419860839844,26.582000732421875,57.91559982299805
86.93659973144531,223.3303985595703,27.35700035095215,57.76190185546875
88.9979019165039,223.32879638671875,28.039100646972656,57.462799072265625
93.32330322265625,223.5679931640625,27.2367000579834,56.50270080566406
96.002197265625,224.5196075439453,27.674299240112305,56.90010070800781
100.63690185546875,225.14300537109375,27.298900604248047,55.790401458740234
104.44879913330078,224.8415069580078,27.088300704956055,57.621498107910156
109.73580169677734,226.20339965820312,26.993099212646484,57.338600158691406
114.44860076904297,226.4033966064453,26.274999618530273,56.99620056152344
119.506103515625,226.89630126953125,25.76300048828125,54.36199951171875
124.65670013427734,226.68930053710938,24.849599838256836,56.56809997558594
128.66969299316406,226.57249450683594,26.209999084472656,60.300899505615234
135.00050354003906,226.73809814453125,24.971900939941406,59.948001861572266
140.47239685058594,226.6147003173828,24.763099670410156,60.92900085449219
144.7843017578125,226.8520965576172,26.39430046081543,58.212799072265625
151.10980224609375,226.8657989501953,25.385099411010742,55.18470001220703
157.40939331054688,226.122802734375,23.822099685668945,58.724700927734375
162.92869567871094,225.2801971435547,23.765100479125977,60.321800231933594
168.39990234375,224.8363037109375,23.33009910583496,61.14509963989258
173.02139282226562,224.4853973388672,23.11870002746582,58.205101013183594
175.4365997314453,224.1002960205078,29.90679931640625,55.752498626708984
178.2917022705078,225.06719970703125,36.644901275634766,57.33039855957031
181.79710388183594,224.9196014404297,41.58509826660156,57.46730041503906
186.03660583496094,225.2736053466797,42.494598388671875,58.736000061035156
192.02639770507812,225.56629943847656,40.625301361083984,55.925201416015625
196.80149841308594,225.1540985107422,42.31549835205078,60.067100524902344
201.42030334472656,225.1033935546875,41.917999267578125,61.39540100097656
206.06790161132812,225.48519897460938,43.02669906616211,57.8927001953125
211.05760192871094,225.14430236816406,42.4202995300293,57.56460189819336
216.08790588378906,224.62330627441406,43.19179916381836,57.30659866333008
221.21890258789062,223.8907012939453,41.86370086669922,61.95500183105469
225.60760498046875,224.03089904785156,43.63199996948242,63.71099853515625
230.7729949951172,225.21969604492188,42.35609817504883,58.756099700927734
234.860107421875,224.7971954345703,43.61909866333008,60.22930145263672
239.93699645996094,224.7574005126953,42.64799880981445,62.41279983520508
243.4868927001953,225.845703125,43.34629821777344,60.6349983215332
248.1033935546875,225.6553955078125,43.77180099487305,62.66809844970703
253.0489044189453,226.1573944091797,41.91680145263672,59.83039855957031
256.8634948730469,225.5991973876953,42.22520065307617,60.43190002441406
259.7774963378906,224.9613037109375,43.53810119628906,62.94459915161133
264.5315856933594,224.28219604492188,41.72489929199219,61.03010177612305
268.20269775390625,223.25030517578125,40.1072998046875,59.29909896850586
274.1061096191406,223.25950622558594,32.090999603271484,56.520599365234375
278.4620056152344,221.39700317382812,26.995500564575195,59.121700286865234
286.4269104003906,219.4302978515625,22.928499221801758,61.553001403808594
289.5765075683594,216.7978057861328,24.072999954223633,62.2765998840332
293.8546142578125,214.7722930908203,22.890199661254883,60.00400161743164
298.0335998535156,213.0904998779297,23.425199508666992,60.65190124511719
303.135009765625,211.81390380859375,21.433300018310547,55.686500549316406
306.7041931152344,210.3134002685547,22.680299758911133,55.62379837036133
310.6181945800781,208.22360229492188,22.43239974975586,56.645599365234375
313.9884033203125,207.30650329589844,22.752399444580078,58.351200103759766
317.14599609375,205.63400268554688,23.097700119018555,59.4119987487793
320.5115051269531,205.3704071044922,22.663700103759766,58.62139892578125
323.6377868652344,203.91810607910156,23.385000228881836,58.03129959106445
327.0021057128906,204.26890563964844,23.443199157714844,54.11650085449219
328.3619079589844,202.8708953857422,26.523500442504883,57.845001220703125
323.0640869140625,200.51080322265625,35.520198822021484,57.651100158691406
321.78900146484375,199.28480529785156,41.812801361083984,57.4114990234375
323.5043029785156,197.42050170898438,41.599700927734375,60.98720169067383
325.0967102050781,193.5113067626953,43.645301818847656,61.56629943847656
328.4773864746094,192.443603515625,42.32320022583008,59.93220138549805
329.4610900878906,189.8571014404297,42.70130157470703,61.14870071411133
331.3345947265625,187.96609497070312,43.78179931640625,60.79410171508789
332.5325012207031,185.2178955078125,44.24259948730469,63.36589813232422
335.3428955078125,183.843505859375,42.39139938354492,60.51150131225586
335.27978515625,180.74440002441406,44.14149856567383,60.63890075683594
336.6304931640625,179.05990600585938,43.76750183105469,62.1598014831543
337.0210876464844,177.50509643554688,45.30580139160156,59.0088996887207
336.46240234375,175.8365936279297,45.62269973754883,60.95090103149414
337.12701416015625,173.8231964111328,45.37900161743164,63.91709899902344
337.0802001953125,172.48680114746094,45.36640167236328,63.237300872802734
335.6536865234375,170.35079956054688,45.87139892578125,66.45999908447266
336.8221130371094,169.16319274902344,44.81399917602539,65.01959991455078
336.52520751953125,167.67820739746094,43.86859893798828,63.75830078125
335.9726867675781,164.6260986328125,44.81769943237305,65.86859893798828
336.4617919921875,162.33529663085938,42.9630012512207,66.30339813232422
336.90301513671875,160.99270629882812,41.53889846801758,62.3120002746582
339.0589904785156,157.49229431152344,38.13970184326172,64.0718994140625
344.5848083496094,155.34640502929688,30.192399978637695,64.87449645996094
345.6518859863281,153.3842010498047,27.85580062866211,66.027099609375
345.0097961425781,150.54580688476562,26.310199737548828,64.08260345458984
344.0257873535156,147.4813995361328,27.560300827026367,66.07649993896484
343.2013854980469,146.46730041503906,27.657899856567383,64.9541015625
343.5784912109375,143.34339904785156,27.025400161743164,69.0010986328125
341.7677001953125,142.23550415039062,27.48349952697754,64.7135009765625
342.2492980957031,139.26429748535156,27.304899215698242,67.1771011352539
342.4590148925781,137.05630493164062,27.213199615478516,67.41280364990234
342.2601013183594,135.9936981201172,26.76729965209961,66.78720092773438
340.623291015625,133.11720275878906,28.554899215698242,70.8333969116211
341.2491149902344,131.910400390625,27.531999588012695,70.14910125732422
336.5082092285156,129.8730926513672,35.06589889526367,69.18289947509766
318.36260986328125,129.5507049560547,39.05179977416992,66.13990020751953
320.31390380859375,129.029296875,35.06460189819336,65.78099822998047
300.62298583984375,124.78569793701172,46.61000061035156,66.66419982910156
298.033203125,122.66709899902344,52.400699615478516,56.81930160522461
292.8038024902344,118.98480224609375,59.22959899902344,57.77050018310547
291.4753112792969,115.71050262451172,59.24789810180664,57.13719940185547
288.35430908203125,113.69560241699219,61.075599670410156,56.75239944458008
286.364990234375,110.93119812011719,59.390899658203125,57.372398376464844
283.6033020019531,108.00509643554688,60.26070022583008,55.421600341796875
281.090087890625,106.38420104980469,60.16360092163086,58.14360046386719
278.3743896484375,104.70320129394531,57.24729919433594,62.591400146484375
272.9834899902344,102.80750274658203,60.50699996948242,61.556800842285156
268.0133972167969,102.37349700927734,60.39440155029297,59.67729949951172
262.7334899902344,102.9135971069336,61.174400329589844,56.23379898071289
257.76568603515625,101.47319793701172,63.22159957885742,56.311798095703125
254.1553955078125,98.76850128173828,68.18109893798828,58.15760040283203
252.4093017578125,98.043701171875,60.12689971923828,55.00680160522461
250.23829650878906,94.4113998413086,59.93119812011719,54.46440124511719
247.78759765625,92.94889831542969,60.39720153808594,56.43470001220703
244.52349853515625,91.53209686279297,64.98580169677734,54.95899963378906
240.906005859375,89.6852035522461,65.40160369873047,54.49769973754883
238.27529907226562,88.53240203857422,66.05490112304688,50.06890106201172
236.90069580078125,86.56449890136719,61.277400970458984,47.88999938964844
235.58200073242188,86.1084976196289,58.39059829711914,41.942501068115234
233.20660400390625,84.83670043945312,59.18199920654297,41.20869827270508
229.81069946289062,83.56189727783203,59.49509811401367,39.63249969482422
227.98260498046875,81.69439697265625,61.95109939575195,40.65340042114258
228.15139770507812,80.19180297851562,58.99959945678711,43.5192985534668
230.73849487304688,80.85780334472656,60.23109817504883,41.9984016418457
238.0469970703125,80.2761001586914,56.38050079345703,42.31570053100586
238.4049072265625,79.42259979248047,53.7224006652832,41.823699951171875
237.92759704589844,77.86380004882812,52.13029861450195,43.07339859008789
237.2825927734375,76.28700256347656,50.79610061645508,46.12889862060547
235.71180725097656,76.25879669189453,50.30820083618164,43.54309844970703
233.91070556640625,75.2354965209961,52.5630989074707,44.769100189208984
231.64109802246094,73.96929931640625,53.80009841918945,49.81629943847656
229.7823028564453,73.31819915771484,59.06520080566406,52.01850128173828
228.9373016357422,73.42109680175781,72.00879669189453,53.9473991394043
227.82150268554688,72.82649993896484,73.98709869384766,56.905601501464844
226.5364990234375,72.55590057373047,74.04389953613281,53.884300231933594
225.01499938964844,71.61139678955078,74.5238037109375,55.660301208496094
223.4832000732422,70.8655014038086,75.9375991821289,57.8401985168457
222.76449584960938,70.71209716796875,75.4541015625,55.554901123046875
221.8834991455078,69.95680236816406,74.53399658203125,54.15340042114258
221.42770385742188,69.25859832763672,73.1261978149414,60.09960174560547
219.86900329589844,69.46119689941406,73.37159729003906,59.388999938964844
218.43600463867188,69.4301986694336,75.09120178222656,64.82450103759766
217.86070251464844,70.40989685058594,73.49549865722656,57.6963996887207
217.15440368652344,70.2479019165039,73.54209899902344,59.55550003051758
216.25970458984375,70.49369812011719,73.83290100097656,55.16780090332031
216.7259063720703,70.1365966796875,71.42250061035156,57.62459945678711
217.41819763183594,70.52890014648438,69.2490005493164,59.6968994140625
224.10499572753906,70.9259033203125,59.797298431396484,65.8197021484375
233.90440368652344,73.87349700927734,46.426700592041016,66.53829956054688
241.8834991455078,73.96089935302734,35.79130172729492,62.69049835205078
245.63800048828125,74.27230072021484,28.716699600219727,56.473899841308594
247.1072998046875,75.32980346679688,25.683900833129883,54.569400787353516
246.95199584960938,75.04299926757812,25.32819938659668,56.920501708984375
247.22869873046875,75.83760070800781,25.577800750732422,53.82590103149414
247.53399658203125,75.80460357666016,25.680700302124023,55.21649932861328
248.02110290527344,76.26709747314453,25.592199325561523,55.05970001220703
247.98789978027344,75.94770050048828,26.265399932861328,54.94490051269531
247.97129821777344,75.6333999633789,27.59749984741211,55.52190017700195
248.53819274902344,75.8333969116211,27.256500244140625,54.699798583984375
248.57980346679688,75.77230072021484,27.269800186157227,53.38949966430664
249.0124969482422,75.42759704589844,27.377399444580078,56.33140182495117
249.92520141601562,76.35240173339844,26.98270034790039,57.924598693847656
249.83389282226562,76.79299926757812,27.92609977722168,57.5786018371582
250.77969360351562,77.67559814453125,27.305500030517578,56.321998596191406
251.177001953125,78.29979705810547,27.059499740600586,54.60449981689453
251.5937957763672,79.01360321044922,27.48080062866211,55.05329895019531
252.45620727539062,79.52189636230469,26.486600875854492,54.53229904174805
253.0906982421875,80.2134017944336,25.617399215698242,52.945899963378906
252.66709899902344,80.98780059814453,26.08769989013672,53.61029815673828
252.0330047607422,82.30799865722656,25.30229949951172,52.087501525878906
249.9248046875,82.56320190429688,30.29010009765625,53.393001556396484
248.33279418945312,83.1344985961914,39.55619812011719,58.581298828125
246.60800170898438,82.3727035522461,47.17430114746094,57.321800231933594
246.95440673828125,82.03309631347656,48.790401458740234,53.998600006103516
247.85899353027344,82.97309875488281,49.23699951171875,49.8916015625
249.92120361328125,81.77619934082031,48.404300689697266,51.10449981689453
250.27670288085938,83.31189727783203,49.31809997558594,49.572898864746094
251.62579345703125,82.31279754638672,49.826698303222656,56.05220031738281
252.90609741210938,82.60040283203125,49.7218017578125,58.83599853515625
254.38540649414062,82.91059875488281,49.073299407958984,55.94940185546875
256.6310119628906,83.29039764404297,48.81629943847656,56.83509826660156
258.22021484375,83.54109954833984,49.15639877319336,55.496299743652344
260.7461853027344,83.77010345458984,49.42559814453125,56.50579833984375
264.2366027832031,84.49690246582031,47.4557991027832,51.4995002746582
265.7854919433594,83.65979766845703,48.75450134277344,57.21870040893555
269.1012878417969,84.10169982910156,47.347801208496094,60.57040023803711
270.67919921875,84.33059692382812,48.621299743652344,58.108001708984375
273.55609130859375,83.52570343017578,48.02579879760742,61.477901458740234
276.55670166015625,84.2925033569336,48.03879928588867,59.076900482177734
279.6673889160156,84.3583984375,47.26319885253906,61.77389907836914
282.8208923339844,84.85099792480469,46.05509948730469,59.359901428222656
284.210205078125,85.76850128173828,47.668800354003906,55.91059875488281
288.0270080566406,85.33370208740234,45.013301849365234,59.2943000793457
288.5408935546875,85.76920318603516,48.189998626708984,59.41170120239258
290.8671875,85.94129943847656,47.59349822998047,60.48149871826172
293.0198059082031,86.75420379638672,46.799400329589844,63.5890007019043
292.87109375,86.92389678955078,49.04180145263672,65.79730224609375
295.7395935058594,86.82389831542969,47.32609939575195,78.02770233154297
295.818115234375,87.70210266113281,48.59519958496094,82.90519714355469
296.9866943359375,88.70999908447266,47.936798095703125,80.89459991455078
297.4873962402344,87.99299621582031,48.64099884033203,80.28890228271484
298.5982971191406,88.78520202636719,48.127201080322266,81.279296875
299.6192932128906,88.98359680175781,45.901100158691406,80.658203125
300.5382080078125,89.4446029663086,45.50450134277344,76.9031982421875
300.6759948730469,88.81990051269531,46.93239974975586,77.57740020751953
302.48980712890625,89.35980224609375,43.59619903564453,75.82009887695312
301.3453063964844,87.2885971069336,48.27109909057617,75.431396484375
303.2814025878906,88.78700256347656,46.094200134277344,66.18299865722656
303.4580078125,88.6594009399414,46.884498596191406,67.94750213623047
302.44171142578125,88.94210052490234,47.92259979248047,74.15859985351562
305.3192138671875,89.9281005859375,46.816898345947266,70.01190185546875
306.748291015625,90.69950103759766,45.115299224853516,68.87049865722656
309.1571044921875,90.89469909667969,42.34230041503906,57.49729919433594
313.48480224609375,91.60389709472656,33.18479919433594,59.47359848022461
317.5375061035156,95.80069732666016,25.895299911499023,54.09980010986328
315.0885925292969,94.58619689941406,30.943700790405273,53.10419845581055
309.789794921875,93.57060241699219,39.162498474121094,53.40570068359375
308.5158996582031,93.1969985961914,43.23569869995117,52.903900146484375
307.9956970214844,92.30729675292969,44.82099914550781,57.01559829711914
308.1836853027344,92.43460083007812,45.34280014038086,53.730201721191406
308.8507080078125,92.65809631347656,45.00339889526367,55.779998779296875
308.293701171875,92.12580108642578,46.18429946899414,54.329498291015625
308.55279541015625,92.45099639892578,46.0713996887207,52.38349914550781
308.851806640625,91.46040344238281,45.3916015625,53.072898864746094
309.10870361328125,91.92070007324219,44.0973014831543,54.702701568603516
308.4678039550781,90.99520111083984,44.29909896850586,55.78020095825195
308.0976867675781,90.98889923095703,43.55220031738281,52.92940139770508
307.3959045410156,90.70269775390625,44.77239990234375,56.5547981262207
307.319091796875,90.96260070800781,43.6172981262207,53.96910095214844
306.0470886230469,90.43890380859375,44.304500579833984,54.93579864501953
305.0216064453125,90.97730255126953,44.64289855957031,56.87630081176758
304.4901123046875,90.72100067138672,43.195899963378906,62.3568000793457
302.9945983886719,91.3104019165039,44.99100112915039,57.27119827270508
302.40521240234375,90.93589782714844,43.13690185546875,53.8046989440918
301.6310119628906,90.76699829101562,42.645198822021484,52.59709930419922
300.5122985839844,91.11710357666016,43.1077995300293,55.982601165771484
299.40728759765625,90.98090362548828,43.0546989440918,58.968299865722656
298.4689025878906,90.59639739990234,42.14509963989258,62.37689971923828
302.2886047363281,91.65840148925781,35.22359848022461,57.68439865112305
303.27191162109375,95.01100158691406,29.119600296020508,57.11330032348633
299.8399963378906,96.74490356445312,37.309600830078125,58.537899017333984
295.5617980957031,97.25779724121094,46.08169937133789,57.450401306152344
293.3406066894531,92.09120178222656,57.17110061645508,63.24509811401367
291.28448486328125,92.58219909667969,58.19649887084961,60.68840026855469
290.3432922363281,91.15969848632812,58.85430145263672,65.99800109863281
290.5060119628906,92.35140228271484,57.45640182495117,62.47090148925781
290.1142883300781,91.01010131835938,57.389400482177734,65.7677001953125
290.19189453125,91.17369842529297,57.17660140991211,63.04050064086914
289.5452880859375,91.63639831542969,57.74769973754883,60.377201080322266
289.55218505859375,91.41549682617188,57.32659912109375,60.369300842285156
289.7674865722656,89.82489776611328,56.92679977416992,63.825599670410156
287.66339111328125,90.1144027709961,59.0172004699707,61.63159942626953
287.4847106933594,90.00240325927734,58.4546012878418,61.364898681640625
286.7630920410156,89.45359802246094,59.179901123046875,63.67919921875
286.2619934082031,89.83989715576172,59.65660095214844,61.4380989074707
286.26031494140625,89.09960174560547,58.5968017578125,61.227901458740234
285.1134948730469,88.64779663085938,59.022098541259766,61.075401306152344
285.32281494140625,88.94110107421875,58.27050018310547,61.8661003112793
285.4761962890625,89.14289855957031,56.470401763916016,58.04359817504883
284.1261901855469,88.67990112304688,57.4380989074707,59.717098236083984
283.49249267578125,88.8865966796875,58.45589828491211,59.88690185546875
281.8210144042969,88.3375015258789,59.698699951171875,59.86539840698242
282.044189453125,87.83550262451172,59.12580108642578,61.44049835205078
281.28118896484375,88.27200317382812,58.23759841918945,60.024898529052734
272.9180908203125,88.49109649658203,56.19879913330078,64.05780029296875
267.0487060546875,90.52169799804688,52.270198822021484,68.03209686279297
281.42730712890625,89.9635009765625,43.523399353027344,56.31959915161133
278.7344055175781,88.72930145263672,46.26860046386719,55.32400131225586
273.52978515625,87.27140045166016,52.023101806640625,53.96950149536133
271.9219970703125,87.26460266113281,55.1338005065918,54.0546989440918
272.86468505859375,87.52680206298828,52.87929916381836,52.312400817871094
273.0715026855469,87.54650115966797,51.88669967651367,49.4838981628418
272.9967041015625,87.75129699707031,51.88370132446289,46.72100067138672
272.8312072753906,86.57510375976562,52.392799377441406,54.40919876098633
272.6940002441406,87.1969985961914,51.895301818847656,52.906898498535156
273.722412109375,86.62870025634766,50.222801208496094,54.61669921875
274.0476989746094,87.50260162353516,50.30759811401367,50.54439926147461
274.0107116699219,86.62339782714844,49.807498931884766,55.18939971923828
273.3724060058594,87.05590057373047,50.25339889526367,54.22330093383789
272.35400390625,86.51480102539062,51.707000732421875,56.34939956665039
273.0198974609375,85.59839630126953,51.32109832763672,58.45560073852539
272.5162048339844,86.44300079345703,52.33150100708008,57.58890151977539
273.1964111328125,86.71939849853516,51.18130111694336,57.01089859008789
272.2995910644531,86.00910186767578,52.97840118408203,57.98740005493164
269.9591064453125,86.45149993896484,55.514400482177734,55.939701080322266
265.6080017089844,86.81269836425781,61.540401458740234,53.998600006103516
259.40478515625,87.00920104980469,71.8042984008789,55.65639877319336
253.84210205078125,86.10679626464844,79.00830078125,59.00559997558594
252.2884979248047,84.32640075683594,81.89550018310547,64.29859924316406
254.822998046875,84.22039794921875,78.64089965820312,60.410701751708984
252.12489318847656,84.42310333251953,81.77999877929688,61.162601470947266
252.1842041015625,84.26290130615234,81.8926010131836,61.5004997253418
252.9813995361328,84.43900299072266,81.1238021850586,60.750099182128906
253.15530395507812,85.01339721679688,81.04399871826172,57.31039810180664
251.86680603027344,84.73690032958984,82.07550048828125,62.595699310302734
251.58470153808594,84.9198989868164,82.32319641113281,59.81949996948242
251.4403076171875,84.68250274658203,80.95610046386719,60.8661003112793
251.56430053710938,84.8865966796875,79.17620086669922,58.20709991455078
258.03759765625,86.32009887695312,70.97209930419922,58.68600082397461
268.1368103027344,87.20649719238281,56.82460021972656,59.1088981628418
274.9045104980469,89.814697265625,43.560298919677734,67.30740356445312
284.25750732421875,90.13809967041016,31.44230079650879,58.48249816894531
286.7549133300781,90.75980377197266,24.025400161743164,53.61140060424805
286.230712890625,90.38980102539062,24.08919906616211,52.96910095214844
286.4200134277344,90.13670349121094,22.788000106811523,52.65449905395508
285.5989990234375,90.08499908447266,23.982099533081055,52.7421989440918
285.5158996582031,89.86620330810547,23.42639923095703,52.4984016418457
284.8395080566406,90.13980102539062,24.400800704956055,52.203399658203125
285.1170959472656,90.01329803466797,24.115100860595703,51.858299255371094
285.6991882324219,89.7874984741211,23.479900360107422,52.106300354003906
286.559814453125,89.94760131835938,22.583499908447266,50.95640182495117
287.5622863769531,89.95269775390625,22.67099952697754,49.38869857788086
287.6719970703125,89.99340057373047,23.892099380493164,53.476600646972656
289.30810546875,90.34870147705078,25.494400024414062,53.138999938964844
276.6643981933594,89.06279754638672,28.930299758911133,50.39099884033203
262.4049987792969,89.8740005493164,34.048099517822266,47.48469924926758
262.66351318359375,89.33519744873047,40.438499450683594,45.82550048828125
266.5559997558594,89.1863021850586,45.331298828125,42.55690002441406
271.28460693359375,90.4572982788086,42.342899322509766,46.76390075683594
271.63238525390625,89.3218002319336,44.432701110839844,49.110198974609375
254.74899291992188,89.6771011352539,52.34270095825195,48.29560089111328
261.92779541015625,90.32129669189453,56.01350021362305,55.44169998168945
256.31500244140625,89.8853988647461,63.154300689697266,54.90909957885742
255.19940185546875,91.05899810791016,63.3125,53.31850051879883
269.5437927246094,91.74299621582031,71.8114013671875,53.21110153198242
259.3703918457031,90.21690368652344,82.8772964477539,59.537899017333984
261.22039794921875,90.22250366210938,82.19580078125,55.63249969482422
259.33770751953125,89.98320007324219,84.01959991455078,60.94990158081055
260.66790771484375,90.28179931640625,84.0864028930664,59.266998291015625
260.04840087890625,90.53600311279297,84.9468994140625,59.49639892578125
260.1162109375,90.27989959716797,86.41089630126953,64.7947998046875
259.5631103515625,90.56849670410156,86.3844985961914,67.52619934082031
258.72918701171875,90.54550170898438,87.70559692382812,72.53050231933594
259.7705078125,91.38510131835938,85.65779876708984,62.25239944458008
259.83709716796875,91.0154037475586,87.30000305175781,62.11830139160156
259.622314453125,90.35289764404297,87.08460235595703,77.98200225830078
262.5899963378906,90.51490020751953,85.18949890136719,68.73179626464844
266.9728088378906,89.72979736328125,78.33609771728516,66.67759704589844
268.2972106933594,89.74120330810547,77.69719696044922,62.389801025390625
267.2619934082031,89.23770141601562,78.95339965820312,68.11969757080078
268.71881103515625,88.92960357666016,79.01180267333984,71.52400207519531
269.06201171875,89.60060119628906,77.6155014038086,71.68000030517578
270.35760498046875,90.20999908447266,78.22930145263672,67.625
270.4955139160156,90.97370147705078,77.50240325927734,65.07060241699219
270.4901123046875,90.74449920654297,79.44149780273438,68.95970153808594
273.17401123046875,90.6156997680664,75.53060150146484,68.0916976928711
270.5981140136719,90.74960327148438,79.04149627685547,75.5260009765625
273.5768127441406,91.21019744873047,75.8363037109375,77.7240982055664
274.3662109375,92.5376968383789,77.84819793701172,67.47830200195312
272.6451110839844,92.17320251464844,77.9541015625,65.85489654541016
277.6903076171875,92.33830261230469,75.76360321044922,68.76129913330078
277.7568054199219,92.19850158691406,74.02529907226562,69.30850219726562
277.7638854980469,92.32260131835938,76.26119995117188,69.58820343017578
283.3877868652344,93.2155990600586,71.66629791259766,69.70700073242188
295.6651916503906,92.75499725341797,57.06489944458008,75.11380004882812
304.8828125,91.84220123291016,46.52470016479492,69.61859893798828
311.2738952636719,92.62889862060547,39.9452018737793,63.09189987182617
315.35009765625,92.91490173339844,36.53770065307617,57.89250183105469
314.3362121582031,92.43049621582031,37.61650085449219,59.2859001159668
314.69171142578125,92.28710174560547,39.17789840698242,60.15629959106445
316.4737854003906,92.38189697265625,38.48400115966797,60.195899963378906
318.3692932128906,92.4906005859375,37.43840026855469,60.907100677490234
320.76611328125,92.28279876708984,35.83219909667969,63.445899963378906
319.39581298828125,90.26519775390625,38.902099609375,65.36430358886719
323.3086853027344,92.46240234375,36.729698181152344,59.80509948730469
322.27191162109375,91.25849914550781,38.10200119018555,60.6870002746582
323.4486083984375,90.30690002441406,38.044498443603516,62.78219985961914
324.8882141113281,90.76409912109375,37.87929916381836,61.53960037231445
325.1560974121094,90.86840057373047,38.931400299072266,63.7848014831543
326.15838623046875,91.35289764404297,37.4807014465332,62.03689956665039
325.47918701171875,91.15670013427734,39.5432014465332,63.5885009765625
326.9949951171875,91.54090118408203,39.21649932861328,62.52470016479492
324.7043151855469,92.05750274658203,41.993099212646484,61.05179977416992
317.31280517578125,93.51020050048828,52.46269989013672,58.163700103759766
312.7695007324219,94.83059692382812,62.392601013183594,59.91230010986328
302.6603088378906,95.46489715576172,74.50160217285156,56.135398864746094
301.3783874511719,94.59339904785156,77.02210235595703,58.786399841308594
299.84619140625,94.42610168457031,80.5427017211914,60.395999908447266
299.2054138183594,93.61969757080078,81.089599609375,61.98740005493164
298.5162048339844,92.79850006103516,81.80509948730469,67.51719665527344
298.0647888183594,93.1177978515625,82.85700225830078,67.40239715576172
302.78448486328125,93.97679901123047,77.86949920654297,60.22880172729492
302.452392578125,93.31210327148438,79.50550079345703,65.78559875488281
306.34381103515625,92.92520141601562,75.1093978881836,65.88590240478516
319.1913146972656,93.24649810791016,59.38710021972656,77.79650115966797
331.77960205078125,92.44850158691406,42.49420166015625,75.68340301513672
340.31988525390625,94.15730285644531,31.659299850463867,71.39669799804688
345.94720458984375,94.3467025756836,25.300899505615234,66.36720275878906
346.1169128417969,93.06939697265625,25.437999725341797,67.93190002441406
346.3616943359375,93.32990264892578,25.6830997467041,67.51399993896484
346.1726989746094,92.3572006225586,27.27720069885254,72.14859771728516
347.26959228515625,94.05619812011719,26.50629997253418,71.50360107421875
347.0602111816406,93.05760192871094,27.94540023803711,70.17320251464844
347.60150146484375,94.09130096435547,27.126100540161133,71.08059692382812
348.3877868652344,93.13189697265625,26.396900177001953,70.91419982910156
349.1673889160156,93.74349975585938,25.455799102783203,67.581298828125
349.0622863769531,93.0364990234375,26.259899139404297,68.76860046386719
349.43951416015625,94.64129638671875,25.668500900268555,68.22370147705078
349.419189453125,93.92549896240234,26.195199966430664,67.4968032836914
350.0271911621094,94.11219787597656,25.556900024414062,68.9811019897461
350.3887023925781,93.86740112304688,25.682199478149414,70.71160125732422
344.1039123535156,93.84609985351562,34.66910171508789,67.64769744873047
338.8529968261719,96.77189636230469,45.450199127197266,63.32059860229492
317.59710693359375,95.82080078125,50.18190002441406,66.9448013305664
312.1476135253906,95.3561019897461,58.67390060424805,66.44149780273438
328.28338623046875,96.84390258789062,65.3812026977539,66.15560150146484
322.6257019042969,96.91500091552734,70.4854965209961,62.23870086669922
311.8402099609375,95.62059783935547,83.00980377197266,70.10880279541016
312.6720886230469,96.25,84.1427993774414,64.57279968261719
313.9578857421875,96.3052978515625,82.97669982910156,61.23030090332031
315.0150146484375,95.51020050048828,81.56210327148438,66.91510009765625
313.2908020019531,95.56390380859375,84.90769958496094,63.19060134887695
314.8924865722656,94.48490142822266,80.16200256347656,65.72820281982422
327.87908935546875,94.5791015625,65.83170318603516,70.11499786376953
338.72821044921875,95.0261001586914,48.425201416015625,63.69110107421875
344.5315856933594,96.50499725341797,38.34640121459961,66.09030151367188
351.2860107421875,95.05960083007812,31.15239906311035,66.10679626464844
352.09228515625,95.05870056152344,29.83690071105957,63.86240005493164
351.50830078125,95.57959747314453,29.337799072265625,62.05950164794922
351.61749267578125,95.38079833984375,27.560800552368164,63.319698333740234
350.78948974609375,95.28949737548828,27.250900268554688,65.5176010131836
349.7096862792969,95.49079895019531,27.826200485229492,64.39820098876953
348.39959716796875,95.4574966430664,27.49920082092285,65.56909942626953
347.105712890625,95.47650146484375,28.721399307250977,67.70040130615234
345.7055969238281,95.73880004882812,29.811399459838867,65.71040344238281
344.9739074707031,95.37850189208984,30.337600708007812,65.8927993774414
344.65460205078125,95.46700286865234,30.767499923706055,66.3582992553711
344.1297912597656,95.2125015258789,30.62980079650879,64.10980224609375
344.3822937011719,95.05660247802734,30.350200653076172,60.46950149536133
344.9765930175781,94.16380310058594,28.375999450683594,66.87439727783203
344.156494140625,95.44869995117188,29.710500717163086,64.66919708251953
343.7203063964844,95.19129943847656,30.75589942932129,63.042999267578125
343.80169677734375,94.65129852294922,30.427099227905273,66.01969909667969
343.6618957519531,93.93370056152344,31.34939956665039,64.32219696044922
344.5226135253906,93.57460021972656,31.872600555419922,66.03610229492188
345.09759521484375,93.62940216064453,34.292301177978516,64.80599975585938
344.2620849609375,93.11969757080078,40.186798095703125,64.46040344238281
342.4175109863281,94.54620361328125,51.39360046386719,66.30180358886719
342.5461120605469,94.0020980834961,56.7943000793457,67.49500274658203
341.2842102050781,93.0010986328125,67.08660125732422,66.22640228271484
343.49249267578125,94.95610046386719,64.47830200195312,62.09339904785156
344.0549011230469,93.9218978881836,65.05609893798828,64.58940124511719
344.9634094238281,93.80039978027344,65.39399719238281,64.79779815673828
346.6007995605469,93.91239929199219,63.61750030517578,62.2406005859375
346.4197082519531,93.60070037841797,66.20880126953125,61.108699798583984
347.83331298828125,93.33719635009766,64.2302017211914,61.22990036010742
348.7466125488281,93.34880065917969,62.8745002746582,60.35639953613281
349.997802734375,91.19129943847656,60.994998931884766,67.74649810791016
353.76141357421875,89.61470031738281,44.7849006652832,74.19609832763672
356.589599609375,92.69210052490234,37.14979934692383,69.79419708251953
351.8460998535156,92.07669830322266,41.59749984741211,74.62879943847656
353.7655944824219,92.30870056152344,42.57789993286133,74.79889678955078
346.676513671875,89.90119934082031,52.22880172729492,69.74610137939453
343.4645080566406,89.5698013305664,55.70640182495117,72.50859832763672
335.523193359375,88.84339904785156,64.53199768066406,72.529296875
334.1023864746094,87.12840270996094,64.91690063476562,64.65299987792969
334.83740234375,88.05609893798828,63.714298248291016,61.859100341796875
333.2522888183594,86.9708023071289,65.30970001220703,64.42279815673828
335.02911376953125,87.13760375976562,62.0255012512207,62.46160125732422
333.1484069824219,86.06610107421875,65.13749694824219,65.01200103759766
331.0943908691406,85.0927963256836,65.05709838867188,67.23670196533203
330.6741027832031,85.5718002319336,65.54570007324219,62.899200439453125
331.5714111328125,85.5322036743164,65.02850341796875,60.32080078125
329.5422058105469,85.54019927978516,64.53569793701172,60.42539978027344
329.6376037597656,84.02050018310547,65.89199829101562,64.8904037475586
329.8746032714844,84.21489715576172,64.33070373535156,68.05280303955078
335.96868896484375,84.61150360107422,55.28820037841797,61.791099548339844
336.79791259765625,85.28810119628906,46.77429962158203,61.33720016479492
348.76739501953125,84.84829711914062,40.01190185546875,64.5438003540039
345.8319091796875,87.47640228271484,41.7682991027832,60.019500732421875
344.6330871582031,86.63680267333984,43.584598541259766,62.02320098876953
343.4620056152344,86.39839935302734,50.75450134277344,63.51300048828125
342.572998046875,85.0071029663086,57.445701599121094,66.50749969482422
342.577392578125,84.41699981689453,60.13560104370117,62.05929946899414
342.4573059082031,84.8134994506836,61.236000061035156,61.973201751708984
342.6618957519531,84.1843032836914,61.020599365234375,64.29429626464844
341.41778564453125,84.57009887695312,62.955299377441406,63.13639831542969
342.3633117675781,85.07949829101562,61.72760009765625,60.58879852294922
342.63519287109375,84.48139953613281,61.12810134887695,62.41170120239258
341.7414855957031,84.18840026855469,62.39350128173828,62.944698333740234
342.2414855957031,83.35060119628906,61.627601623535156,62.067501068115234
345.5531921386719,84.73429870605469,48.149898529052734,58.325801849365234
350.1789855957031,84.24299621582031,33.96329879760742,62.898101806640625
349.3008117675781,86.72879791259766,40.51300048828125,63.3572998046875
338.0185852050781,87.34030151367188,43.28200149536133,53.60490036010742
339.5122985839844,86.41120147705078,49.774600982666016,55.248600006103516
339.5885009765625,87.63169860839844,57.83380126953125,55.55110168457031
320.3103942871094,85.64109802246094,74.42150115966797,55.82870101928711
320.4742126464844,84.93659973144531,78.55650329589844,61.24580001831055
321.0486145019531,84.70130157470703,80.39219665527344,60.606998443603516
320.80621337890625,83.46320343017578,79.05290222167969,62.73590087890625
319.8299865722656,83.66809844970703,81.2323989868164,60.26900100708008
319.81451416015625,82.86900329589844,78.92880249023438,61.3651008605957
318.8380126953125,82.85359954833984,81.9437026977539,67.08529663085938
319.75518798828125,81.97000122070312,79.08360290527344,64.01809692382812
318.7626037597656,82.27310180664062,80.24579620361328,60.42340087890625
318.5686950683594,81.44750213623047,80.29000091552734,66.38330078125
316.9632873535156,82.07219696044922,82.10639953613281,58.176300048828125
317.88861083984375,80.98159790039062,79.22260284423828,63.360801696777344
315.54681396484375,81.1697998046875,81.49099731445312,66.06009674072266
316.7768859863281,81.10330200195312,81.17990112304688,60.96229934692383
316.2760925292969,80.9104995727539,80.64679718017578,60.66019821166992
314.4931945800781,80.3511962890625,81.3998031616211,59.53239822387695
314.50189208984375,80.52359771728516,80.85099792480469,60.33259963989258
313.9419860839844,80.64830017089844,81.88410186767578,63.93239974975586
311.22869873046875,81.9375,85.08699798583984,62.85300064086914
311.5184020996094,82.37000274658203,85.56900024414062,71.07939910888672
311.5234069824219,83.77140045166016,83.81819915771484,60.402198791503906
311.02398681640625,82.85359954833984,85.01899719238281,67.75129699707031
310.5163879394531,83.13269805908203,84.34980010986328,60.29719924926758
311.6777038574219,82.54119873046875,84.18599700927734,59.877201080322266
310.77490234375,81.98829650878906,83.39520263671875,64.68820190429688
310.7314147949219,81.88760375976562,85.40750122070312,67.9990005493164
309.2889099121094,82.089599609375,83.28479766845703,68.0531005859375
308.6095886230469,82.12629699707031,85.45390319824219,73.43240356445312
307.05230712890625,83.18560028076172,86.11599731445312,60.39189910888672
315.0857849121094,81.06809997558594,77.91130065917969,59.87950134277344
325.8931884765625,80.03759765625,60.87969970703125,66.00420379638672
329.7102966308594,82.2219009399414,46.606201171875,63.06700134277344
330.1695861816406,81.50450134277344,44.122398376464844,62.136600494384766
343.7544860839844,81.03050231933594,35.50239944458008,63.2510986328125
344.498291015625,80.60710144042969,29.638500213623047,65.01719665527344
345.6173095703125,81.38079833984375,28.49090003967285,61.93880081176758
346.2958068847656,80.98390197753906,27.089599609375,63.81010055541992
345.65618896484375,80.96980285644531,27.89229965209961,64.29630279541016
345.9547119140625,80.99800109863281,27.52400016784668,63.68199920654297
345.72601318359375,81.34259796142578,27.345800399780273,62.56269836425781
345.3387145996094,80.89830017089844,27.809999465942383,62.6254997253418
345.4883117675781,80.6583023071289,28.730499267578125,62.99300003051758
345.8273010253906,80.11489868164062,28.524099349975586,65.03140258789062
347.1882019042969,80.08100128173828,27.051300048828125,65.90709686279297
348.8916931152344,78.54219818115234,26.447200775146484,66.96219635009766
348.5683898925781,80.96790313720703,30.755300521850586,63.25339889526367
325.981201171875,80.69750213623047,41.2494010925293,57.989601135253906
324.42010498046875,85.29859924316406,49.114601135253906,51.17390060424805
313.53131103515625,85.91699981689453,57.15250015258789,45.52259826660156
331.7821044921875,85.9229965209961,54.49700164794922,48.06880187988281
313.8414001464844,85.04299926757812,60.69459915161133,49.32120132446289
332.39239501953125,85.23290252685547,64.77410125732422,52.487098693847656
314.5235900878906,84.29290008544922,80.11630249023438,48.16640090942383
312.4787902832031,82.97589874267578,85.7417984008789,55.50270080566406
313.918212890625,81.73639678955078,83.3125991821289,58.56010055541992
311.8345031738281,81.24210357666016,85.0718002319336,59.62310028076172
314.1863098144531,80.7665023803711,83.85379791259766,65.04309844970703
320.6329040527344,79.23280334472656,69.35399627685547,61.67279815673828
330.94830322265625,78.87139892578125,53.125,68.49150085449219
336.6781921386719,82.53060150146484,46.22819900512695,65.0436019897461
341.9281005859375,82.40260314941406,50.863800048828125,61.332801818847656
341.3940124511719,80.98139953613281,53.10960006713867,62.52909851074219
341.0841064453125,80.84850311279297,53.304901123046875,62.21929931640625
340.03228759765625,80.3093032836914,54.87739944458008,65.21089935302734
340.2756042480469,80.42279815673828,54.04010009765625,67.39600372314453
340.29071044921875,79.71099853515625,54.11159896850586,68.2593002319336
339.9707946777344,80.2020034790039,54.884498596191406,64.48320007324219
340.2427978515625,81.15029907226562,53.86970138549805,63.12329864501953
340.27569580078125,80.24639892578125,54.37480163574219,62.05889892578125
340.30218505859375,80.71749877929688,54.301300048828125,62.330101013183594
340.6365966796875,81.89140319824219,53.379398345947266,59.72589874267578
339.9679870605469,80.04060363769531,54.757198333740234,64.5781021118164
340.5763854980469,80.7135009765625,53.541900634765625,63.239498138427734
341.8742980957031,80.42279815673828,51.72650146484375,63.717498779296875
341.9278869628906,79.40599822998047,52.705501556396484,65.29060363769531
343.41339111328125,79.9447021484375,47.65549850463867,67.41470336914062
347.1098937988281,80.57839965820312,42.33639907836914,66.1050033569336
344.45159912109375,82.24739837646484,40.15330123901367,59.01340103149414
325.73150634765625,82.88009643554688,47.4994010925293,63.575401306152344
317.56658935546875,83.06210327148438,55.700801849365234,59.856201171875
330.45208740234375,85.41339874267578,66.52839660644531,58.707401275634766
326.6195068359375,83.69940185546875,72.19989776611328,59.873199462890625
318.4590148925781,83.28600311279297,79.88259887695312,59.008201599121094
318.71258544921875,82.01850128173828,81.2074966430664,65.98519897460938
316.9501953125,81.62319946289062,83.2926025390625,69.48739624023438
317.6264953613281,81.58769989013672,82.73650360107422,68.80359649658203
319.3883056640625,81.45539855957031,83.0645980834961,68.38520050048828
318.4849853515625,81.1604995727539,83.35929870605469,70.456298828125
317.8284912109375,80.47660064697266,82.55329895019531,72.58699798583984
317.4031066894531,80.64350128173828,82.8134994506836,72.09130096435547
326.298095703125,80.49559783935547,70.62899780273438,71.20349884033203
335.3829040527344,79.15709686279297,54.994598388671875,72.268798828125
345.7029113769531,80.75779724121094,47.5364990234375,78.07980346679688
346.8157043457031,83.37799835205078,53.79349899291992,69.41829681396484
346.75408935546875,82.70610046386719,57.70439910888672,63.36909866333008
346.8551940917969,84.32389831542969,57.270198822021484,60.36750030517578
346.340087890625,83.4697036743164,57.60129928588867,60.06169891357422
345.9092102050781,82.90789794921875,58.20909881591797,61.042598724365234
346.3109130859375,83.30590057373047,57.27439880371094,60.809200286865234
346.55010986328125,81.6688003540039,58.03919982910156,63.28459930419922
347.4590148925781,81.97760009765625,58.04779815673828,63.23400115966797
347.50531005859375,81.23030090332031,59.02050018310547,63.97119903564453
349.0143127441406,81.22309875488281,57.48809814453125,62.032501220703125
348.6189880371094,81.3196029663086,58.57630157470703,61.47439956665039
349.87799072265625,79.79329681396484,57.314300537109375,65.36990356445312
351.5365905761719,79.92569732666016,55.585601806640625,65.19029998779297
351.9526062011719,79.87830352783203,56.775699615478516,63.777099609375
354.6882019042969,81.31690216064453,50.29290008544922,61.17169952392578
359.4501037597656,79.9343032836914,42.626399993896484,65.08460235595703
349.1453857421875,82.50160217285156,48.47930145263672,72.33309936523438
348.28131103515625,85.45010375976562,56.89789962768555,66.8302001953125
346.4576110839844,87.61830139160156,62.137699127197266,62.964500427246094
347.0508117675781,87.81120300292969,62.26100158691406,54.388301849365234
348.2861022949219,86.3916015625,63.15679931640625,56.095298767089844
329.41351318359375,85.50959777832031,81.11129760742188,63.86920166015625
328.0889892578125,84.76490020751953,83.58779907226562,66.56320190429688
327.81298828125,84.3655014038086,84.99759674072266,78.50450134277344
331.0357971191406,84.3479995727539,79.93990325927734,83.20140075683594
331.0531921386719,83.94660186767578,80.97589874267578,76.40409851074219
328.3403015136719,84.78070068359375,84.67749786376953,68.306396484375
327.0408935546875,84.2177963256836,84.88700103759766,66.08280181884766
326.92669677734375,83.42759704589844,85.90339660644531,76.6072006225586
330.19110107421875,83.51069641113281,77.96040344238281,69.9811019897461
340.40179443359375,81.34880065917969,63.47249984741211,77.9738998413086
339.2650146484375,83.6801986694336,51.55120086669922,70.17520141601562
355.73651123046875,84.48690032958984,45.506500244140625,61.409400939941406
354.49578857421875,83.91020202636719,53.19839859008789,60.44499969482422
353.460205078125,83.36530303955078,55.07389831542969,59.489200592041016
353.04290771484375,82.39769744873047,54.88650131225586,63.77830123901367
353.07708740234375,82.02259826660156,54.63880157470703,64.9468002319336
353.1748046875,81.55000305175781,55.11920166015625,63.41790008544922
353.5126953125,81.68370056152344,54.44409942626953,64.51219940185547
353.68328857421875,80.4032974243164,55.170501708984375,66.4104995727539
353.6358947753906,81.60330200195312,55.56119918823242,61.449100494384766
353.5906066894531,81.03929901123047,56.32419967651367,63.03779983520508
354.723388671875,80.38990020751953,55.80970001220703,63.28779983520508
355.58929443359375,81.29640197753906,55.55649948120117,59.93220138549805
355.6565856933594,80.74980163574219,55.503501892089844,61.47639846801758
359.74951171875,79.3666000366211,42.83449935913086,60.79909896850586
362.9005126953125,80.42250061035156,35.49530029296875,60.21950149536133
341.31170654296875,83.87339782714844,45.785499572753906,52.89039993286133
340.7242126464844,88.17469787597656,50.1885986328125,48.573299407958984
333.0971984863281,88.20459747314453,57.140098571777344,45.989498138427734
350.318603515625,87.78759765625,62.552101135253906,52.95589828491211
332.0412902832031,85.4197998046875,73.64669799804688,55.11399841308594
330.8929138183594,84.45719909667969,83.08209991455078,64.00849914550781
329.5440979003906,83.51619720458984,84.63330078125,72.2738037109375
327.931396484375,83.5790023803711,86.81529998779297,61.06019973754883
329.4018859863281,82.32219696044922,83.7759017944336,58.335201263427734
329.1141052246094,81.3219985961914,83.08470153808594,59.90409851074219
328.23199462890625,80.49929809570312,82.6948013305664,65.16179656982422
327.49530029296875,80.8135986328125,83.69879913330078,62.909400939941406
327.6661071777344,80.57630157470703,84.05290222167969,60.877201080322266
328.8306884765625,80.53359985351562,82.7969970703125,57.17509841918945
327.489990234375,79.7477035522461,83.58570098876953,63.772701263427734
324.9363098144531,79.7406005859375,85.75140380859375,67.62850189208984
325.04339599609375,79.51930236816406,85.67489624023438,62.962501525878906
331.29541015625,78.2927017211914,76.0250015258789,59.4385986328125
342.6111145019531,77.55269622802734,58.98609924316406,69.03589630126953
346.7876892089844,80.66390228271484,43.90999984741211,65.20659637451172
354.19061279296875,81.47979736328125,50.90999984741211,62.47890090942383
353.15301513671875,80.243896484375,57.57640075683594,62.49470138549805
352.1075134277344,79.28919982910156,58.87260055541992,66.19629669189453
350.37530517578125,79.10089874267578,60.67020034790039,66.802001953125
351.37091064453125,78.89810180664062,58.99489974975586,66.41230010986328
351.2984924316406,78.2123031616211,57.84629821777344,66.8197021484375
351.6953125,78.79910278320312,57.31869888305664,62.376800537109375
351.91900634765625,78.91470336914062,57.06850051879883,58.742698669433594
352.2161865234375,79.02899932861328,56.271400451660156,61.25979995727539
352.3966979980469,77.75800323486328,56.45759963989258,62.66659927368164
352.8634948730469,78.19429779052734,56.43339920043945,63.970401763916016
352.4794921875,77.47769927978516,57.44380187988281,63.22760009765625
353.30169677734375,78.07589721679688,57.05849838256836,61.6422004699707
353.4703063964844,77.47869873046875,57.957401275634766,64.46820068359375
355.502197265625,76.94129943847656,55.7755012512207,65.33209991455078
355.13909912109375,76.64189910888672,58.20240020751953,63.824501037597656
356.34320068359375,77.4375,58.040199279785156,61.845401763916016
359.80059814453125,77.3917007446289,45.20399856567383,63.229801177978516
363.8388977050781,79.14320373535156,31.08209991455078,66.9718017578125
363.8994140625,80.49729919433594,40.28390121459961,65.80079650878906
339.3457946777344,80.36759948730469,50.432899475097656,61.28010177612305
355.4043884277344,80.8948974609375,57.48350143432617,58.038299560546875
334.91229248046875,80.4021987915039,59.482200622558594,59.75870132446289
347.4325866699219,81.3322982788086,68.7344970703125,61.08599853515625
344.7561950683594,80.38510131835938,71.55069732666016,61.18230056762695
334.66790771484375,79.61430358886719,82.3145980834961,66.37079620361328
333.4169006347656,78.57890319824219,85.7488021850586,66.9728012084961
335.1518859863281,77.77760314941406,83.9374008178711,67.95600128173828
334.40521240234375,77.60199737548828,82.48889923095703,71.22889709472656
334.3370056152344,77.55850219726562,82.9906997680664,66.4906005859375
334.0672912597656,77.55269622802734,81.44429779052734,66.21369934082031
334.1758117675781,77.66790008544922,83.6686019897461,68.67009735107422
338.81109619140625,76.23560333251953,73.37789916992188,67.35009765625
354.4612121582031,76.67479705810547,52.8942985534668,62.749900817871094
362.9195861816406,81.57769775390625,38.344398498535156,63.252498626708984
361.4413146972656,81.3197021484375,40.059600830078125,61.40620040893555
359.24090576171875,81.74549865722656,47.26499938964844,61.511199951171875
359.5863952636719,81.61419677734375,54.35029983520508,56.542198181152344
360.3912048339844,78.54440307617188,60.15489959716797,61.3745002746582
359.9314880371094,78.80879974365234,59.98680114746094,61.37120056152344
359.7804870605469,78.83219909667969,60.58700180053711,60.87409973144531
358.76910400390625,78.0614013671875,62.37089920043945,64.43699645996094
360.019287109375,78.32230377197266,60.35110092163086,63.306800842285156
359.9750061035156,78.32240295410156,61.13570022583008,61.66400146484375
360.3992004394531,78.25499725341797,60.55030059814453,63.379798889160156
361.2983093261719,78.01319885253906,59.145198822021484,61.99079895019531
359.71240234375,77.8927001953125,63.25429916381836,64.068603515625
360.9529113769531,78.24250030517578,60.84339904785156,61.05619812011719
361.39581298828125,77.11170196533203,60.86669921875,65.01920318603516
361.8410949707031,77.527099609375,60.17660140991211,63.763301849365234
362.6341857910156,76.8031997680664,59.297401428222656,66.0156021118164
363.58758544921875,76.01799774169922,57.77799987792969,66.20040130615234
365.8172912597656,77.41069793701172,42.675201416015625,62.62910079956055
370.1264953613281,78.44930267333984,34.529998779296875,66.59449768066406
368.4533996582031,82.97630310058594,43.27510070800781,64.01959991455078
344.62921142578125,81.14949798583984,53.635799407958984,68.89600372314453
359.5126953125,81.0479965209961,57.71929931640625,67.51940155029297
357.40631103515625,80.15750122070312,61.541099548339844,66.17389678955078
357.9977111816406,81.93779754638672,60.9911003112793,59.59859848022461
360.1418151855469,81.4623031616211,58.2244987487793,59.97679901123047
365.36480712890625,81.3812026977539,54.1077995300293,62.43629837036133
364.098388671875,79.95670318603516,55.59199905395508,62.601200103759766
364.31298828125,80.3322982788086,54.48970031738281,64.18589782714844
364.256103515625,79.39299774169922,54.17279815673828,61.15489959716797
363.8373107910156,78.21730041503906,52.27880096435547,62.939998626708984
363.0679016113281,77.04920196533203,46.92689895629883,62.262901306152344
372.51910400390625,81.13469696044922,33.07749938964844,64.08699798583984
369.2672119140625,81.16699981689453,38.02220153808594,64.08209991455078
366.9836120605469,82.38379669189453,42.69129943847656,61.06370162963867
365.91461181640625,82.40840148925781,44.0099983215332,60.424198150634766
364.7715148925781,82.71199798583984,45.01890182495117,61.49570083618164
364.3086853027344,82.56549835205078,46.35649871826172,59.43840026855469
364.3201904296875,81.55180358886719,46.63560104370117,61.31639862060547
364.8445129394531,81.09310150146484,49.13169860839844,60.008201599121094
364.81610107421875,80.05950164794922,51.222999572753906,63.227901458740234
364.5473937988281,78.10009765625,63.46979904174805,70.73760223388672
363.81439208984375,79.0989990234375,63.60499954223633,67.09490203857422
365.3512878417969,79.76719665527344,61.570701599121094,62.67530059814453
365.02508544921875,79.1343002319336,62.38050079345703,65.48310089111328
366.44879150390625,79.73429870605469,59.429298400878906,62.66579818725586
368.20721435546875,78.18099975585938,56.44969940185547,63.66170120239258
371.7701110839844,79.8853988647461,45.8296012878418,60.233699798583984
367.4106140136719,80.05750274658203,44.16740036010742,60.6421012878418
369.1328125,84.29399871826172,48.999698638916016,58.99789810180664
344.76470947265625,82.28070068359375,57.984901428222656,61.21950149536133
358.7189025878906,83.03070068359375,63.689300537109375,63.7318000793457
354.5566101074219,80.89640045166016,68.11430358886719,67.10079956054688
353.47760009765625,81.58540344238281,70.4186019897461,68.86900329589844
345.9278869628906,80.4103012084961,78.67579650878906,69.2291030883789
345.285888671875,80.83789825439453,80.39450073242188,64.3727035522461
345.8446960449219,80.75150299072266,79.44550323486328,64.74479675292969
344.4161071777344,80.10070037841797,81.24600219726562,69.30760192871094
346.0504150390625,80.17680358886719,79.20359802246094,67.11479949951172
347.92718505859375,80.04660034179688,75.54969787597656,64.13390350341797
347.456787109375,80.66909790039062,76.88639831542969,59.17409896850586
358.0028076171875,79.63760375976562,63.18230056762695,53.888999938964844
359.3147888183594,80.27760314941406,50.49290084838867,55.34109878540039
376.0545959472656,81.31449890136719,41.5625,57.26580047607422
374.3127136230469,80.7760009765625,51.28670120239258,56.95690155029297
371.2934875488281,78.4563980102539,56.909000396728516,63.48649978637695
370.59259033203125,78.81790161132812,57.628299713134766,64.66059875488281
370.8716125488281,78.96649932861328,56.86750030517578,61.4463005065918
371.0826110839844,78.18170166015625,56.653499603271484,64.47260284423828
372.1545104980469,78.01519775390625,55.11479949951172,62.192100524902344
371.6325988769531,77.41470336914062,56.394798278808594,64.62870025634766
372.6518859863281,76.9572982788086,55.520198822021484,66.46179962158203
372.90679931640625,77.81800079345703,55.51470184326172,60.60380172729492
373.1745910644531,77.24140167236328,55.69419860839844,63.78099822998047
375.4173889160156,77.31330108642578,53.338600158691406,64.20010375976562
377.4692077636719,75.39250183105469,46.955101013183594,67.01029968261719
382.3717041015625,77.92790222167969,30.38559913635254,66.37169647216797
381.96270751953125,82.00140380859375,38.785701751708984,70.18470001220703
361.355712890625,83.86299896240234,43.89390182495117,59.573299407958984
353.3371887207031,83.38400268554688,53.17319869995117,60.236000061035156
369.0097961425781,81.91230010986328,62.63570022583008,57.594200134277344
365.74798583984375,83.29969787597656,67.63880157470703,61.62139892578125
354.3160095214844,81.68800354003906,78.07869720458984,65.73159790039062
350.7860107421875,80.26429748535156,83.30619812011719,73.87359619140625
352.8434143066406,80.4540023803711,80.55249786376953,70.12580108642578
349.5893859863281,80.06079864501953,86.26580047607422,68.87580108642578
349.0877990722656,78.54640197753906,85.66690063476562,74.68710327148438
352.68609619140625,79.17870330810547,81.43949890136719,65.34529876708984
350.5751953125,78.45010375976562,82.47100067138672,60.535499572753906
350.63751220703125,77.59310150146484,83.20469665527344,65.33699798583984
349.44580078125,76.89119720458984,83.90979766845703,67.50469970703125
352.20989990234375,76.97090148925781,80.13520050048828,70.4761962890625
358.89129638671875,77.2938003540039,69.51329803466797,70.77899932861328
359.5824890136719,77.89900207519531,57.7338981628418,71.38960266113281
381.4765930175781,78.9760971069336,45.53710174560547,72.8291015625
379.09521484375,79.79969787597656,57.087398529052734,64.49169921875
378.7832946777344,79.14830017089844,60.22119903564453,61.58660125732422
378.6463928222656,79.02870178222656,59.635501861572266,61.928001403808594
377.9385986328125,78.28099822998047,60.58580017089844,62.993900299072266
378.33209228515625,78.25440216064453,60.90290069580078,61.36309814453125
379.3381042480469,77.38140106201172,59.83769989013672,65.71990203857422
380.2395935058594,78.71269989013672,58.9567985534668,60.97869873046875
381.5611877441406,77.7510986328125,58.34560012817383,61.51150131225586
381.1177062988281,77.88629913330078,59.75590133666992,61.68439865112305
382.07281494140625,77.77790069580078,60.00040054321289,61.698299407958984
382.8009948730469,77.15470123291016,60.04600143432617,61.69419860839844
384.6317138671875,77.2958984375,59.20500183105469,62.47100067138672
385.6972961425781,77.10359954833984,60.02669906616211,60.06890106201172
387.94769287109375,77.29650115966797,58.623600006103516,58.17570114135742
391.8900146484375,76.48079681396484,52.34130096435547,59.58679962158203
398.4283142089844,77.39420318603516,41.242401123046875,63.57440185546875
388.3479919433594,79.7146987915039,47.82429885864258,61.77579879760742
387.2016906738281,83.75980377197266,57.30889892578125,56.65850067138672
387.6890869140625,85.64959716796875,61.5630989074707,57.30939865112305
388.2748107910156,85.56700134277344,62.65250015258789,55.15489959716797
390.6328125,85.05490112304688,61.93159866333008,59.42060089111328
392.6654968261719,84.1990966796875,59.78850173950195,59.480899810791016
393.7550048828125,82.88369750976562,59.18519973754883,61.20349884033203
392.22601318359375,83.28009796142578,62.224300384521484,59.464500427246094
393.55010986328125,83.12670135498047,60.88600158691406,60.173301696777344
394.701904296875,82.01689910888672,58.97249984741211,55.04499816894531
373.91949462890625,80.2166976928711,61.60380172729492,56.82120132446289
393.0083923339844,81.11170196533203,61.73550033569336,58.11980056762695
394.82818603515625,79.26219940185547,58.00189971923828,62.66889953613281
388.2998962402344,77.31420135498047,62.54499816894531,57.726200103759766
398.99371337890625,78.36289978027344,43.80459976196289,56.94219970703125
403.869384765625,79.5071029663086,39.85089874267578,57.30849838256836
401.9548034667969,82.32890319824219,40.46260070800781,57.87459945678711
400.7170104980469,82.51000213623047,44.04130172729492,57.535400390625
400.162109375,81.84619903564453,46.14419937133789,56.81610107421875
400.1167907714844,80.55400085449219,47.10390090942383,58.26850128173828
401.2040100097656,79.68479919433594,55.2593994140625,58.84590148925781
401.4991149902344,77.33529663085938,62.180999755859375,67.75350189208984
401.6773986816406,78.85279846191406,62.642601013183594,62.17509841918945
402.2073059082031,78.01799774169922,62.768699645996094,65.27469635009766
402.77880859375,77.10919952392578,63.118499755859375,67.39230346679688
404.03118896484375,78.6134033203125,61.78630065917969,60.681800842285156
404.7047119140625,77.81400299072266,61.58089828491211,64.38960266113281
404.2799987792969,77.74919891357422,64.32319641113281,62.95130157470703
404.72760009765625,77.743896484375,64.68730163574219,64.85399627685547
405.92718505859375,77.6968002319336,63.93519973754883,63.73789978027344
407.36029052734375,77.11109924316406,64.1364974975586,64.84809875488281
410.62689208984375,76.30470275878906,58.61259841918945,63.575801849365234
415.6611022949219,76.32569885253906,51.779998779296875,63.30820083618164
411.3987121582031,77.53019714355469,44.36090087890625,75.80480194091797
412.2485046386719,82.48570251464844,51.75270080566406,71.31849670410156
410.1122131347656,83.31120300292969,57.99440002441406,71.79889678955078
400.5989074707031,81.59339904785156,69.44960021972656,73.72789764404297
391.462890625,82.3114013671875,80.70279693603516,67.89179992675781
389.4328918457031,81.83300018310547,81.90989685058594,68.60350036621094
392.2969055175781,81.01119995117188,82.26439666748047,73.34200286865234
392.93310546875,81.6010971069336,82.42070007324219,68.65650177001953
391.0220947265625,81.42669677734375,83.79019927978516,63.29069900512695
395.28448486328125,80.34600067138672,80.13710021972656,61.855201721191406
394.1814880371094,79.9802017211914,79.59359741210938,60.74250030517578
395.4707946777344,79.79509735107422,80.3219985961914,65.78880310058594
394.57818603515625,79.8196029663086,80.22859954833984,66.21510314941406
394.46771240234375,79.93659973144531,79.64700317382812,68.41649627685547
401.3161926269531,78.38269805908203,71.0020980834961,64.57330322265625
411.7762145996094,78.91179656982422,52.43050003051758,59.76179885864258
425.4079895019531,81.15730285644531,42.52280044555664,61.043701171875
420.43890380859375,82.32640075683594,48.505699157714844,59.31999969482422
419.089111328125,81.36160278320312,53.525001525878906,61.78799819946289
420.4193115234375,80.31710052490234,62.5791015625,63.322601318359375
418.50469970703125,80.60140228271484,65.80390167236328,65.6614990234375
418.9856872558594,81.20179748535156,65.2300033569336,56.127201080322266
418.7842102050781,80.03469848632812,68.15460205078125,61.77939987182617
420.2561950683594,80.00289916992188,66.32450103759766,58.981300354003906
421.7262878417969,78.54139709472656,66.05919647216797,60.8224983215332
423.91290283203125,78.7490005493164,63.73609924316406,60.25450134277344
425.54779052734375,77.91739654541016,62.682098388671875,63.53379821777344
427.0838928222656,77.7699966430664,61.784400939941406,66.51519775390625
427.4953918457031,77.7562026977539,63.05329895019531,65.43910217285156
429.230712890625,77.82230377197266,61.067501068115234,62.15999984741211
433.4469909667969,75.0459976196289,46.83879852294922,67.96170043945312
437.6924133300781,77.45680236816406,36.2317008972168,67.09940338134766
436.53851318359375,82.29319763183594,42.25859832763672,68.08560180664062
430.9158020019531,84.86530303955078,53.566200256347656,60.02280044555664
428.5342102050781,82.73609924316406,58.627498626708984,63.678199768066406
428.6560974121094,82.45719909667969,58.268798828125,59.434600830078125
429.2060852050781,83.34719848632812,58.09239959716797,60.03670120239258
428.7759094238281,81.62359619140625,59.04869842529297,62.48429870605469
429.4150085449219,83.06999969482422,58.19200134277344,60.367000579833984
428.1619873046875,80.96289825439453,59.936500549316406,63.56930160522461
427.9377136230469,82.61910247802734,59.21760177612305,61.621498107910156
428.0704040527344,81.81320190429688,59.4567985534668,61.71540069580078
427.97650146484375,82.7334976196289,59.361698150634766,59.112300872802734
429.35089111328125,82.50029754638672,57.076499938964844,61.8218994140625
428.4393005371094,79.59120178222656,57.5432014465332,64.66799926757812
423.7506103515625,81.69499969482422,63.34260177612305,66.68260192871094
411.6097106933594,79.46900177001953,73.08540344238281,69.78990173339844
415.3918151855469,80.06089782714844,67.93240356445312,65.73729705810547
420.47711181640625,78.53620147705078,56.45249938964844,64.38739776611328
436.77911376953125,81.22239685058594,46.495399475097656,71.43789672851562
433.6972961425781,82.07170104980469,57.66619873046875,66.37560272216797
431.5263977050781,81.03919982910156,63.409400939941406,65.42379760742188
431.87359619140625,82.1500015258789,61.907901763916016,62.83760070800781
430.656005859375,81.86530303955078,64.29859924316406,64.14109802246094
431.5013122558594,81.9740982055664,62.98630142211914,62.99359893798828
432.94189453125,81.95939636230469,60.39739990234375,60.278499603271484
432.3669128417969,81.61139678955078,61.62200164794922,62.67110061645508
432.3559875488281,81.88569641113281,62.06480026245117,61.150299072265625
432.7690124511719,81.30269622802734,62.215301513671875,63.21080017089844
433.220703125,80.97530364990234,62.20130157470703,63.3047981262207
433.68341064453125,80.89800262451172,62.14609909057617,62.52069854736328
434.8948059082031,79.29869842529297,60.89080047607422,66.13870239257812
435.3688049316406,79.66639709472656,60.57149887084961,64.44219970703125
438.0798034667969,77.21900177001953,56.50450134277344,66.62259674072266
440.5888977050781,77.76850128173828,37.59270095825195,65.3843994140625
438.794189453125,81.59239959716797,40.24489974975586,64.41120147705078
436.5809020996094,85.08190155029297,51.299198150634766,59.999298095703125
434.5505065917969,87.32990264892578,56.54719924926758,62.46820068359375
434.9660949707031,84.72450256347656,57.25680160522461,63.09000015258789
430.9035949707031,85.50279998779297,61.305301666259766,61.307498931884766
420.8233947753906,84.49929809570312,71.63490295410156,63.30189895629883
414.8337097167969,84.05159759521484,79.23390197753906,66.52649688720703
412.4590148925781,83.04460144042969,80.72959899902344,66.67279815673828
413.07708740234375,81.89189910888672,80.31529998779297,72.65190124511719
415.13751220703125,82.85030364990234,77.6050033569336,66.7030029296875
412.9652099609375,82.78990173339844,79.33260345458984,69.74919891357422
412.09478759765625,82.8916015625,80.36840057373047,67.74949645996094
414.7732849121094,82.38939666748047,79.00859832763672,73.48249816894531
413.9226989746094,83.4822998046875,78.16690063476562,63.43730163574219
415.43109130859375,82.43720245361328,76.9977035522461,69.18509674072266
426.555908203125,80.46880340576172,59.556800842285156,81.80899810791016
426.180908203125,82.00530242919922,51.869300842285156,86.10479736328125
440.0870056152344,83.10970306396484,49.87969970703125,84.7927017211914
437.68389892578125,82.71510314941406,60.527000427246094,78.77400207519531
436.78179931640625,81.91529846191406,61.08660125732422,69.76699829101562
435.1318054199219,83.64119720458984,62.65039825439453,65.36319732666016
434.4867858886719,82.68240356445312,61.875301361083984,68.10540008544922
433.73760986328125,82.7666015625,61.790199279785156,66.53970336914062
433.1672058105469,83.11409759521484,61.15119934082031,63.142398834228516
433.047607421875,82.6343002319336,60.57509994506836,64.07679748535156
432.24609375,81.86019897460938,61.69160079956055,64.66570281982422
432.65460205078125,82.5521011352539,60.815399169921875,61.17070007324219
432.0718078613281,81.77950286865234,62.0276985168457,64.32250213623047
433.01239013671875,81.94509887695312,60.3942985534668,64.59429931640625
432.4901123046875,80.65229797363281,62.21739959716797,67.40989685058594
432.797607421875,81.9041976928711,61.94129943847656,62.667701721191406
434.590087890625,81.25980377197266,59.464500427246094,62.00210189819336
438.3034973144531,79.3207015991211,47.67620086669922,66.65989685058594
443.0679931640625,80.32489776611328,38.08489990234375,76.76740264892578
437.17730712890625,85.60160064697266,45.605899810791016,77.93879699707031
432.818115234375,89.57430267333984,56.95240020751953,73.66410064697266
428.35260009765625,88.39730072021484,64.25479888916016,71.7052993774414
411.8276062011719,86.34130096435547,80.06829833984375,57.216400146484375
412.33551025390625,85.0718994140625,81.2948989868164,66.97810363769531
410.0730895996094,84.6803970336914,84.23380279541016,66.3052978515625
410.5068054199219,84.70760345458984,83.52970123291016,59.049800872802734
412.3046875,83.34529876708984,82.60389709472656,61.75790023803711
411.5589904785156,82.55460357666016,81.5155029296875,72.32369995117188
410.4660949707031,83.61730194091797,82.60199737548828,72.18070220947266
413.0006103515625,84.34190368652344,79.78679656982422,63.865699768066406
410.3013000488281,83.33170318603516,81.69539642333984,59.03350067138672
409.8475036621094,82.4968032836914,82.2562026977539,62.054500579833984
409.9596862792969,82.47309875488281,82.99870300292969,62.466400146484375
409.7442932128906,82.12699890136719,82.62529754638672,75.7238998413086
407.9501037597656,83.14089965820312,83.4020004272461,63.68230056762695
407.35101318359375,82.59089660644531,84.13970184326172,64.23600006103516
407.4198913574219,82.30130004882812,82.427001953125,63.37779998779297
406.0137023925781,81.42769622802734,85.4697036743164,71.44499969482422
406.7699890136719,81.1676025390625,83.03189849853516,68.58869934082031
412.99468994140625,80.39949798583984,70.80059814453125,77.57430267333984
425.264404296875,78.9844970703125,51.569000244140625,87.69979858398438
433.7445068359375,82.41500091552734,43.55619812011719,81.08059692382812
433.00250244140625,81.92639923095703,57.380401611328125,83.8563003540039
429.7605895996094,81.44020080566406,64.3823013305664,75.13629913330078
429.9328918457031,80.2844009399414,62.88589859008789,72.00160217285156
430.3935852050781,82.00779724121094,63.194000244140625,60.287899017333984
431.3717956542969,81.94090270996094,61.236900329589844,60.558101654052734
432.2019958496094,81.60420227050781,60.39720153808594,62.97119903564453
431.57611083984375,82.34480285644531,62.997501373291016,59.34090042114258
433.4942932128906,82.30280303955078,60.33890151977539,60.480098724365234
433.4378967285156,81.17829895019531,62.631900787353516,62.43439865112305
434.989013671875,81.96099853515625,60.965301513671875,58.753700256347656
436.0921936035156,80.589599609375,61.74399948120117,64.2582015991211
437.40478515625,80.2886962890625,61.02040100097656,62.59700012207031
438.3996887207031,80.8740005493164,60.472198486328125,62.676700592041016
439.48858642578125,80.93730163574219,60.959598541259766,58.74100112915039
441.2615966796875,81.52249908447266,61.64950180053711,58.37160110473633
443.0403137207031,80.72959899902344,60.595401763916016,62.33449935913086
444.52850341796875,80.09300231933594,61.244598388671875,64.23059844970703
450.4277038574219,80.35299682617188,45.31269836425781,58.96269989013672
455.37579345703125,80.73899841308594,33.158199310302734,56.51959991455078
451.739501953125,84.9552993774414,44.44390106201172,55.53099822998047
446.9190979003906,87.83740234375,54.44369888305664,56.36579895019531
444.15740966796875,88.25170135498047,62.4192008972168,58.8843994140625
439.9787902832031,86.35260009765625,66.15689849853516,60.955101013183594
428.1859130859375,85.63580322265625,80.2228012084961,66.71499633789062
424.8109130859375,85.1050033569336,81.7780990600586,60.87990188598633
426.5574035644531,83.25360107421875,82.39240264892578,64.52050018310547
424.5794982910156,82.34410095214844,83.62789916992188,68.89240264892578
427.9137878417969,82.59989929199219,81.21739959716797,68.85549926757812
425.3952941894531,82.69940185546875,81.64510345458984,70.41410064697266
428.61041259765625,82.95500183105469,81.2656021118164,72.99909973144531
425.5296936035156,82.42759704589844,82.90799713134766,71.33260345458984
427.57989501953125,82.52130126953125,81.1072998046875,64.177001953125
425.3760070800781,81.75749969482422,83.14009857177734,71.18810272216797
423.7744140625,81.67479705810547,83.87470245361328,66.13200378417969
424.07879638671875,81.51899719238281,84.26580047607422,65.93250274658203
421.8367004394531,80.74230194091797,86.47650146484375,70.08439636230469
424.34149169921875,80.99649810791016,84.92680358886719,65.89520263671875
423.24859619140625,80.93150329589844,83.92530059814453,76.31199645996094
423.0541076660156,82.01029968261719,82.98670196533203,69.31169891357422
422.3758850097656,82.06950378417969,83.5479965209961,70.59259796142578
421.4740905761719,82.21510314941406,83.86979675292969,69.9572982788086
423.1485900878906,81.87740325927734,82.40750122070312,64.91110229492188
422.8953857421875,81.59960174560547,81.76260375976562,67.81819915771484
419.8872985839844,82.31710052490234,83.7345962524414,68.46299743652344
422.43609619140625,81.9927978515625,83.51370239257812,65.05940246582031
421.047607421875,81.45379638671875,84.56629943847656,73.88349914550781
421.2460021972656,81.91819763183594,82.27030181884766,72.20359802246094
419.7536926269531,82.63300323486328,83.981201171875,65.06719970703125
419.110595703125,81.9448013305664,83.33190155029297,72.38009643554688
420.4566955566406,82.86720275878906,80.63790130615234,71.19889831542969
417.6942138671875,82.83390045166016,84.74639892578125,76.71099853515625
418.92730712890625,83.53479766845703,82.69270324707031,67.93450164794922
417.1419982910156,83.77400207519531,85.3750991821289,76.5593032836914
415.337890625,85.79219818115234,85.9728012084961,73.37110137939453
419.8981018066406,88.73049926757812,78.50299835205078,85.55419921875
422.9059143066406,92.51570129394531,75.3031005859375,73.9894027709961
425.2002868652344,92.92489624023438,70.98429870605469,73.22090148925781
424.8489990234375,92.40350341796875,69.38970184326172,76.81580352783203
422.8192138671875,93.37319946289062,70.32520294189453,63.06589889526367
421.08331298828125,93.58550262451172,70.82050323486328,61.14030075073242
421.5640869140625,93.71700286865234,68.0072021484375,63.471099853515625
419.5964050292969,95.0271987915039,69.30359649658203,62.172000885009766
419.46551513671875,96.11589813232422,68.30180358886719,61.7401008605957
419.3240966796875,97.05549621582031,67.69229888916016,58.6875
418.2850036621094,96.62779998779297,68.55400085449219,63.506500244140625
417.46630859375,97.28759765625,67.97200012207031,67.3302993774414
418.4696044921875,97.51300048828125,65.83560180664062,62.5619010925293
418.19439697265625,97.79810333251953,65.44200134277344,68.05000305175781
416.87139892578125,96.71920013427734,66.56749725341797,63.61600112915039
416.6441955566406,98.29930114746094,65.10659790039062,63.46390151977539
414.3290100097656,98.09649658203125,66.77020263671875,60.668399810791016
414.32000732421875,99.23269653320312,65.30030059814453,61.60329818725586
413.4005126953125,99.02549743652344,64.91829681396484,63.404598236083984
413.8580017089844,99.53759765625,62.90299987792969,64.1688003540039
410.0177001953125,97.29019927978516,65.13369750976562,67.3041000366211
409.9856872558594,99.0531997680664,64.54620361328125,61.719398498535156
407.654296875,97.70500183105469,65.94059753417969,65.53970336914062
405.9891052246094,98.97779846191406,66.04399871826172,57.51129913330078
406.4436950683594,100.04959869384766,61.339500427246094,54.88600158691406
403.9867858886719,101.0625,61.23860168457031,50.96139907836914
409.03460693359375,103.04109954833984,52.14189910888672,60.45940017700195
414.5343933105469,105.43730163574219,40.92509841918945,56.89910125732422
414.4451904296875,105.25199890136719,36.730098724365234,50.595298767089844
411.5896911621094,105.568603515625,36.39550018310547,46.72570037841797
409.5495910644531,106.61849975585938,35.26409912109375,50.76620101928711
406.76129150390625,108.40119934082031,35.277000427246094,49.50590133666992
403.3930969238281,109.42179870605469,34.536800384521484,44.898399353027344
399.8053894042969,110.27369689941406,35.224098205566406,48.4119987487793
396.2200927734375,110.47750091552734,35.355201721191406,50.162601470947266
392.91180419921875,111.5154037475586,35.15840148925781,46.91170120239258
390.07861328125,112.25859832763672,34.91379928588867,47.08720016479492
386.9518127441406,112.64409637451172,34.596900939941406,45.487098693847656
384.08929443359375,112.65889739990234,33.43830108642578,46.9197998046875
380.8789978027344,113.48139953613281,33.208499908447266,47.34130096435547
378.1343994140625,113.79570007324219,32.20320129394531,47.44660186767578
375.27178955078125,114.35430145263672,31.082799911499023,46.66059875488281
371.7969970703125,114.40360260009766,31.88640022277832,47.90340042114258
368.26190185546875,114.80819702148438,31.573400497436523,44.644901275634766
365.6094970703125,115.04329681396484,30.290599822998047,44.47380065917969
362.47100830078125,115.58149719238281,30.280099868774414,42.54249954223633
358.6969909667969,115.35079956054688,31.25670051574707,45.25429916381836
355.9507141113281,116.14469909667969,29.971200942993164,46.87889862060547
353.1075134277344,116.57270050048828,29.12820053100586,47.25299835205078
350.04229736328125,118.36859893798828,29.875900268554688,42.936500549316406
347.48760986328125,119.76390075683594,29.323699951171875,41.99020004272461
344.1962890625,120.7666015625,28.934499740600586,41.076900482177734
342.69329833984375,121.76090240478516,27.535400390625,41.85850143432617
340.60400390625,123.24970245361328,26.80270004272461,40.17639923095703
338.7980041503906,124.21109771728516,26.233699798583984,39.75360107421875
336.6336975097656,125.26490020751953,25.851900100708008,41.42919921875
335.3953857421875,126.99169921875,24.991500854492188,36.027000427246094
335.1111145019531,128.91700744628906,22.22100067138672,36.44390106201172
331.3887939453125,130.81939697265625,24.281400680541992,34.37699890136719
331.0552978515625,131.49440002441406,30.10140037536621,34.19990158081055
325.96990966796875,134.51890563964844,36.47800064086914,33.787200927734375
324.0357971191406,135.27540588378906,37.81740188598633,35.64339828491211
322.5603942871094,136.20770263671875,39.11750030517578,37.340301513671875
323.51019287109375,137.2465057373047,37.579898834228516,36.54090118408203
323.7720947265625,138.55889892578125,37.11859893798828,35.051700592041016
323.0398864746094,138.84559631347656,38.762901306152344,33.54090118408203
323.0403137207031,140.00369262695312,39.75419998168945,33.1349983215332
324.1415100097656,140.6743927001953,39.894100189208984,31.112199783325195
324.83099365234375,140.3950958251953,39.56869888305664,31.81999969482422
324.3609924316406,140.9375,41.165000915527344,33.70899963378906
324.7585144042969,141.781494140625,41.80720138549805,35.390201568603516
325.64300537109375,142.45889282226562,42.16230010986328,37.297401428222656
325.6842041015625,143.07679748535156,44.04209899902344,42.315799713134766
327.1535949707031,144.43380737304688,45.97090148925781,45.2775993347168
325.06109619140625,145.50439453125,57.72489929199219,48.133399963378906
324.5210876464844,148.19810485839844,67.93109893798828,48.258399963378906
326.494384765625,151.47799682617188,74.10710144042969,46.10200119018555
331.2326965332031,152.26510620117188,74.38729858398438,48.09469985961914
335.6791076660156,154.16209411621094,74.61060333251953,47.78630065917969
343.2085876464844,156.50869750976562,72.67569732666016,43.40829849243164
348.75738525390625,158.93209838867188,72.2145004272461,45.5900993347168
357.2864074707031,161.8450927734375,72.677001953125,44.480201721191406
364.7452087402344,165.3616943359375,72.67479705810547,50.36750030517578
