1
574.6743774414062,163.99220275878906,25.51420021057129,52.075401306152344
573.7105712890625,162.64280700683594,26.513700485229492,51.71009826660156
574.0797729492188,161.1251983642578,25.68320083618164,49.33340072631836
574.6204833984375,160.29510498046875,24.793500900268555,46.93349838256836
574.1378784179688,158.44619750976562,24.43939971923828,51.57389831542969
574.03271484375,157.38980102539062,24.340099334716797,51.16419982910156
573.8920288085938,156.1551055908203,24.357099533081055,51.38010025024414
573.5341186523438,155.2447967529297,24.143699645996094,51.822200775146484
573.21337890625,154.1405029296875,24.55430030822754,50.86989974975586
572.7374267578125,152.1739959716797,24.53849983215332,54.2952995300293
572.6409912109375,151.81480407714844,24.764699935913086,53.46030044555664
572.2203979492188,149.8531951904297,24.707300186157227,56.913299560546875
571.6925048828125,149.59910583496094,24.621299743652344,52.79410171508789
571.2413940429688,148.05360412597656,24.62969970703125,53.247798919677734
570.4605712890625,147.4095001220703,24.712600708007812,50.97489929199219
570.2869262695312,146.51300048828125,23.863100051879883,50.003299713134766
569.3814697265625,145.06410217285156,23.170700073242188,50.7307014465332
568.959716796875,143.91529846191406,22.216999053955078,53.702301025390625
567.877197265625,143.04849243164062,22.650100708007812,51.14899826049805
567.397216796875,142.856201171875,21.864599227905273,50.897300720214844
566.9271850585938,141.17979431152344,22.16710090637207,52.86149978637695
566.8408813476562,140.01739501953125,21.43670082092285,53.4390983581543
565.7625122070312,140.11050415039062,22.67530059814453,50.515499114990234
566.0562133789062,139.30780029296875,22.013200759887695,52.08209991455078
565.7470703125,138.9857940673828,21.737699508666992,49.20539855957031
565.4605712890625,137.97850036621094,21.15730094909668,50.37810134887695
564.98388671875,137.4066925048828,21.75860023498535,50.08729934692383
564.6423950195312,136.97760009765625,21.512100219726562,49.31869888305664
564.198486328125,136.27130126953125,21.949600219726562,51.94380187988281
563.9688720703125,136.2209930419922,21.54330062866211,50.41740036010742
563.715087890625,135.94070434570312,21.30620002746582,47.173099517822266
563.855712890625,135.58120727539062,20.970300674438477,45.50859832763672
563.3187866210938,134.79139709472656,21.088300704956055,51.067501068115234
563.2078857421875,134.75160217285156,20.3528995513916,50.54100036621094
562.4417114257812,133.21949768066406,21.11680030822754,53.8125
562.7868041992188,134.102294921875,19.95479965209961,53.453800201416016
560.7000122070312,133.51849365234375,23.230600357055664,51.079200744628906
560.8640747070312,137.24440002441406,27.293699264526367,46.105098724365234
550.6312866210938,135.50999450683594,27.278099060058594,45.041099548339844
545.1953125,136.23660278320312,34.63090133666992,44.38959884643555
543.3869018554688,135.9611053466797,33.76340103149414,45.07170104980469
539.6279907226562,136.48080444335938,39.33530044555664,45.682098388671875
539.448486328125,137.99639892578125,50.31779861450195,44.75849914550781
537.4346923828125,137.35049438476562,53.30839920043945,49.91080093383789
537.242919921875,137.81849670410156,52.5004997253418,47.20830154418945
536.5261840820312,137.76409912109375,51.915199279785156,45.15879821777344
534.619384765625,136.63519287109375,53.42919921875,48.35449981689453
526.2227783203125,136.2489013671875,58.78990173339844,51.97100067138672
522.156982421875,136.16439819335938,63.341800689697266,53.501800537109375
516.0062866210938,135.35719299316406,69.28130340576172,56.06039810180664
514.75830078125,134.93629455566406,70.7394027709961,50.60089874267578
513.773681640625,135.91290283203125,70.01609802246094,48.24599838256836
513.6536254882812,134.93280029296875,71.58830261230469,51.2411994934082
514.1624755859375,133.79840087890625,70.36000061035156,54.21839904785156
512.9586791992188,134.3596954345703,71.11109924316406,52.11940002441406
513.1455078125,134.41839599609375,69.3947982788086,51.190399169921875
512.8065795898438,134.0980987548828,70.37950134277344,54.47100067138672
513.27197265625,134.0742950439453,69.26519775390625,51.89680099487305
512.423583984375,134.46749877929688,69.78900146484375,49.65439987182617
512.9031982421875,133.9752960205078,70.21610260009766,54.256500244140625
512.3375854492188,132.73570251464844,71.27320098876953,55.15840148925781
513.4052734375,132.57260131835938,68.7781982421875,52.85179901123047
521.4539184570312,132.3262939453125,57.08810043334961,47.97779846191406
532.435791015625,132.00039672851562,44.00199890136719,53.934600830078125
536.6837768554688,132.856201171875,35.17530059814453,53.2515983581543
540.205810546875,132.61700439453125,30.018600463867188,51.286598205566406
545.5714721679688,130.5395050048828,23.9960994720459,51.933998107910156
546.7559204101562,130.36669921875,21.43440055847168,48.85639953613281
546.6444702148438,130.5634002685547,21.409500122070312,47.445899963378906
546.4833984375,129.9998016357422,21.3656005859375,48.77389907836914
546.968994140625,129.65139770507812,20.12070083618164,48.215999603271484
546.77392578125,129.7823028564453,19.605899810791016,48.13859939575195
546.3018188476562,129.1405029296875,20.18829917907715,48.88639831542969
546.2816162109375,129.47950744628906,19.90220069885254,49.05059814453125
546.1156005859375,128.75369262695312,19.677400588989258,49.9453010559082
545.7213134765625,129.11619567871094,19.625600814819336,51.93040084838867
545.0994262695312,128.36590576171875,20.75119972229004,51.44380187988281
545.1646728515625,128.8625030517578,19.910400390625,52.33290100097656
544.85791015625,128.90550231933594,19.800800323486328,51.96440124511719
544.6417846679688,127.99510192871094,19.561199188232422,53.35879898071289
544.476318359375,128.12600708007812,19.32659912109375,52.113800048828125
544.4298706054688,128.11279296875,19.28339958190918,51.30630111694336
544.3792114257812,128.31539916992188,19.17140007019043,51.63240051269531
544.197998046875,128.00559997558594,19.208900451660156,49.958900451660156
544.2036743164062,128.17050170898438,18.924800872802734,49.24660110473633
544.1251220703125,127.07080078125,19.089399337768555,50.7056999206543
544.538330078125,127.51129913330078,18.962400436401367,52.08259963989258
543.9965209960938,126.90969848632812,19.44930076599121,51.08409881591797
543.9415283203125,127.185302734375,19.2101993560791,52.204200744628906
543.764892578125,126.39510345458984,19.594499588012695,53.155799865722656
543.8560180664062,125.98100280761719,19.14109992980957,54.12540054321289
543.6597290039062,125.79290008544922,19.211599349975586,56.61050033569336
543.7863159179688,125.87090301513672,19.161800384521484,55.00529861450195
543.8339233398438,125.66300201416016,19.3439998626709,54.651798248291016
543.4215698242188,125.12640380859375,18.627700805664062,54.80179977416992
543.5405883789062,125.47309875488281,18.6112003326416,52.68109893798828
543.4091796875,125.40660095214844,18.648099899291992,50.78969955444336
542.6668701171875,124.99829864501953,18.69770050048828,50.272499084472656
542.8001098632812,124.26899719238281,18.4552001953125,50.430599212646484
542.1450805664062,125.21520233154297,19.007200241088867,50.72269821166992
542.3201293945312,124.29000091552734,18.353599548339844,52.278499603271484
541.9495849609375,123.59230041503906,18.7810001373291,52.723899841308594
541.7379150390625,123.67649841308594,18.731599807739258,51.25699996948242
541.5722045898438,123.23059844970703,18.7052001953125,51.35169982910156
541.1796264648438,123.47699737548828,18.76140022277832,49.635398864746094
540.8734741210938,123.27439880371094,18.931100845336914,51.212501525878906
540.3319091796875,122.82589721679688,19.229400634765625,52.285499572753906
539.8958129882812,122.15560150146484,19.80389976501465,53.24399948120117
539.8662109375,121.9478988647461,19.042299270629883,53.03850173950195
539.1298828125,121.41220092773438,19.735599517822266,54.82659912109375
539.2067260742188,121.44840240478516,19.315799713134766,52.345699310302734
538.7841796875,121.256103515625,19.47260093688965,51.84579849243164
537.9920043945312,120.98809814453125,21.528099060058594,53.13690185546875
535.3571166992188,120.70390319824219,27.93630027770996,53.729801177978516
533.6453857421875,119.8593978881836,36.75790023803711,54.12820053100586
531.1911010742188,121.64009857177734,48.11600112915039,50.477298736572266
530.9434204101562,121.6061019897461,52.23550033569336,51.130001068115234
532.9061279296875,121.25340270996094,50.681400299072266,50.27389907836914
533.2835083007812,120.87079620361328,50.381500244140625,50.33060073852539
533.3602294921875,119.76219940185547,50.219398498535156,54.16740036010742
533.8956298828125,119.5094985961914,50.0010986328125,52.41889953613281
535.0770263671875,119.9728012084961,48.62919998168945,49.695701599121094
535.7127075195312,118.84320068359375,48.47919845581055,49.78580093383789
535.3294067382812,118.80699920654297,48.36949920654297,50.52170181274414
534.8905029296875,118.25569915771484,48.170799255371094,52.35969924926758
534.0618896484375,117.70120239257812,48.71590042114258,50.874698638916016
534.0880126953125,117.8301010131836,48.371299743652344,48.570899963378906
533.9030151367188,116.73789978027344,46.999698638916016,53.20709991455078
536.0579833984375,117.55780029296875,38.608299255371094,45.05649948120117
536.9227294921875,117.10769653320312,33.121700286865234,51.97549819946289
534.9932861328125,115.82890319824219,29.028900146484375,54.314300537109375
532.2733154296875,116.94969940185547,35.88740158081055,52.19279861450195
529.2053833007812,115.52320098876953,41.31880187988281,53.206298828125
527.097412109375,115.14600372314453,44.470401763916016,53.104400634765625
524.8784790039062,114.03130340576172,46.92940139770508,52.74359893798828
517.65478515625,113.1769027709961,53.575199127197266,56.0724983215332
506.3548889160156,113.64689636230469,63.447898864746094,52.125999450683594
504.8982849121094,112.11920166015625,66.01080322265625,58.07339859008789
505.2412109375,111.74449920654297,65.31289672851562,55.47589874267578
505.0144958496094,111.17040252685547,65.1603012084961,53.871700286865234
504.7330017089844,110.68209838867188,65.35250091552734,53.84830093383789
503.8125915527344,109.92500305175781,65.89230346679688,56.197601318359375
504.5447998046875,110.01280212402344,63.644901275634766,53.22269821166992
503.71868896484375,109.58899688720703,65.1885986328125,56.9557991027832
502.2789001464844,109.34970092773438,66.79090118408203,55.090599060058594
501.1802978515625,109.0458984375,65.33290100097656,55.106300354003906
501.4455871582031,108.93419647216797,66.5280990600586,55.50239944458008
500.74200439453125,108.93080139160156,64.77359771728516,53.93510055541992
501.785888671875,108.7833023071289,63.442501068115234,53.609901428222656
500.5946960449219,108.48909759521484,63.905799865722656,53.641998291015625
499.9034118652344,107.4552001953125,65.81420135498047,58.234500885009766
501.46990966796875,108.39440155029297,61.64699935913086,51.98569869995117
501.2528991699219,107.40599822998047,61.421199798583984,54.14609909057617
499.3882141113281,107.0740966796875,62.579498291015625,53.08580017089844
500.42718505859375,106.89739990234375,61.777198791503906,54.6442985534668
505.8211975097656,106.26709747314453,55.817100524902344,54.13330078125
514.96337890625,108.32589721679688,42.266300201416016,55.20869827270508
520.1917114257812,107.64070129394531,37.36470031738281,58.92720031738281
524.5836791992188,105.08619689941406,30.84830093383789,51.58319854736328
521.9976806640625,104.65750122070312,39.71979904174805,52.43220138549805
521.1458129882812,103.93659973144531,44.699798583984375,54.13359832763672
520.21337890625,104.30390167236328,46.314998626708984,55.37260055541992
519.065673828125,105.26930236816406,47.419498443603516,54.493900299072266
517.2288818359375,104.68270111083984,48.070899963378906,59.34149932861328
516.9921875,105.3363037109375,47.9359016418457,56.59469985961914
516.5692749023438,104.43460083007812,47.32109832763672,58.69260025024414
516.4744262695312,104.77469635009766,46.738800048828125,54.06039810180664
515.647216796875,104.19940185546875,46.474098205566406,59.721500396728516
514.7152709960938,104.33989715576172,46.994300842285156,59.535701751708984
515.1875,104.74430084228516,45.39789962768555,56.83599853515625
515.0056762695312,104.78150177001953,45.69269943237305,54.67340087890625
514.7664794921875,105.2249984741211,45.198699951171875,54.68119812011719
514.7484130859375,104.90059661865234,44.917999267578125,53.514801025390625
514.6242065429688,104.23079681396484,44.154701232910156,55.94070053100586
513.9981079101562,105.54859924316406,45.09189987182617,50.9025993347168
513.201904296875,104.30879974365234,45.34669876098633,57.71699905395508
513.1887817382812,104.95120239257812,45.28110122680664,55.55030059814453
513.3555297851562,105.19670104980469,45.31330108642578,52.14619827270508
513.3178100585938,105.73760223388672,44.11180114746094,54.009498596191406
512.918701171875,105.25060272216797,44.96260070800781,55.065799713134766
513.2794189453125,104.95989990234375,43.87969970703125,55.68349838256836
512.5339965820312,104.6344985961914,43.560298919677734,57.74800109863281
513.0792236328125,104.79840087890625,42.24150085449219,58.1072998046875
513.7047119140625,104.82140350341797,38.83000183105469,58.05849838256836
516.0145874023438,105.13829803466797,28.241899490356445,57.908199310302734
520.25927734375,106.55120086669922,22.197799682617188,61.77920150756836
519.5927734375,105.76499938964844,25.689699172973633,59.79560089111328
515.9409790039062,107.12449645996094,34.993099212646484,58.67570114135742
503.7626037597656,107.57109832763672,44.03300094604492,57.78820037841797
502.26611328125,108.75779724121094,53.392799377441406,53.65760040283203
503.20941162109375,110.43769836425781,53.34080123901367,53.355098724365234
499.1838073730469,110.61380004882812,57.525901794433594,56.415000915527344
488.5896911621094,109.8489990234375,67.8656997680664,58.9734001159668
486.9078063964844,109.6260986328125,70.38890075683594,57.46760177612305
486.99359130859375,109.20220184326172,71.38839721679688,58.42770004272461
487.6883850097656,109.31169891357422,70.4010009765625,57.48550033569336
488.48858642578125,109.60340118408203,71.73380279541016,55.629798889160156
488.1409912109375,110.0979995727539,70.67269897460938,55.08610153198242
488.6502990722656,110.32230377197266,70.88960266113281,58.292598724365234
489.1435852050781,110.01529693603516,72.14929962158203,57.4098014831543
488.2947998046875,110.91320037841797,71.89530181884766,53.41680145263672
490.1346130371094,110.86250305175781,71.63400268554688,55.54119873046875
489.2809143066406,111.15689849853516,69.99109649658203,53.74420166015625
489.6658020019531,111.28489685058594,71.67449951171875,54.4453010559082
490.18231201171875,111.87770080566406,70.73789978027344,55.133201599121094
492.1589050292969,111.40779876708984,70.90670013427734,57.74810028076172
491.6900939941406,111.697998046875,70.13310241699219,54.76300048828125
492.80120849609375,111.56220245361328,71.7522964477539,56.877498626708984
493.1968078613281,111.95169830322266,69.88719940185547,55.644500732421875
494.9195861816406,112.80580139160156,70.57489776611328,51.37590026855469
495.2561950683594,113.1416015625,70.70780181884766,54.971500396728516
495.5024108886719,113.252197265625,69.91739654541016,51.93659973144531
497.03741455078125,113.24019622802734,70.0541000366211,53.38479995727539
497.72601318359375,113.30599975585938,70.89640045166016,54.14350128173828
498.6304931640625,113.9312973022461,70.67639923095703,53.75339889526367
500.8548889160156,113.67790222167969,70.78589630126953,52.418399810791016
500.2018127441406,114.48429870605469,70.05680084228516,52.31340026855469
500.63861083984375,115.28579711914062,69.63079833984375,53.23889923095703
501.6752014160156,116.25409698486328,71.20709991455078,56.01490020751953
501.7615051269531,117.13919830322266,71.06770324707031,53.3838005065918
502.9920959472656,117.66059875488281,71.2052001953125,52.65359878540039
504.04339599609375,117.5250015258789,70.23690032958984,54.57149887084961
504.1112060546875,118.07559967041016,71.86180114746094,54.18880081176758
503.404296875,118.89910125732422,71.79350280761719,51.33509826660156
505.1023864746094,119.37960052490234,69.39250183105469,51.3838005065918
504.306884765625,119.41670227050781,70.95469665527344,52.39360046386719
503.8398132324219,119.18939971923828,72.53710174560547,54.46500015258789
503.7091979980469,119.69319915771484,72.4739990234375,54.20029830932617
503.8269958496094,120.33300018310547,72.72209930419922,52.25270080566406
504.489990234375,120.91280364990234,71.99929809570312,52.53200149536133
504.7820129394531,121.01319885253906,72.51599884033203,52.81660079956055
505.7778015136719,121.62989807128906,72.5261001586914,51.16270065307617
506.3117980957031,121.37339782714844,70.72270202636719,53.07939910888672
507.298095703125,121.7061996459961,70.98079681396484,53.365699768066406
507.9042053222656,121.84529876708984,70.59220123291016,54.9208984375
507.3688049316406,121.92369842529297,72.02369689941406,52.07659912109375
508.4336853027344,122.18099975585938,70.8541030883789,54.41389846801758
508.5693054199219,122.91510009765625,72.03489685058594,52.7504997253418
509.2627868652344,123.0425033569336,73.08709716796875,54.998199462890625
509.79949951171875,123.3644027709961,71.1051025390625,53.041900634765625
511.0351867675781,124.25849914550781,70.46019744873047,50.08879852294922
511.28790283203125,125.55780029296875,72.19519805908203,48.72560119628906
512.798828125,124.61499786376953,70.12560272216797,48.2151985168457
513.9559936523438,124.99729919433594,69.59940338134766,51.71379852294922
515.096923828125,125.13169860839844,69.50160217285156,49.52349853515625
515.0181884765625,125.48539733886719,69.8197021484375,50.26279830932617
516.1757202148438,125.27519989013672,69.84010314941406,50.33829879760742
516.4276733398438,125.6791000366211,71.04889678955078,51.14339828491211
517.4495239257812,125.39299774169922,70.05079650878906,53.33290100097656
518.3294067382812,126.78459930419922,71.12300109863281,49.75849914550781
519.6008911132812,126.48989868164062,70.44550323486328,50.4281005859375
521.4041137695312,126.07140350341797,70.28600311279297,51.63249969482422
521.8817138671875,124.67780303955078,68.90679931640625,53.140201568603516
527.9832153320312,123.39179992675781,62.21289825439453,54.1244010925293
538.7506713867188,122.64649963378906,50.599700927734375,61.98910140991211
541.0131225585938,123.6322021484375,42.38859939575195,67.16020202636719
555.868408203125,122.73179626464844,28.520700454711914,66.95670318603516
557.2570190429688,121.62210083007812,31.59910011291504,59.59880065917969
557.4425048828125,122.53939819335938,34.920799255371094,52.89680099487305
558.1907958984375,122.11509704589844,35.390499114990234,54.08760070800781
558.99462890625,122.24259948730469,34.47930145263672,50.69620132446289
558.5482177734375,122.09210205078125,35.524600982666016,52.07350158691406
558.8071899414062,122.50050354003906,34.4203987121582,47.95180130004883
559.8073120117188,122.07759857177734,33.954200744628906,53.483699798583984
559.375,122.7417984008789,34.873600006103516,52.64699935913086
559.4255981445312,122.70570373535156,35.03089904785156,54.655601501464844
559.790283203125,122.93800354003906,34.958900451660156,53.14419937133789
560.2000732421875,122.85209655761719,34.17399978637695,53.71620178222656
560.5460815429688,122.71399688720703,34.90739822387695,53.424800872802734
561.8663940429688,122.86229705810547,32.8406982421875,49.73040008544922
562.08837890625,122.82980346679688,32.30830001831055,52.87480163574219
563.701904296875,123.0094985961914,31.211599349975586,52.11040115356445
563.9931030273438,121.6978988647461,31.10070037841797,55.512298583984375
566.426513671875,122.20760345458984,24.41950035095215,57.75360107421875
569.1942138671875,121.91310119628906,22.67569923400879,56.81669998168945
567.61376953125,124.28150177001953,30.13640022277832,51.05929946899414
556.44873046875,122.79029846191406,36.75899887084961,51.64970016479492
554.159423828125,123.69760131835938,37.84870147705078,48.64540100097656
553.2780151367188,123.99099731445312,41.53630065917969,48.72740173339844
553.1799926757812,122.79879760742188,47.81919860839844,55.01390075683594
555.4761962890625,123.49469757080078,52.27050018310547,51.2239990234375
555.9810180664062,123.21900177001953,52.542301177978516,51.86980056762695
553.150390625,123.106201171875,55.5635986328125,52.41999816894531
541.8076782226562,121.20349884033203,66.2654037475586,57.91170120239258
539.3598022460938,120.80670166015625,69.72470092773438,54.74729919433594
539.549072265625,120.49330139160156,71.20899963378906,55.52920150756836
539.7573852539062,119.7345962524414,68.38480377197266,58.36000061035156
540.1375732421875,119.92579650878906,68.7488021850586,59.42259979248047
539.8410034179688,120.19319915771484,68.87359619140625,55.1786003112793
540.648681640625,120.17040252685547,69.57630157470703,56.560699462890625
539.6632080078125,119.94300079345703,68.72109985351562,57.76789855957031
541.4672241210938,120.32170104980469,68.89289855957031,54.508201599121094
540.5748901367188,120.19519805908203,67.69979858398438,54.78139877319336
540.4755859375,120.27760314941406,70.2842025756836,55.49409866333008
541.1619873046875,119.94139862060547,68.3947982788086,52.638999938964844
541.0338745117188,119.65180206298828,68.66510009765625,55.78779983520508
540.3572998046875,119.36969757080078,69.20860290527344,58.49039840698242
542.0532836914062,120.12110137939453,67.5739974975586,49.745201110839844
549.46728515625,118.91120147705078,57.13330078125,50.59379959106445
554.156982421875,120.77429962158203,45.133399963378906,54.956298828125
568.2562866210938,118.88860321044922,33.9369010925293,55.4452018737793
567.4963989257812,117.7583999633789,41.99760055541992,50.255001068115234
565.173828125,116.74659729003906,50.39799880981445,50.89400100708008
565.6793823242188,117.21320343017578,51.30350112915039,52.14569854736328
565.3541870117188,117.15619659423828,50.62049865722656,53.099098205566406
564.797119140625,116.8906021118164,50.750099182128906,53.82619857788086
565.7849731445312,117.39019775390625,48.512901306152344,49.6593017578125
563.4644775390625,116.87370300292969,50.144500732421875,52.52479934692383
564.9177856445312,117.38400268554688,48.11750030517578,51.63019943237305
563.5692749023438,115.47669982910156,48.725101470947266,59.05970001220703
563.537109375,116.52069854736328,49.25429916381836,57.11090087890625
563.7910766601562,116.25900268554688,48.715999603271484,55.11869812011719
563.4649047851562,116.51069641113281,49.05870056152344,56.583499908447266
563.6701049804688,115.72760009765625,48.621299743652344,58.2677001953125
563.5087280273438,116.02629852294922,48.83470153808594,57.46609878540039
563.7448120117188,115.25569915771484,48.999000549316406,60.62419891357422
563.5095825195312,115.90370178222656,49.35810089111328,58.182899475097656
564.043212890625,115.92449951171875,48.7130012512207,58.239898681640625
564.5789184570312,116.34359741210938,48.061798095703125,55.327701568603516
563.8558959960938,115.72219848632812,48.650901794433594,60.527198791503906
564.7902221679688,115.90119934082031,48.20880126953125,56.16939926147461
563.4332275390625,115.3739013671875,49.66569900512695,62.504600524902344
563.552978515625,115.71309661865234,51.101600646972656,59.20819854736328
563.6317749023438,115.17720031738281,50.42890167236328,61.24480056762695
563.9395141601562,116.02649688720703,49.5463981628418,58.28620147705078
564.4761962890625,115.43229675292969,49.85279846191406,55.22840118408203
564.415771484375,115.0009994506836,49.81010055541992,56.745201110839844
564.1005249023438,114.98719787597656,51.657100677490234,60.73059844970703
564.4362182617188,115.8666000366211,54.91279983520508,57.64250183105469
564.4243774414062,117.83080291748047,59.922698974609375,50.799400329589844
562.4105224609375,117.77400207519531,64.18379974365234,54.029300689697266
563.5469970703125,118.05719757080078,65.08920288085938,52.11800003051758
563.1826171875,117.502197265625,64.489501953125,56.763301849365234
566.343017578125,116.92939758300781,61.3754997253418,55.89799880981445
566.9630737304688,116.82569885253906,61.62860107421875,56.12009811401367
569.885009765625,117.3895034790039,60.547401428222656,52.54169845581055
568.847412109375,117.0259017944336,63.04029846191406,53.148799896240234
571.5446166992188,116.54730224609375,60.48500061035156,51.03850173950195
570.9298095703125,116.26080322265625,60.2932014465332,52.662498474121094
571.7222900390625,116.52749633789062,61.72480010986328,52.933998107910156
572.905029296875,116.70549774169922,61.2406005859375,48.89569854736328
572.4985961914062,115.56179809570312,61.922298431396484,55.063899993896484
573.6224975585938,115.58350372314453,62.60380172729492,55.67319869995117
576.1295776367188,115.59970092773438,57.975101470947266,52.05350112915039
574.2100219726562,116.22889709472656,61.206298828125,49.41709899902344
573.1453247070312,115.78559875488281,62.51729965209961,51.94089889526367
572.6458129882812,115.54810333251953,62.67259979248047,54.7317008972168
573.47607421875,116.0363998413086,62.93980026245117,51.696800231933594
573.1959838867188,115.5813980102539,62.5973014831543,52.96329879760742
573.6024169921875,114.9092025756836,61.95560073852539,56.64659881591797
575.537109375,115.47010040283203,58.65530014038086,51.512699127197266
576.7938232421875,114.72789764404297,53.98109817504883,49.17919921875
577.872314453125,114.80960083007812,39.57699966430664,57.587100982666016
581.839599609375,114.99120330810547,30.226499557495117,56.60969924926758
578.1414184570312,112.66739654541016,33.96369934082031,60.66239929199219
575.5731811523438,114.43329620361328,41.45920181274414,55.667598724365234
573.2822875976562,113.95240020751953,45.78340148925781,55.356300354003906
572.6915893554688,112.80590057373047,47.70249938964844,57.58259963989258
568.215087890625,112.8822021484375,52.447898864746094,55.712799072265625
557.5244750976562,112.74579620361328,61.92499923706055,56.991600036621094
558.0377807617188,113.07050323486328,63.64390182495117,56.295101165771484
557.0311279296875,112.22090148925781,65.54499816894531,58.884300231933594
557.20751953125,112.82990264892578,66.00749969482422,51.75510025024414
557.31787109375,111.45819854736328,66.6801986694336,56.290401458740234
557.3994750976562,111.93470001220703,65.24340057373047,54.80149841308594
558.3303833007812,111.63349914550781,64.0448989868164,51.709598541259766
556.9865112304688,111.63099670410156,67.07060241699219,53.195899963378906
556.4061279296875,111.98249816894531,68.34739685058594,53.4010009765625
555.48828125,113.06410217285156,68.54540252685547,51.16360092163086
553.74169921875,113.6011962890625,71.78040313720703,50.13800048828125
553.4882202148438,113.25430297851562,70.28040313720703,54.0806999206543
551.7340698242188,113.09760284423828,71.96589660644531,52.404998779296875
551.5360717773438,112.89510345458984,70.45149993896484,56.22520065307617
550.5806274414062,112.89769744873047,71.02220153808594,58.64419937133789
549.440185546875,112.85089874267578,70.13749694824219,56.772701263427734
549.3524169921875,113.43070220947266,69.93289947509766,52.3130989074707
549.710205078125,113.53720092773438,68.59110260009766,54.140499114990234
548.6154174804688,113.85079956054688,70.6095962524414,52.335899353027344
547.831787109375,113.44819641113281,71.25,55.412200927734375
547.9536743164062,113.52279663085938,69.66929626464844,53.04710006713867
547.996826171875,113.7522964477539,69.84359741210938,52.963199615478516
547.00048828125,113.89900207519531,71.27570343017578,50.183101654052734
547.6710205078125,113.41380310058594,69.86260223388672,49.12730026245117
547.6920776367188,113.77739715576172,70.97059631347656,51.21099853515625
547.5687866210938,112.86609649658203,69.4552993774414,52.24660110473633
548.1337280273438,112.84760284423828,69.03489685058594,52.59489822387695
549.1292724609375,111.956298828125,69.15660095214844,51.561798095703125
558.7918701171875,110.95709991455078,56.2843017578125,49.15850067138672
560.69287109375,111.11940002441406,46.470699310302734,56.35430145263672
577.6701049804688,109.17780303955078,31.568300247192383,60.1599006652832
577.8721923828125,107.36650085449219,33.264198303222656,56.926998138427734
576.9611206054688,108.2061996459961,35.430198669433594,56.839698791503906
575.48876953125,108.2665023803711,38.28519821166992,56.3302001953125
575.4500732421875,107.81749725341797,36.47249984741211,57.24079895019531
574.9019165039062,107.98729705810547,36.56060028076172,55.72600173950195
573.943115234375,107.92530059814453,36.121299743652344,58.120399475097656
574.493896484375,108.20140075683594,36.245399475097656,56.287601470947266
573.8421020507812,107.89659881591797,35.9281005859375,57.05080032348633
573.1401977539062,107.59259796142578,34.59400177001953,61.41189956665039
574.1751708984375,107.17230224609375,30.70989990234375,58.71500015258789
577.2991943359375,106.89669799804688,21.666200637817383,61.13050079345703
572.8516845703125,108.39179992675781,30.469499588012695,55.45389938354492
560.0419921875,109.12239837646484,37.366798400878906,51.4286003112793
557.4835815429688,110.7343978881836,42.64189910888672,46.803001403808594
554.535888671875,111.2405014038086,53.684600830078125,53.846500396728516
552.706787109375,112.10479736328125,58.76919937133789,50.910301208496094
542.7169799804688,111.00890350341797,67.79309844970703,49.57429885864258
540.7750244140625,110.13259887695312,70.06420135498047,53.993499755859375
540.2266845703125,109.21510314941406,70.34290313720703,57.166900634765625
539.9248046875,109.7238998413086,70.63580322265625,53.386199951171875
539.8634033203125,109.42949676513672,71.25250244140625,56.42319869995117
540.2506713867188,109.68450164794922,70.556396484375,50.404598236083984
540.3671264648438,109.285400390625,69.47859954833984,59.520198822021484
539.17626953125,109.49569702148438,71.79720306396484,54.346099853515625
539.46142578125,109.47579956054688,70.81199645996094,53.758201599121094
539.77099609375,109.25669860839844,70.52639770507812,53.180198669433594
540.0819702148438,109.15670013427734,69.73709869384766,55.303001403808594
540.2686157226562,109.26249694824219,68.85199737548828,49.719600677490234
541.2988891601562,108.14019775390625,67.92859649658203,52.76430130004883
548.8511962890625,107.32939910888672,56.72850036621094,53.06340026855469
553.0062866210938,108.85230255126953,46.26940155029297,59.35609817504883
569.0949096679688,107.69259643554688,31.002399444580078,61.583099365234375
567.7619018554688,105.77739715576172,39.84239959716797,58.562198638916016
567.0316162109375,105.17659759521484,45.52180099487305,60.0974006652832
566.911376953125,105.37439727783203,46.64889907836914,53.8942985534668
565.5108032226562,105.26399993896484,47.69129943847656,55.82500076293945
565.130126953125,105.17440032958984,48.282901763916016,55.7932014465332
564.7388916015625,105.11689758300781,47.683101654052734,58.619598388671875
565.1754150390625,105.33910369873047,47.65959930419922,56.08980178833008
564.9005737304688,105.50579833984375,48.46179962158203,53.8390007019043
565.42431640625,105.62419891357422,46.999000549316406,55.47079849243164
565.0115966796875,105.04190063476562,47.695499420166016,57.08760070800781
565.3388061523438,104.79740142822266,47.56570053100586,56.506500244140625
565.2868041992188,105.70939636230469,47.42689895629883,52.15409851074219
564.73681640625,105.15139770507812,47.7599983215332,55.172000885009766
564.10107421875,104.87300109863281,48.679298400878906,56.78960037231445
564.7526245117188,104.21420288085938,48.13520050048828,58.034698486328125
566.0963134765625,104.32389831542969,45.61629867553711,57.84040069580078
566.2772216796875,105.043701171875,45.80929946899414,54.05009841918945
565.7808837890625,105.00360107421875,46.535099029541016,54.12189865112305
566.0673217773438,104.8499984741211,46.355201721191406,53.16630172729492
566.2506103515625,105.24839782714844,45.74209976196289,51.523799896240234
567.402099609375,105.05139923095703,44.3739013671875,49.52840042114258
567.8203125,105.28050231933594,43.33649826049805,50.63750076293945
569.0360717773438,104.52999877929688,38.61249923706055,54.806800842285156
573.0001220703125,105.89289855957031,26.181900024414062,55.252498626708984
576.3057861328125,108.09609985351562,24.99209976196289,50.58440017700195
574.2315063476562,108.64969635009766,33.08000183105469,48.54690170288086
560.8264770507812,106.9072036743164,37.1609001159668,48.08449935913086
560.1165771484375,107.2780990600586,38.1875,44.943599700927734
557.7066040039062,106.82599639892578,43.19060134887695,48.88719940185547
559.4644165039062,108.47370147705078,51.73320007324219,44.07170104980469
562.2310791015625,108.29609680175781,52.184898376464844,46.51150131225586
563.2589721679688,108.95549774169922,52.82630157470703,46.63140106201172
546.9013061523438,108.2208023071289,62.3849983215332,43.55289840698242
547.0863037109375,107.96880340576172,68.71379852294922,43.60089874267578
547.355712890625,106.4718017578125,68.10030364990234,53.787899017333984
545.95458984375,106.4384994506836,70.02940368652344,55.505001068115234
545.1340942382812,106.9801025390625,70.939697265625,54.36309814453125
545.6267700195312,106.75559997558594,72.13999938964844,55.138301849365234
545.3491821289062,107.44730377197266,73.15059661865234,53.18769836425781
546.0302734375,107.42630004882812,70.943603515625,51.15650177001953
544.8773193359375,108.68900299072266,71.70159912109375,47.40409851074219
545.0208740234375,109.0947036743164,71.06890106201172,45.06290054321289
544.521484375,108.49189758300781,70.70559692382812,48.56119918823242
544.5341796875,108.58080291748047,69.52639770507812,48.22439956665039
541.419921875,108.59010314941406,71.44170379638672,47.69599914550781
542.4246215820312,107.92859649658203,68.8718032836914,49.80039978027344
541.7653198242188,107.13909912109375,69.59929656982422,50.51459884643555
542.8330078125,105.92009735107422,66.97440338134766,48.064701080322266
555.0042114257812,105.45369720458984,52.16849899291992,52.174198150634766
557.6212158203125,106.01200103759766,40.524600982666016,58.349998474121094
559.8389282226562,105.12090301513672,35.420501708984375,60.358699798583984
569.299072265625,101.9009017944336,26.44890022277832,64.1227035522461
573.1461791992188,101.74829864501953,20.31679916381836,64.96849822998047
573.4296264648438,101.99369812011719,19.85740089416504,63.32550048828125
572.9954223632812,102.5365982055664,21.073400497436523,55.962501525878906
573.646484375,102.03079986572266,20.14430046081543,56.519100189208984
574.1947021484375,101.66410064697266,19.240299224853516,54.7578010559082
574.6732788085938,101.80560302734375,18.617799758911133,52.84659957885742
574.653076171875,101.59490203857422,18.54170036315918,50.999698638916016
574.8505249023438,102.17109680175781,18.571800231933594,50.885799407958984
574.5264282226562,101.91729736328125,19.05150032043457,53.834800720214844
574.7747192382812,102.01069641113281,18.81089973449707,52.79410171508789
574.701416015625,102.2177963256836,19.150999069213867,48.89500045776367
575.0759887695312,102.4478988647461,18.850200653076172,50.16740036010742
575.6989135742188,102.13529968261719,18.534799575805664,52.559898376464844
575.959716796875,101.93119812011719,18.66990089416504,52.720699310302734
575.9752807617188,102.3915023803711,18.484399795532227,53.611900329589844
575.80078125,102.21389770507812,19.100400924682617,52.24359893798828
576.0095825195312,102.0790023803711,18.80299949645996,52.92020034790039
575.8364868164062,102.12239837646484,20.33329963684082,57.5181999206543
575.410888671875,101.45549774169922,25.575700759887695,57.68389892578125
572.2260131835938,103.46640014648438,33.81869888305664,55.96220016479492
581.0460205078125,104.00769805908203,43.30799865722656,51.143699645996094
581.1246948242188,105.53589630126953,48.31209945678711,48.00149917602539
577.9323120117188,104.4906997680664,51.905601501464844,58.650001525878906
572.0839233398438,105.49040222167969,57.49660110473633,51.05550003051758
569.922119140625,105.20089721679688,61.38050079345703,55.067901611328125
574.3107299804688,105.12200164794922,56.10300064086914,53.15679931640625
573.4544067382812,105.60790252685547,58.24380111694336,49.31650161743164
573.9459228515625,105.43779754638672,58.507301330566406,49.132301330566406
574.6002197265625,105.51580047607422,57.46080017089844,50.80569839477539
573.7108764648438,106.44190216064453,59.784698486328125,47.496700286865234
574.3245849609375,106.40650177001953,60.32600021362305,47.02640151977539
574.1798095703125,106.67489624023438,61.26359939575195,48.78340148925781
574.0490112304688,106.26689910888672,62.514198303222656,52.154598236083984
575.993896484375,106.49459838867188,60.79669952392578,51.35860061645508
576.7130737304688,106.643798828125,61.214599609375,52.94110107421875
577.0003051757812,106.13749694824219,60.74129867553711,55.274200439453125
579.5936279296875,106.77970123291016,57.88479995727539,48.08000183105469
577.8983764648438,106.52279663085938,59.25579833984375,46.86830139160156
576.9575805664062,107.04100036621094,61.57040023803711,46.29570007324219
577.1766967773438,106.78299713134766,60.542301177978516,49.38370132446289
577.5872192382812,106.71320343017578,60.169498443603516,51.41680145263672
578.1580200195312,105.87249755859375,58.729698181152344,52.60449981689453
581.5994873046875,105.00199890136719,46.814998626708984,57.510101318359375
584.8756713867188,106.03299713134766,40.44219970703125,60.28179931640625
580.2437744140625,105.25050354003906,35.07820129394531,56.65739822387695
580.8472900390625,106.08159637451172,39.934600830078125,54.87879943847656
578.7056274414062,105.46859741210938,44.7239990234375,58.04949951171875
575.8956909179688,106.22370147705078,49.180301666259766,55.31660079956055
575.651611328125,107.23320007324219,50.2067985534668,49.28369903564453
576.284912109375,107.48500061035156,50.635101318359375,49.18109893798828
576.833984375,108.13970184326172,50.47309875488281,46.66699981689453
577.1287841796875,107.63719940185547,50.352298736572266,44.375701904296875
578.1876831054688,107.20149993896484,50.58449935913086,48.74760055541992
578.6195068359375,107.86589813232422,50.162498474121094,49.069698333740234
579.9965209960938,107.1863021850586,48.47629928588867,51.14059829711914
579.5032958984375,107.52110290527344,48.9385986328125,51.97760009765625
577.8461303710938,106.0343017578125,51.20029830932617,54.82830047607422
577.388671875,108.32510375976562,51.954498291015625,43.40340042114258
578.4083251953125,107.78140258789062,51.29399871826172,45.44449996948242
579.5100708007812,108.09300231933594,49.23789978027344,45.04600143432617
580.455078125,108.4832992553711,48.143798828125,43.56480026245117
564.6483764648438,106.7145004272461,58.564701080322266,47.451698303222656
560.5388793945312,106.8322982788086,67.90080261230469,48.77730178833008
560.8353271484375,106.33889770507812,67.97810363769531,49.31869888305664
560.8049926757812,105.84100341796875,68.65119934082031,52.66790008544922
560.2160034179688,105.87319946289062,69.68900299072266,52.83489990234375
560.424072265625,105.45850372314453,69.78309631347656,55.911800384521484
568.6851196289062,104.71910095214844,59.605499267578125,53.824501037597656
570.3585815429688,106.36119842529297,49.76729965209961,61.010501861572266
589.6198120117188,104.44049835205078,38.650001525878906,65.10870361328125
587.041015625,101.95480346679688,47.6239013671875,66.25360107421875
585.9589233398438,102.44270324707031,54.51599884033203,57.99480056762695
587.2495727539062,103.3667984008789,53.2150993347168,57.76539993286133
586.01220703125,102.19090270996094,54.59360122680664,63.355899810791016
586.0802001953125,102.66100311279297,55.049198150634766,59.83689880371094
586.2401733398438,102.55480194091797,55.480098724365234,59.808101654052734
586.634521484375,102.54429626464844,54.83919906616211,62.975101470947266
587.2874145507812,101.73359680175781,54.668800354003906,68.31990051269531
587.1072998046875,102.69619750976562,55.68080139160156,61.52389907836914
588.0853881835938,102.53099822998047,55.2599983215332,64.53949737548828
588.4741821289062,102.27290344238281,55.46390151977539,65.05970001220703
588.3236083984375,102.35289764404297,56.84230041503906,63.297401428222656
588.9727783203125,101.78089904785156,56.124298095703125,65.05690002441406
590.1541748046875,101.35590362548828,55.97420120239258,62.9098014831543
590.7576293945312,102.64630126953125,56.981300354003906,57.342201232910156
590.8928833007812,103.09329986572266,58.19309997558594,58.06850051879883
591.6854248046875,102.52580261230469,59.230098724365234,60.13970184326172
593.4832763671875,101.97209930419922,58.490299224853516,57.831199645996094
594.0485229492188,102.08740234375,60.15679931640625,55.64659881591797
594.1912231445312,102.37249755859375,64.01640319824219,55.4546012878418
594.7144775390625,102.26390075683594,65.98989868164062,53.23640060424805
595.5245971679688,101.70950317382812,65.83180236816406,55.747100830078125
596.8223266601562,101.71309661865234,66.29969787597656,56.08300018310547
596.2125244140625,101.94380187988281,69.14820098876953,56.99089813232422
597.5958251953125,102.11969757080078,68.58290100097656,52.77730178833008
598.0772705078125,101.90730285644531,68.1697006225586,51.61800003051758
598.7088012695312,101.61419677734375,67.8561019897461,51.635799407958984
599.4857177734375,101.58190155029297,68.10240173339844,52.36330032348633
599.916015625,102.13790130615234,68.49230194091797,47.58660125732422
600.8250122070312,102.80970001220703,66.66529846191406,49.80690002441406
601.2957153320312,102.04630279541016,65.90560150146484,49.71379852294922
601.1571044921875,101.93070220947266,66.97899627685547,50.3568000793457
601.2492065429688,101.64469909667969,67.20929718017578,51.14179992675781
600.7473754882812,102.2332992553711,67.92060089111328,52.676998138427734
602.1433715820312,101.75360107421875,67.04350280761719,53.10710144042969
603.2686157226562,101.00309753417969,64.79859924316406,52.27190017700195
607.610107421875,100.45880126953125,54.932498931884766,47.403900146484375
609.7739868164062,101.44719696044922,42.52360153198242,51.978599548339844
609.947509765625,99.29759979248047,32.5192985534668,49.994598388671875
611.1583251953125,100.78919982910156,36.784400939941406,48.337398529052734
609.2786254882812,102.5813980102539,40.195899963378906,46.091800689697266
605.3743286132812,103.40599822998047,47.77090072631836,46.52920150756836
606.6589965820312,104.31510162353516,46.48979949951172,48.55659866333008
605.832275390625,103.98100280761719,48.30569839477539,47.99810028076172
607.6635131835938,102.15280151367188,46.275299072265625,51.16310119628906
607.5742797851562,103.05079650878906,47.297298431396484,47.332401275634766
608.0885009765625,103.61419677734375,46.839698791503906,46.164798736572266
608.2092895507812,102.93180084228516,47.11940002441406,48.22570037841797
608.715576171875,103.61509704589844,46.70650100708008,47.63140106201172
607.3707275390625,102.05870056152344,48.04570007324219,51.46839904785156
606.7255249023438,102.1427001953125,48.632598876953125,51.708099365234375
608.181884765625,101.8499984741211,46.901100158691406,52.932498931884766
606.8179931640625,102.46549987792969,48.57339859008789,50.567901611328125
607.2786865234375,101.78089904785156,47.99639892578125,53.15530014038086
606.680419921875,102.66649627685547,48.628700256347656,48.55550003051758
606.0786743164062,102.7136001586914,49.1431999206543,47.74169921875
606.8336791992188,103.33280181884766,48.10919952392578,47.19430160522461
606.4893798828125,102.96880340576172,48.251800537109375,46.34339904785156
606.8909301757812,103.3760986328125,47.632301330566406,44.58039855957031
607.4343872070312,104.05960083007812,47.0010986328125,43.10060119628906
607.993896484375,102.87010192871094,46.355201721191406,46.01319885253906
606.834716796875,102.18000030517578,47.6531982421875,47.48830032348633
607.863525390625,103.02230072021484,46.23619842529297,47.213600158691406
607.5391235351562,101.72850036621094,46.43980026245117,49.53850173950195
607.1168212890625,100.4384994506836,45.47650146484375,51.306400299072266
607.82177734375,98.58380126953125,37.83140182495117,54.5635986328125
614.2388916015625,98.0103988647461,29.72439956665039,59.97380065917969
613.3850708007812,96.52619934082031,33.215599060058594,56.1328010559082
623.6030883789062,95.71710205078125,40.668800354003906,58.97420120239258
621.0333862304688,95.67359924316406,46.554500579833984,53.293399810791016
612.8319702148438,96.56690216064453,54.916099548339844,46.810298919677734
608.5219116210938,96.44629669189453,60.41910171508789,48.55910110473633
607.1995849609375,96.61000061035156,60.25510025024414,48.37770080566406
606.136474609375,96.21440124511719,61.27130126953125,51.65380096435547
606.4940185546875,96.55919647216797,61.017398834228516,51.29050064086914
606.3101806640625,96.17900085449219,61.12269973754883,50.18659973144531
605.9310302734375,96.08820343017578,61.14229965209961,51.0447998046875
606.4714965820312,96.5447998046875,59.14780044555664,47.1619987487793
606.986083984375,95.6760025024414,56.60530090332031,49.047698974609375
611.1450805664062,96.05950164794922,39.679298400878906,55.977699279785156
612.9749755859375,95.5071029663086,30.95599937438965,54.25579833984375
606.284912109375,97.38369750976562,34.895999908447266,53.45249938964844
604.45947265625,97.95120239257812,39.124900817871094,51.91790008544922
604.982421875,98.20349884033203,43.89250183105469,50.19049835205078
605.5789794921875,99.10810089111328,48.9364013671875,46.844200134277344
605.438720703125,99.13729858398438,50.1078987121582,47.56880187988281
606.408203125,98.86720275878906,48.08660125732422,46.59619903564453
605.4078979492188,99.13980102539062,49.74140167236328,44.897098541259766
606.1149291992188,99.09290313720703,49.309200286865234,46.51210021972656
606.2548828125,99.50129699707031,48.9364013671875,44.23320007324219
606.3629150390625,99.24759674072266,48.6713981628418,46.083900451660156
607.4166870117188,99.69850158691406,46.9984016418457,43.45560073852539
608.3997192382812,100.29940032958984,46.65250015258789,42.327598571777344
606.9180908203125,99.36920166015625,48.72200012207031,44.10540008544922
606.9058837890625,99.029296875,49.42599868774414,45.152000427246094
607.9287719726562,99.57759857177734,48.33110046386719,43.08689880371094
608.3048706054688,100.05650329589844,48.41469955444336,42.095001220703125
607.809326171875,98.16339874267578,49.10049819946289,46.46310043334961
607.6713256835938,98.62660217285156,50.067901611328125,45.57040023803711
604.9337768554688,97.40360260009766,51.995601654052734,45.984100341796875
601.4229736328125,96.14360046386719,52.169898986816406,46.06560134887695
605.386474609375,108.84940338134766,44.62369918823242,47.38880157470703
621.394287109375,94.25189971923828,35.20970153808594,49.009700775146484
631.3065185546875,93.90570068359375,40.08380126953125,53.4375
630.8140258789062,93.9385986328125,46.593299865722656,52.32320022583008
630.0280151367188,95.39839935302734,49.522701263427734,50.68519973754883
629.4962768554688,95.29850006103516,50.529998779296875,50.501399993896484
634.8698120117188,95.90879821777344,44.674400329589844,42.8129997253418
629.3491821289062,95.25370025634766,51.25210189819336,48.03459930419922
631.1962280273438,95.0687026977539,50.62329864501953,51.77220153808594
628.1627197265625,95.17649841308594,53.41109848022461,52.03300094604492
622.04541015625,95.08180236816406,61.38010025024414,56.14360046386719
620.7954711914062,95.5093002319336,62.81420135498047,48.270198822021484
622.2103881835938,95.14790344238281,62.26129913330078,49.816200256347656
620.7579956054688,95.04540252685547,65.04170227050781,52.33869934082031
621.6798706054688,94.69290161132812,63.63119888305664,56.33110046386719
622.46337890625,95.0781021118164,64.43949890136719,54.63180160522461
624.0819702148438,94.66349792480469,62.567901611328125,53.7489013671875
623.568115234375,95.17839813232422,64.76069641113281,56.155399322509766
625.898681640625,95.6095962524414,62.4556999206543,48.870399475097656
625.3914794921875,94.8228988647461,63.16389846801758,51.22710037231445
625.9285888671875,93.345703125,58.513999938964844,61.42679977416992
630.9334106445312,93.66670227050781,41.179901123046875,61.67430114746094
636.8161010742188,94.22000122070312,27.03820037841797,54.294700622558594
634.9990234375,95.83679962158203,34.95800018310547,56.364200592041016
629.9796752929688,95.77510070800781,40.82509994506836,57.44779968261719
625.9108276367188,96.20140075683594,50.07899856567383,62.35390090942383
617.228515625,97.9489974975586,60.05870056152344,68.84410095214844
608.416015625,97.71080017089844,71.61150360107422,69.29519653320312
610.2415161132812,98.78829956054688,69.60769653320312,63.41230010986328
610.396728515625,98.92610168457031,71.4937973022461,64.90750122070312
611.0568237304688,98.71869659423828,72.23619842529297,63.35340118408203
612.764892578125,99.39600372314453,70.11940002441406,54.24420166015625
612.6063842773438,99.32440185546875,70.84860229492188,51.397701263427734
613.3986206054688,98.9646987915039,70.5728988647461,50.278900146484375
613.9818725585938,99.18160247802734,71.34989929199219,48.02450180053711
614.168701171875,99.5896987915039,72.12449645996094,49.092498779296875
614.7888793945312,99.2780990600586,71.79070281982422,49.077598571777344
616.3848876953125,99.76730346679688,70.25039672851562,45.577701568603516
617.2213745117188,98.93090057373047,68.50170135498047,46.6609001159668
616.9968872070312,99.07350158691406,68.98930358886719,50.59040069580078
615.5512084960938,98.6260986328125,72.27870178222656,53.83190155029297
615.8922119140625,98.82890319824219,71.74629974365234,51.234798431396484
616.7921142578125,98.69580078125,70.9990005493164,50.86249923706055
617.1942749023438,99.12699890136719,71.54850006103516,52.826499938964844
617.7974243164062,99.55259704589844,71.12840270996094,47.26559829711914
617.9766845703125,100.08830261230469,70.75240325927734,46.36000061035156
618.1691284179688,100.18260192871094,70.79550170898438,44.47019958496094
617.7233276367188,101.15039825439453,70.86949920654297,42.510398864746094
619.0615234375,99.48809814453125,68.8656997680664,47.19089889526367
617.8890991210938,100.27749633789062,70.75800323486328,44.77199935913086
618.9697875976562,99.535400390625,70.25240325927734,48.6963005065918
623.0313720703125,97.70330047607422,65.36060333251953,46.841400146484375
634.4443969726562,95.43389892578125,50.086700439453125,52.737998962402344
633.1624145507812,97.10459899902344,41.71149826049805,54.53889846801758
646.952880859375,93.82830047607422,44.730499267578125,58.29130172729492
644.594970703125,93.0656967163086,55.64540100097656,60.45399856567383
642.76220703125,94.07520294189453,62.427799224853516,53.255001068115234
641.84228515625,93.77580261230469,64.0071029663086,53.11320114135742
643.7548828125,93.46820068359375,62.01490020751953,52.1797981262207
643.7476806640625,93.42990112304688,61.5713996887207,56.86640167236328
644.9948120117188,93.9114990234375,61.61589813232422,55.78329849243164
647.20068359375,94.1937026977539,59.05849838256836,55.06129837036133
645.0803833007812,93.8584976196289,62.42570114135742,55.050201416015625
645.7869873046875,94.30020141601562,62.6776008605957,58.227500915527344
647.975830078125,94.87220001220703,60.65599822998047,50.65340042114258
647.1196899414062,94.37640380859375,62.25299835205078,52.78609848022461
647.140625,94.41829681396484,64.22039794921875,56.75790023803711
649.6895141601562,94.7417984008789,60.12689971923828,52.70759963989258
648.8037719726562,94.11599731445312,61.28269958496094,56.12369918823242
649.4334106445312,94.57319641113281,62.570098876953125,55.049800872802734
649.548828125,94.45780181884766,63.052799224853516,56.370601654052734
651.736572265625,94.96260070800781,62.027099609375,54.20389938354492
652.4298706054688,95.158203125,62.88560104370117,50.02050018310547
653.15478515625,95.0979995727539,63.10129928588867,51.535499572753906
654.6052856445312,95.00289916992188,62.414398193359375,48.04069900512695
655.0905151367188,94.71640014648438,61.929298400878906,46.40769958496094
655.9055786132812,93.95099639892578,60.269500732421875,46.37540054321289
658.28271484375,94.50759887695312,46.64609909057617,43.31959915161133
663.0164794921875,92.9988021850586,39.575801849365234,47.24660110473633
664.7274780273438,93.47989654541016,33.61289978027344,46.542198181152344
664.209228515625,99.10070037841797,38.668701171875,48.526798248291016
657.1898193359375,100.63690185546875,48.50510025024414,44.13479995727539
656.5383911132812,100.32009887695312,51.19300079345703,44.79410171508789
657.6212768554688,100.22019958496094,51.1953010559082,43.73379898071289
657.0626220703125,99.6946029663086,52.15679931640625,46.01580047607422
658.3065795898438,99.92269897460938,51.89630126953125,45.4807014465332
655.394775390625,98.48799896240234,53.85580062866211,49.53969955444336
648.9788208007812,97.95549774169922,61.412200927734375,55.12730026245117
641.3187866210938,98.86519622802734,70.160400390625,47.374000549316406
642.7362060546875,98.22419738769531,68.8196029663086,49.387298583984375
643.0784912109375,99.1083984375,68.875,45.841800689697266
644.6129150390625,98.68119812011719,67.96320343017578,46.583499908447266
644.7440185546875,100.07029724121094,67.83380126953125,42.50239944458008
643.743896484375,99.10459899902344,69.16709899902344,45.53990173339844
645.38671875,99.30359649658203,67.42040252685547,46.32749938964844
645.0789794921875,98.62879943847656,69.29720306396484,49.331199645996094
645.473876953125,98.8832015991211,70.0447998046875,47.5088005065918
646.9732055664062,97.76930236816406,68.78459930419922,48.43939971923828
653.977783203125,96.82980346679688,58.87710189819336,53.170501708984375
656.1370239257812,96.25700378417969,52.72119903564453,62.32440185546875
675.71728515625,94.47699737548828,43.530399322509766,63.68450164794922
672.27392578125,93.40750122070312,50.41889953613281,57.411800384521484
670.9166870117188,93.73829650878906,59.58300018310547,59.46440124511719
669.8267822265625,94.62920379638672,63.40800094604492,54.04029846191406
669.310302734375,95.23539733886719,64.69339752197266,52.01750183105469
669.1912231445312,95.11139678955078,64.06330108642578,55.425899505615234
669.0615844726562,96.26470184326172,63.2755012512207,48.54600143432617
669.36572265625,94.65509796142578,64.23049926757812,55.90290069580078
673.15380859375,95.51419830322266,60.41790008544922,47.03369903564453
671.4791259765625,94.63140106201172,63.106998443603516,51.6431999206543
670.1143188476562,94.89440155029297,65.0781021118164,54.86199951171875
672.3687133789062,94.06379699707031,61.48529815673828,54.45349884033203
672.575927734375,94.12950134277344,63.65850067138672,57.74039840698242
674.7492065429688,94.82540130615234,61.70610046386719,58.09870147705078
677.6364135742188,95.53630065917969,58.54079818725586,54.25279998779297
674.2388916015625,95.55940246582031,63.474998474121094,58.54240036010742
676.6314086914062,96.25859832763672,61.082000732421875,51.558799743652344
674.7255859375,95.78939819335938,63.458499908447266,55.351600646972656
675.6765747070312,95.94519805908203,63.70000076293945,56.102901458740234
677.3986206054688,96.00749969482422,62.21969985961914,52.76570129394531
677.0609130859375,95.78369903564453,62.40370178222656,49.95500183105469
676.7734985351562,95.39559936523438,62.08729934692383,54.9739990234375
680.6616821289062,95.93910217285156,49.98699951171875,50.36819839477539
686.8590698242188,96.12999725341797,40.235801696777344,59.2223014831543
676.780029296875,95.75460052490234,40.218101501464844,54.61259841918945
673.1298828125,99.23249816894531,51.0885009765625,51.54140090942383
667.7000122070312,100.7822036743164,58.903499603271484,50.375701904296875
660.8018798828125,100.61009979248047,64.15339660644531,54.0984992980957
659.7357177734375,100.814697265625,69.72850036621094,56.43159866333008
661.2678833007812,100.65139770507812,68.27799987792969,54.27289962768555
661.8814086914062,101.12239837646484,68.9520034790039,53.15230178833008
663.3807983398438,100.96929931640625,66.9822006225586,49.16429901123047
663.51171875,101.002197265625,67.9136962890625,46.90039825439453
663.38671875,100.20069885253906,67.17639923095703,53.10139846801758
663.1826171875,101.1322021484375,67.81069946289062,46.738399505615234
663.81591796875,100.65640258789062,66.41259765625,51.2776985168457
663.1281127929688,100.48259735107422,68.36129760742188,49.945499420166016
663.4464111328125,100.92880249023438,66.00189971923828,47.05329895019531
663.5728759765625,101.43209838867188,66.92259979248047,45.92399978637695
664.90771484375,99.79979705810547,64.64920043945312,49.350799560546875
670.6149291992188,98.99510192871094,56.613399505615234,52.364601135253906
675.8286743164062,99.67169952392578,43.78499984741211,60.31869888305664
688.6917114257812,96.92449951171875,34.04690170288086,63.09159851074219
687.3060302734375,95.4363021850586,46.6875,70.13089752197266
691.6483154296875,96.8843002319336,51.17319869995117,72.32859802246094
694.0305786132812,97.09120178222656,52.24100112915039,77.75
686.4752197265625,96.90239715576172,58.907901763916016,79.97440338134766
682.74658203125,96.63790130615234,63.5546989440918,89.19419860839844
687.3436279296875,95.16790008544922,56.561100006103516,80.75360107421875
680.8276977539062,96.62590026855469,64.67870330810547,84.66339874267578
677.8314208984375,94.63310241699219,68.27649688720703,79.27149963378906
680.9890747070312,96.84359741210938,64.73930358886719,67.90290069580078
682.827880859375,96.29720306396484,61.814998626708984,62.50979995727539
683.4517211914062,95.94239807128906,60.869300842285156,61.3557014465332
683.4992065429688,96.24400329589844,60.3291015625,60.013999938964844
685.3380126953125,96.16470336914062,56.0255012512207,55.37409973144531
684.3109130859375,94.78209686279297,50.020999908447266,60.240299224853516
689.7662963867188,97.14689636230469,34.65190124511719,52.74909973144531
682.7211303710938,98.720703125,41.34669876098633,48.1172981262207
677.3184204101562,101.71769714355469,51.25740051269531,49.58509826660156
679.6151123046875,104.15650177001953,52.959800720214844,47.860599517822266
675.914306640625,104.94869995117188,55.992801666259766,44.827598571777344
670.3046264648438,103.89399719238281,61.413299560546875,45.57699966430664
663.4224243164062,102.65740203857422,67.85340118408203,47.83869934082031
663.1444702148438,101.90440368652344,69.07720184326172,46.68939971923828
663.73876953125,102.5011978149414,68.20680236816406,46.275001525878906
664.0560913085938,101.73809814453125,67.1697006225586,47.935699462890625
664.0374145507812,101.84410095214844,67.39649963378906,46.8921012878418
664.3682250976562,101.77940368652344,66.07240295410156,48.36370086669922
663.24072265625,102.13670349121094,67.73509979248047,48.51240158081055
662.3087768554688,101.66519927978516,68.27680206298828,47.58679962158203
663.0496826171875,102.22450256347656,68.13269805908203,46.42770004272461
664.0595092773438,102.16439819335938,67.02510070800781,46.27000045776367
663.790283203125,102.59510040283203,67.08209991455078,44.93159866333008
664.2208251953125,101.6333999633789,65.79049682617188,47.65370178222656
664.243408203125,100.1333999633789,65.81189727783203,50.34629821777344
673.7440795898438,99.01200103759766,51.88589859008789,53.911399841308594
675.3339233398438,99.04440307617188,41.582401275634766,56.018699645996094
688.0767822265625,97.86009979248047,41.42179870605469,51.67720031738281
684.9176025390625,97.7938003540039,53.52259826660156,47.04570007324219
685.6538696289062,97.64959716796875,57.46110153198242,55.38850021362305
681.7999267578125,97.98269653320312,60.47869873046875,55.690101623535156
680.2379150390625,98.23819732666016,62.102901458740234,55.38460159301758
682.0040283203125,98.3292007446289,59.05540084838867,52.129798889160156
680.3486938476562,97.88780212402344,60.922698974609375,51.9213981628418
681.2081298828125,98.24250030517578,59.85110092163086,49.77199935913086
680.5230712890625,97.9198989868164,60.94060134887695,50.61249923706055
680.4844970703125,98.61720275878906,60.884498596191406,48.419498443603516
681.2550048828125,98.56009674072266,60.42829895019531,51.166099548339844
681.6785278320312,97.81659698486328,60.40700149536133,55.58679962158203
683.6215209960938,98.0072021484375,58.34130096435547,50.90610122680664
682.27392578125,98.13690185546875,59.98780059814453,50.595699310302734
682.13330078125,97.81179809570312,60.75170135498047,53.55870056152344
683.1768188476562,98.1897964477539,60.541500091552734,51.363800048828125
683.4326782226562,98.32389831542969,60.50859832763672,50.07160186767578
681.877685546875,97.7654037475586,62.791900634765625,55.54010009765625
684.4494018554688,98.31790161132812,60.81629943847656,50.19129943847656
685.3864135742188,97.98539733886719,59.44200134277344,51.120399475097656
684.828125,98.73290252685547,61.37810134887695,50.49980163574219
685.9102783203125,98.55269622802734,61.36790084838867,51.0447998046875
686.2868041992188,98.43930053710938,61.56050109863281,52.2588996887207
689.3646240234375,98.7300033569336,59.650001525878906,50.802799224853516
688.3411254882812,98.88809967041016,62.49420166015625,53.41400146484375
690.905517578125,99.61979675292969,60.6254997253418,51.564701080322266
689.9664916992188,99.84149932861328,63.16749954223633,50.64179992675781
690.8132934570312,102.10160064697266,64.59100341796875,46.25749969482422
694.9381713867188,104.07550048828125,63.490299224853516,46.18730163574219
700.5067749023438,107.185302734375,62.16910171508789,44.59299850463867
706.83642578125,107.927001953125,57.760398864746094,46.6786003112793
709.2374877929688,109.21179962158203,56.5171012878418,45.787200927734375
711.567626953125,110.0614013671875,56.58549880981445,45.88019943237305
714.9586791992188,111.77410125732422,54.040000915527344,43.444000244140625
721.1701049804688,112.4623031616211,49.482601165771484,38.227699279785156
723.0797119140625,113.21759796142578,48.85319900512695,39.038700103759766
728.2183837890625,114.24210357666016,45.78710174560547,36.24509811401367
732.4603881835938,115.25980377197266,43.10770034790039,33.19219970703125
735.0632934570312,116.49189758300781,42.26969909667969,30.309099197387695
739.7188110351562,118.41940307617188,40.427398681640625,27.035900115966797
739.5864868164062,120.158203125,43.227699279785156,30.496200561523438
744.6154174804688,121.66809844970703,40.50189971923828,28.411399841308594
749.8027954101562,123.43219757080078,38.68560028076172,24.95549964904785
750.6123046875,124.7571029663086,40.666900634765625,26.614900588989258
754.8895874023438,126.88150024414062,37.81100082397461,28.72960090637207
745.7479248046875,129.00379943847656,46.23469924926758,33.716400146484375
753.3226928710938,132.1168975830078,39.60940170288086,29.75160026550293
757.5941162109375,134.2113037109375,36.332000732421875,28.337200164794922
762.582275390625,135.51280212402344,32.8307991027832,29.721099853515625
766.5070190429688,136.95570373535156,31.20479965209961,29.265399932861328
770.5192260742188,138.24209594726562,28.916799545288086,28.95560073852539
773.3239135742188,140.177001953125,27.811100006103516,28.14859962463379
775.9528198242188,142.472900390625,26.761199951171875,27.042499542236328
777.2589111328125,144.08189392089844,26.909000396728516,27.704299926757812
773.2932739257812,145.42909240722656,30.360000610351562,27.939599990844727
779.860595703125,146.13389587402344,27.35099983215332,27.84269905090332
773.8217163085938,147.06590270996094,33.673301696777344,28.132699966430664
779.0007934570312,147.67990112304688,31.36870002746582,28.674400329589844
783.0883178710938,148.61590576171875,27.924699783325195,27.67690086364746
783.1962280273438,150.02890014648438,27.4822998046875,26.06049919128418
783.6254272460938,151.8321075439453,26.309099197387695,24.939300537109375
783.4229736328125,152.6676025390625,26.939599990844727,24.305599212646484
783.06787109375,153.86099243164062,27.19540023803711,22.853200912475586
781.5905151367188,153.4783935546875,28.279199600219727,22.309900283813477
778.2545166015625,153.45750427246094,29.212799072265625,22.462400436401367
775.5665283203125,153.9217987060547,29.352500915527344,23.759300231933594
772.41552734375,155.94439697265625,27.96190071105957,22.35580062866211
767.5213012695312,157.84280395507812,29.602500915527344,22.700700759887695
762.3845825195312,160.53390502929688,29.3533992767334,22.94409942626953
756.52587890625,162.73379516601562,25.109899520874023,19.66990089416504
749.8560791015625,164.15240478515625,22.978500366210938,20.66860008239746
739.8062133789062,166.76060485839844,24.37980079650879,19.134599685668945
729.0537109375,172.97860717773438,26.148399353027344,21.001800537109375
720.7949829101562,178.69859313964844,28.16790008544922,23.318099975585938
715.8922119140625,185.8574981689453,32.8557014465332,27.018199920654297
712.1525268554688,192.8822021484375,38.36330032348633,29.668100357055664
712.8159790039062,196.45570373535156,39.102500915527344,30.196800231933594
715.4243774414062,197.68020629882812,39.88249969482422,26.901399612426758
717.0068969726562,196.4528045654297,38.380001068115234,27.884899139404297
716.8438720703125,195.8885955810547,41.513999938964844,29.412700653076172
719.3541259765625,194.0092010498047,39.39820098876953,28.89539909362793
721.5280151367188,193.56179809570312,40.30550003051758,31.083999633789062
724.8060302734375,189.94610595703125,42.4359016418457,31.78059959411621
728.7249145507812,184.8011016845703,42.48210144042969,37.847900390625
735.5714111328125,181.3251953125,41.171199798583984,42.65810012817383
742.6746826171875,178.01449584960938,38.40890121459961,49.5531005859375
750.2719116210938,175.72390747070312,38.51100158691406,51.847801208496094
750.5230712890625,167.05490112304688,49.0890007019043,60.54880142211914
742.5081787109375,164.83999633789062,56.79249954223633,69.43270111083984
731.9644775390625,164.40170288085938,63.87689971923828,62.245399475097656
722.9072265625,164.83810424804688,68.71330261230469,61.275001525878906
719.8530883789062,161.74960327148438,65.56739807128906,63.26729965209961
718.5460205078125,156.57659912109375,60.09370040893555,66.38500213623047
716.6099243164062,154.7725067138672,56.135501861572266,65.94950103759766
714.5493774414062,153.62669372558594,56.30580139160156,64.7916030883789
713.6591796875,151.72169494628906,57.391700744628906,62.2421989440918
712.843017578125,150.4665985107422,53.93299865722656,64.41780090332031
709.3052978515625,149.1490020751953,59.951900482177734,62.81880187988281
706.340576171875,146.75250244140625,61.27669906616211,67.28620147705078
705.9677124023438,145.7097930908203,59.040401458740234,72.00749969482422
704.886474609375,145.4777069091797,61.03129959106445,75.17310333251953
705.8640747070312,149.2584991455078,64.35990142822266,69.61160278320312
709.5632934570312,148.22909545898438,63.600399017333984,72.96810150146484
718.1342163085938,146.37710571289062,57.46780014038086,68.33769989013672
724.8801879882812,143.60549926757812,51.988800048828125,67.66100311279297
732.3698120117188,141.4698028564453,44.53969955444336,64.99099731445312
733.2811279296875,139.91290283203125,43.95539855957031,65.47949981689453
735.1234130859375,137.69590759277344,38.63119888305664,64.68270111083984
735.203125,134.68719482421875,35.34299850463867,67.26239776611328
734.0789184570312,132.8260040283203,35.54930114746094,66.50789642333984
733.8524780273438,131.6627960205078,33.856201171875,64.84559631347656
731.9542236328125,130.2718048095703,35.012298583984375,63.75809860229492
730.3834228515625,127.55819702148438,34.70610046386719,65.99819946289062
728.3565063476562,125.89299774169922,34.17169952392578,66.89689636230469
726.3510131835938,124.03919982910156,33.81330108642578,67.95379638671875
723.1798706054688,123.17630004882812,34.502601623535156,68.20899963378906
721.1505126953125,121.96219635009766,34.76190185546875,66.37789916992188
718.085205078125,120.80020141601562,35.36579895019531,66.54319763183594
714.5570068359375,119.67890167236328,36.09579849243164,67.45680236816406
710.8950805664062,117.77749633789062,34.942298889160156,67.97579956054688
704.5640869140625,116.44979858398438,38.155601501464844,68.79930114746094
694.3408203125,115.11060333251953,44.484100341796875,71.52290344238281
680.6076049804688,115.48370361328125,56.4817008972168,70.6238021850586
669.8251953125,114.8634033203125,64.7311019897461,72.56120300292969
659.080322265625,115.1532974243164,70.14990234375,68.99749755859375
650.049072265625,114.71859741210938,74.85310363769531,70.32839965820312
643.0269165039062,114.37079620361328,75.61669921875,72.72319793701172
634.4243774414062,114.44129943847656,77.10199737548828,72.57869720458984
625.965087890625,114.2968978881836,77.33540344238281,75.03179931640625
617.3082275390625,114.9635009765625,78.5697021484375,74.51210021972656
609.9536743164062,115.61830139160156,76.52369689941406,73.27549743652344
600.9932861328125,116.19819641113281,76.60189819335938,73.24340057373047
592.2999877929688,116.2251968383789,75.80750274658203,72.48989868164062
583.9462280273438,116.6530990600586,79.48619842529297,73.44979858398438
576.0936279296875,116.7405014038086,80.28849792480469,73.5154037475586
570.9813232421875,117.20379638671875,78.91929626464844,75.58529663085938
568.614501953125,115.28589630126953,75.67790222167969,76.98190307617188
570.1436157226562,112.52690124511719,69.24019622802734,81.01010131835938
567.5855102539062,111.75019836425781,64.56529998779297,79.86699676513672
565.8375854492188,110.51180267333984,57.165000915527344,80.2417984008789
563.5631713867188,111.06099700927734,59.79439926147461,75.97779846191406
562.0349731445312,109.73560333251953,56.77080154418945,76.0635986328125
560.0911865234375,109.10209655761719,58.72169876098633,75.97979736328125
559.8792114257812,108.53279876708984,60.0099983215332,75.7166976928711
560.86767578125,106.00569915771484,52.36370086669922,77.90869903564453
563.1262817382812,105.86260223388672,47.26070022583008,74.65709686279297
565.7830810546875,101.72899627685547,42.40890121459961,77.21410369873047
569.9370727539062,101.67569732666016,36.95790100097656,74.32240295410156
576.236572265625,100.96379852294922,30.447099685668945,71.21739959716797
582.082275390625,97.76349639892578,29.28219985961914,71.94670104980469
585.646484375,99.43990325927734,29.100799560546875,68.19090270996094
590.1309814453125,98.85649871826172,26.196800231933594,62.81700134277344
592.3024291992188,96.53630065917969,26.747400283813477,63.922698974609375
