1
474.82110595703125,193.7530975341797,36.83380126953125,28.651199340820312
475.9923095703125,187.64390563964844,33.23870086669922,31.688600540161133
477.2069091796875,178.4542999267578,33.49489974975586,35.182899475097656
471.0292053222656,179.84210205078125,33.22460174560547,32.760398864746094
466.2148132324219,189.77650451660156,35.09629821777344,30.081600189208984
465.3858947753906,193.23800659179688,33.28630065917969,30.030899047851562
460.972412109375,190.77029418945312,33.27579879760742,33.77090072631836
453.5176086425781,187.48410034179688,35.476200103759766,31.398000717163086
437.74798583984375,191.7335968017578,42.783599853515625,31.89579963684082
471.96600341796875,161.8253936767578,38.38850021362305,41.945499420166016
470.569091796875,180.30459594726562,34.698299407958984,47.65660095214844
478.28399658203125,227.77749633789062,30.181699752807617,41.79999923706055
473.6726989746094,222.843505859375,33.127201080322266,39.45539855957031
470.1261901855469,207.01829528808594,34.89149856567383,41.72169876098633
465.3492126464844,211.32530212402344,39.315101623535156,44.19390106201172
455.6482849121094,213.07369995117188,44.154300689697266,48.04840087890625
462.3960876464844,255.87759399414062,39.399200439453125,46.70349884033203
466.7279052734375,282.5823059082031,33.185298919677734,49.72710037231445
471.1518859863281,317.96771240234375,26.55109977722168,54.427799224853516
474.2170104980469,332.5132141113281,21.52989959716797,58.612701416015625
476.9986877441406,333.18341064453125,18.97439956665039,51.210201263427734
464.1929016113281,320.7663879394531,22.430099487304688,54.15169906616211
461.48309326171875,271.67510986328125,27.318500518798828,59.09230041503906
471.1900939941406,222.68260192871094,36.515499114990234,58.936500549316406
475.1588134765625,201.96539306640625,38.306400299072266,64.75140380859375
478.7112121582031,203.99429321289062,40.325401306152344,58.31480026245117
490.3934020996094,190.406005859375,35.850101470947266,51.635799407958984
489.37548828125,195.4219970703125,32.95600128173828,46.06930160522461
480.16290283203125,201.3074951171875,32.528900146484375,50.47209930419922
480.9397888183594,195.67579650878906,25.565399169921875,57.01570129394531
475.36260986328125,194.90499877929688,26.130699157714844,51.649200439453125
481.24310302734375,197.61740112304688,25.43400001525879,43.29899978637695
484.0580139160156,189.30140686035156,22.902099609375,42.03379821777344
486.9403991699219,187.98719787597656,20.777299880981445,40.359798431396484
489.264892578125,182.8083953857422,18.06439971923828,42.52880096435547
487.177001953125,185.4781951904297,19.540700912475586,38.2495002746582
481.464599609375,193.31719970703125,21.930200576782227,37.863800048828125
481.66558837890625,174.41749572753906,18.39590072631836,36.094200134277344
477.8135986328125,174.97549438476562,19.389999389648438,32.59989929199219
474.8478088378906,180.4510955810547,19.36389923095703,30.106800079345703
471.8568115234375,188.24850463867188,22.655799865722656,30.654399871826172
473.39111328125,190.11019897460938,17.956899642944336,26.834800720214844
471.8409118652344,178.88980102539062,15.27560043334961,22.94930076599121
466.2831115722656,173.00599670410156,15.98270034790039,19.729900360107422
464.8174133300781,177.14759826660156,15.126299858093262,23.001699447631836
464.45159912109375,183.32870483398438,15.45259952545166,21.65839958190918
462.16680908203125,192.79209899902344,15.341099739074707,26.05780029296875
462.3288879394531,191.37440490722656,14.928899765014648,28.843900680541992
469.4678955078125,168.02330017089844,13.455900192260742,26.103900909423828
471.7132873535156,168.6887969970703,15.157099723815918,28.31439971923828
473.4147033691406,175.48519897460938,15.512299537658691,24.864599227905273
477.8055114746094,190.4427032470703,14.769499778747559,25.30699920654297
482.1330871582031,200.60299682617188,12.98490047454834,25.638599395751953
483.0956115722656,179.06089782714844,11.89330005645752,21.83060073852539
483.9762878417969,173.1251983642578,11.628100395202637,22.09440040588379
484.3667907714844,176.548095703125,11.370599746704102,23.966999053955078
480.7821044921875,186.04519653320312,13.223400115966797,23.429000854492188
476.6205139160156,179.939697265625,13.697799682617188,23.66670036315918
472.8216857910156,169.17860412597656,12.289899826049805,24.835899353027344
468.50189208984375,169.18580627441406,14.27929973602295,25.51219940185547
465.8251953125,167.50729370117188,14.482799530029297,25.061500549316406
465.1950988769531,166.6759033203125,14.251199722290039,23.340999603271484
463.9934997558594,172.35549926757812,16.33289909362793,20.585599899291992
464.8077087402344,171.6134033203125,16.275999069213867,20.89780044555664
470.14849853515625,171.33270263671875,14.43850040435791,19.263200759887695
475.502685546875,170.8511962890625,14.948200225830078,22.068899154663086
480.7604064941406,170.8065948486328,14.605799674987793,22.47439956665039
480.3110046386719,174.69410705566406,15.916299819946289,25.02120018005371
480.52569580078125,178.69309997558594,15.639900207519531,25.03809928894043
475.25311279296875,177.86459350585938,15.476200103759766,27.53059959411621
468.2650146484375,176.7716064453125,15.259200096130371,25.316499710083008
463.9014892578125,174.70689392089844,15.491999626159668,25.532800674438477
463.347412109375,175.71530151367188,14.576000213623047,29.388599395751953
463.58538818359375,179.1750030517578,14.476300239562988,28.427400588989258
464.4085998535156,183.46560668945312,15.817000389099121,28.05660057067871
469.3497009277344,181.9055938720703,14.690500259399414,30.649499893188477
473.0631103515625,184.43350219726562,17.269800186157227,27.66309928894043
478.4787902832031,178.556396484375,22.80150032043457,26.550800323486328
476.5745849609375,180.4499053955078,17.107999801635742,23.61370086669922
475.9447021484375,185.0843048095703,18.059600830078125,26.130699157714844
472.6622009277344,183.49949645996094,17.720600128173828,28.98539924621582
474.6965026855469,175.28399658203125,16.49650001525879,26.65089988708496
474.1365051269531,183.60279846191406,18.08679962158203,26.512500762939453
474.23309326171875,184.14230346679688,19.11669921875,28.822999954223633
474.43121337890625,183.3415069580078,19.94059944152832,30.78580093383789
475.95361328125,176.9134979248047,19.12529945373535,31.975000381469727
477.1924133300781,178.47079467773438,19.795700073242188,27.55780029296875
476.7620849609375,182.19590759277344,20.93199920654297,25.73310089111328
476.68719482421875,176.0966033935547,20.851200103759766,25.599899291992188
471.1369934082031,156.5146942138672,22.756099700927734,28.817100524902344
470.63330078125,170.7397003173828,21.248699188232422,30.481199264526367
470.677490234375,206.9113006591797,20.78219985961914,37.367698669433594
470.9624938964844,211.81170654296875,20.1825008392334,40.268699645996094
471.9241943359375,207.1262969970703,20.49020004272461,38.20050048828125
470.3454895019531,205.947998046875,20.157800674438477,34.25450134277344
466.8941955566406,210.2667999267578,23.499900817871094,32.28730010986328
467.88690185546875,224.25599670410156,21.32990074157715,32.97610092163086
467.9231872558594,240.34820556640625,21.898500442504883,32.905399322509766
468.3960876464844,253.61000061035156,20.84000015258789,35.53350067138672
469.32879638671875,272.9292907714844,18.660600662231445,38.494300842285156
469.1094970703125,280.1000061035156,18.804100036621094,42.10369873046875
468.5674133300781,284.7077941894531,19.348800659179688,43.30550003051758
467.2684020996094,273.9825134277344,20.126800537109375,45.263099670410156
466.78179931640625,259.3106994628906,20.699600219726562,43.11199951171875
466.5806884765625,220.74009704589844,19.90730094909668,43.38050079345703
466.3446044921875,198.89410400390625,19.28019905090332,41.081600189208984
464.55499267578125,186.9665985107422,21.264999389648438,35.733699798583984
463.7650146484375,186.7292938232422,22.595300674438477,35.38209915161133
464.36468505859375,186.2751007080078,22.265399932861328,35.82600021362305
465.7818908691406,190.58639526367188,23.711000442504883,32.18080139160156
471.8304138183594,188.1125030517578,22.06439971923828,31.072200775146484
481.50738525390625,185.80470275878906,22.509199142456055,29.978300094604492
488.76971435546875,179.4530029296875,21.214599609375,30.344999313354492
490.4646911621094,178.93829345703125,21.4591007232666,33.19070053100586
482.056884765625,175.99159240722656,22.231000900268555,37.039100646972656
475.2732849121094,174.3096923828125,21.070899963378906,39.59260177612305
465.35101318359375,170.89810180664062,19.83530044555664,40.16600036621094
458.7096862792969,169.0260009765625,21.30769920349121,40.932899475097656
456.7904968261719,175.41700744628906,21.60930061340332,35.85319900512695
454.9696044921875,175.4759979248047,21.95840072631836,41.76430130004883
458.9678039550781,174.53070068359375,18.79360008239746,39.71220016479492
459.7742919921875,169.67230224609375,18.99370002746582,40.733699798583984
457.45489501953125,172.50289916992188,20.246200561523438,37.608699798583984
458.7582092285156,170.79379272460938,19.604299545288086,39.15330123901367
460.9591979980469,176.9528045654297,20.649099349975586,34.385501861572266
463.0260925292969,175.54339599609375,19.43000030517578,35.483299255371094
462.8739013671875,174.71949768066406,17.747499465942383,33.085899353027344
462.54949951171875,171.75579833984375,17.03569984436035,31.201499938964844
464.5002136230469,170.18539428710938,15.961700439453125,29.757200241088867
464.42291259765625,169.5518035888672,17.24220085144043,31.643800735473633
464.1238098144531,169.94320678710938,16.975500106811523,30.084299087524414
464.26080322265625,173.72909545898438,17.66309928894043,28.23740005493164
465.04150390625,177.39340209960938,17.940399169921875,24.976699829101562
465.2608947753906,173.1168975830078,18.004600524902344,27.12849998474121
464.7235107421875,171.7313995361328,18.538000106811523,25.235700607299805
465.42718505859375,171.47149658203125,17.941200256347656,26.092599868774414
467.2757873535156,174.23719787597656,17.540300369262695,23.191499710083008
467.18890380859375,175.5012969970703,17.684900283813477,22.01740074157715
467.2391052246094,176.07699584960938,16.65060043334961,24.630699157714844
466.88140869140625,171.80599975585938,14.592399597167969,27.82110023498535
466.8819885253906,163.58700561523438,14.611100196838379,30.422100067138672
466.4372863769531,161.80569458007812,14.510899543762207,31.13909912109375
467.3432922363281,159.97479248046875,13.141799926757812,31.837099075317383
466.17388916015625,166.6446075439453,14.303400039672852,27.97100067138672
