1
188.46620178222656,28.902599334716797,92.408203125,84.931396484375
187.6457977294922,31.03969955444336,93.6011962890625,79.0282974243164
191.3824005126953,29.797500610351562,86.76719665527344,82.22830200195312
188.19329833984375,29.288299560546875,92.07099914550781,83.75029754638672
192.06460571289062,30.86669921875,87.30449676513672,81.74800109863281
192.47869873046875,32.606998443603516,85.47720336914062,78.243896484375
193.6540985107422,33.3031005859375,84.42669677734375,78.01129913330078
196.34170532226562,32.033199310302734,81.18499755859375,84.65059661865234
191.1575927734375,33.29399871826172,86.65869903564453,83.831298828125
189.36959838867188,35.42610168457031,87.22869873046875,80.7426986694336
187.5948028564453,36.86429977416992,89.77490234375,78.97149658203125
183.7510986328125,38.00559997558594,94.841796875,79.15480041503906
182.14320373535156,38.62310028076172,93.4583969116211,75.72239685058594
181.00619506835938,38.7223014831543,95.214599609375,74.88780212402344
177.38580322265625,37.64830017089844,99.66500091552734,77.46929931640625
180.39329528808594,39.72710037231445,93.18099975585938,73.3655014038086
177.61289978027344,39.8848991394043,98.69200134277344,79.4906997680664
180.5648956298828,37.2661018371582,94.66809844970703,81.42040252685547
178.55250549316406,38.51490020751953,96.43080139160156,82.05709838867188
179.7458038330078,40.480201721191406,91.9343032836914,83.09839630126953
176.77439880371094,40.283599853515625,93.0343017578125,102.07640075683594
177.96029663085938,42.91109848022461,88.0022964477539,108.94640350341797
184.464599609375,31.064699172973633,75.01200103759766,117.12319946289062
178.22459411621094,32.41210174560547,83.78040313720703,127.74400329589844
178.3446044921875,37.77330017089844,82.95320129394531,127.65409851074219
178.1750030517578,18.62700080871582,83.82080078125,148.6157989501953
177.89779663085938,18.064599990844727,81.96659851074219,151.56210327148438
181.72109985351562,27.22760009765625,79.08209991455078,142.18580627441406
175.4134063720703,45.269798278808594,87.97899627685547,124.97630310058594
180.84930419921875,40.61840057373047,83.25140380859375,123.26360321044922
178.76780700683594,42.90650177001953,87.51419830322266,126.71790313720703
179.59759521484375,27.68320083618164,85.14289855957031,136.33250427246094
180.30239868164062,42.94779968261719,83.3311996459961,126.96949768066406
180.94329833984375,23.205400466918945,85.86199951171875,144.07179260253906
184.264892578125,42.34320068359375,81.03849792480469,129.81320190429688
181.3238067626953,25.602100372314453,92.30390167236328,123.35900115966797
181.3480987548828,43.01599884033203,89.20459747314453,129.79820251464844
181.87510681152344,28.830799102783203,90.19249725341797,132.40660095214844
187.05740356445312,47.33089828491211,85.61100006103516,115.7061996459961
192.1352996826172,43.419898986816406,83.88089752197266,95.62590026855469
191.23080444335938,45.755699157714844,87.69159698486328,85.55259704589844
202.764892578125,49.40610122680664,75.99490356445312,81.64029693603516
206.48080444335938,49.920501708984375,73.28459930419922,76.57740020751953
206.13870239257812,50.207000732421875,76.13880157470703,70.75420379638672
208.4208984375,50.769901275634766,74.35070037841797,73.89080047607422
214.25599670410156,50.20029830932617,66.3010025024414,70.0011978149414
216.077392578125,50.07820129394531,64.04820251464844,68.67829895019531
212.05520629882812,48.734500885009766,66.47329711914062,70.93810272216797
212.2115020751953,47.89149856567383,64.73899841308594,71.75409698486328
211.8249969482422,47.08599853515625,64.72850036621094,71.75469970703125
210.08399963378906,44.20669937133789,65.1146011352539,75.39129638671875
207.95150756835938,41.810699462890625,65.10559844970703,80.82869720458984
199.28810119628906,41.7765998840332,73.44740295410156,72.29100036621094
198.9969940185547,39.24869918823242,69.5519027709961,77.97219848632812
196.69430541992188,39.91339874267578,71.71499633789062,75.89640045166016
191.4709930419922,37.293701171875,75.42659759521484,79.03569793701172
187.44920349121094,37.93230056762695,80.2219009399414,79.86129760742188
188.3218994140625,38.31050109863281,77.3019027709961,81.72740173339844
182.92649841308594,35.49700164794922,81.90709686279297,89.7958984375
186.5446014404297,36.39889907836914,82.47429656982422,90.57589721679688
186.77029418945312,39.948299407958984,74.94259643554688,82.82759857177734
192.60850524902344,38.60940170288086,67.62670135498047,88.89839935302734
188.54859924316406,36.09389877319336,68.0687026977539,105.06559753417969
181.1844024658203,36.76129913330078,73.2748031616211,104.78980255126953
174.60279846191406,36.02989959716797,78.65750122070312,108.24410247802734
173.80929565429688,33.74620056152344,78.80840301513672,111.84329986572266
176.72019958496094,31.211000442504883,72.07319641113281,111.55259704589844
173.77259826660156,31.563400268554688,72.14189910888672,113.26719665527344
169.6060028076172,33.6859016418457,74.23390197753906,113.28710174560547
166.35569763183594,36.918701171875,73.72019958496094,112.50090026855469
164.09609985351562,36.557899475097656,70.52130126953125,130.47549438476562
157.947998046875,35.35240173339844,71.23780059814453,137.66659545898438
151.4846954345703,36.76250076293945,71.34619903564453,134.4138946533203
140.28570556640625,40.64780044555664,86.10669708251953,117.38680267333984
133.63150024414062,43.82680130004883,90.69450378417969,104.77880096435547
135.5897979736328,43.04930114746094,86.7686996459961,113.86859893798828
144.47669982910156,40.88990020751953,74.1541976928711,118.79029846191406
142.30299377441406,41.71730041503906,74.2688980102539,116.75240325927734
134.0155029296875,49.80849838256836,84.38369750976562,106.28040313720703
127.345703125,49.059898376464844,89.94509887695312,106.7041015625
109.92919921875,48.28379821777344,107.39839935302734,107.71109771728516
101.2770004272461,49.81079864501953,116.58760070800781,109.93219757080078
94.5625991821289,47.097900390625,119.54119873046875,121.63760375976562
128.36509704589844,24.069900512695312,113.41709899902344,124.87529754638672
115.85579681396484,36.40520095825195,115.54640197753906,130.23779296875
93.39199829101562,41.18299865722656,122.90280151367188,131.8717041015625
93.01280212402344,44.105098724365234,130.2971954345703,120.0165023803711
95.61699676513672,41.781898498535156,119.10140228271484,106.78289794921875
131.79739379882812,14.204400062561035,112.81520080566406,117.73470306396484
90.4280014038086,43.65599822998047,129.39889526367188,121.11430358886719
87.60820007324219,40.56760025024414,100.22930145263672,131.977294921875
98.46980285644531,38.707698822021484,77.7655029296875,149.3153076171875
98.59600067138672,40.087501525878906,77.55249786376953,147.19020080566406
100.14620208740234,39.2047004699707,74.9352035522461,152.42340087890625
98.1238021850586,39.02519989013672,75.7802963256836,149.835693359375
100.40480041503906,40.49800109863281,76.7406005859375,156.17489624023438
99.822998046875,36.24689865112305,73.51799774169922,166.60569763183594
101.59629821777344,39.00600051879883,72.04620361328125,158.993896484375
96.1333999633789,41.45539855957031,79.53569793701172,158.5570068359375
93.50080108642578,41.17369842529297,85.99240112304688,161.8404998779297
98.06890106201172,37.706600189208984,77.27549743652344,155.14199829101562
95.49590301513672,40.62260055541992,80.48930358886719,160.3065948486328
97.97419738769531,45.304500579833984,79.6802978515625,160.50900268554688
98.19490051269531,39.631500244140625,76.51519775390625,171.6439971923828
99.37539672851562,39.820098876953125,74.42070007324219,176.7176971435547
102.96050262451172,39.469200134277344,71.4916000366211,176.4031982421875
103.00920104980469,37.98720169067383,75.32520294189453,180.6468963623047
104.6405029296875,37.174800872802734,72.63700103759766,178.49290466308594
105.62300109863281,38.360198974609375,72.89939880371094,177.22239685058594
105.12909698486328,37.36980056762695,75.64089965820312,178.52130126953125
101.30740356445312,37.8047981262207,80.181396484375,173.64039611816406
100.83789825439453,39.62120056152344,80.68949890136719,168.85060119628906
100.01899719238281,39.99079895019531,82.51480102539062,167.72740173339844
99.98400115966797,36.2942008972168,82.83830261230469,177.50100708007812
101.5083999633789,39.4286003112793,80.92320251464844,172.720703125
101.41570281982422,38.896400451660156,80.62020111083984,165.24270629882812
114.36900329589844,36.25,100.02050018310547,162.41879272460938
97.75890350341797,43.4109992980957,129.72760009765625,144.0637969970703
103.81269836425781,37.56060028076172,145.03509521484375,148.41619873046875
99.20099639892578,39.49530029296875,166.9698028564453,133.7476043701172
106.48090362548828,44.48889923095703,202.51339721679688,117.23819732666016
85.72570037841797,43.552799224853516,213.07699584960938,111.8218994140625
99.63040161132812,44.892601013183594,207.7342071533203,119.50599670410156
109.88809967041016,44.23680114746094,195.8719024658203,120.56999969482422
105.33519744873047,45.95790100097656,206.11019897460938,116.56809997558594
94.35379791259766,39.36370086669922,201.8968963623047,122.64029693603516
101.893798828125,41.92129898071289,209.07859802246094,122.26909637451172
109.35070037841797,41.910499572753906,197.7982940673828,117.79810333251953
89.77189636230469,42.51380157470703,213.8134002685547,112.07430267333984
54.4567985534668,41.21659851074219,189.96730041503906,106.94080352783203
102.01830291748047,44.46879959106445,208.17759704589844,115.31210327148438
106.60230255126953,44.58539962768555,209.85150146484375,117.33910369873047
105.69619750976562,44.529998779296875,207.2050018310547,125.1073989868164
108.66539764404297,45.20600128173828,208.99290466308594,121.52639770507812
87.2531967163086,39.338600158691406,192.73849487304688,113.38349914550781
102.14859771728516,43.221099853515625,185.5010986328125,111.83930206298828
108.6500015258789,43.75699996948242,189.768798828125,115.77369689941406
108.80680084228516,44.52450180053711,201.64059448242188,118.10279846191406
100.14630126953125,44.69340133666992,176.0948028564453,99.6874008178711
102.01020050048828,41.786800384521484,168.5906982421875,97.57440185546875
109.88809967041016,40.33720016479492,173.99339294433594,85.08260345458984
136.0146026611328,63.14509963989258,174.39320373535156,99.33619689941406
161.81570434570312,62.55179977416992,151.11390686035156,104.85479736328125
126.82769775390625,45.69580078125,170.01229858398438,116.31449890136719
107.26719665527344,41.44329833984375,183.85009765625,118.13639831542969
109.65570068359375,43.26380157470703,186.31100463867188,112.19180297851562
103.79209899902344,43.26729965209961,203.031494140625,122.3760986328125
106.57849884033203,44.67190170288086,208.2902069091797,114.57879638671875
103.67009735107422,42.418399810791016,207.57130432128906,123.06629943847656
111.67410278320312,39.974700927734375,194.7322998046875,120.01609802246094
108.3843002319336,40.44139862060547,203.13839721679688,117.3324966430664
102.85320281982422,39.11759948730469,208.90460205078125,121.12259674072266
110.26470184326172,39.551300048828125,203.6685028076172,118.70709991455078
105.08270263671875,39.987098693847656,204.27389526367188,120.69400024414062
108.01830291748047,41.612300872802734,209.7819061279297,116.00070190429688
106.17389678955078,43.47140121459961,201.80650329589844,110.86969757080078
112.4749984741211,40.644500732421875,194.0885009765625,119.54949951171875
107.77989959716797,40.682098388671875,196.56539916992188,117.71479797363281
105.9448013305664,42.07979965209961,203.20889282226562,119.13880157470703
109.67939758300781,42.22629928588867,200.30990600585938,118.3865966796875
109.69979858398438,42.04840087890625,190.689697265625,113.28279876708984
107.51319885253906,43.09519958496094,203.98269653320312,123.52169799804688
109.86260223388672,45.39070129394531,196.43150329589844,119.6166000366211
107.31790161132812,43.665401458740234,199.32420349121094,118.67269897460938
111.82260131835938,44.221500396728516,194.94810485839844,117.90470123291016
110.03720092773438,43.05099868774414,193.84930419921875,119.6511001586914
114.22460174560547,32.67649841308594,195.31390380859375,130.7440948486328
107.07859802246094,39.664100646972656,199.28990173339844,120.05249786376953
108.99759674072266,43.69340133666992,203.96080017089844,113.60440063476562
107.45390319824219,42.050201416015625,197.2176055908203,117.92279815673828
111.67500305175781,44.3296012878418,196.84950256347656,118.0979995727539
109.56829833984375,42.48550033569336,191.9781036376953,118.69730377197266
110.35369873046875,43.32849884033203,196.4467010498047,116.47429656982422
108.56739807128906,43.88710021972656,199.493896484375,117.19819641113281
109.47669982910156,45.26359939575195,200.55859375,116.88800048828125
101.83309936523438,46.068199157714844,206.32449340820312,115.90180206298828
109.27570343017578,43.73460006713867,202.04530334472656,118.97589874267578
102.22209930419922,45.31439971923828,204.05479431152344,120.62660217285156
105.38200378417969,43.19499969482422,206.4116973876953,120.5365982055664
99.99299621582031,45.85419845581055,212.62930297851562,123.181396484375
106.92430114746094,44.20750045776367,196.99110412597656,115.14700317382812
107.48470306396484,44.86940002441406,198.49029541015625,110.716796875
104.48419952392578,43.52669906616211,196.08059692382812,107.24530029296875
101.05280303955078,41.6880989074707,200.9613037109375,122.14080047607422
106.7969970703125,42.61589813232422,194.13290405273438,115.47679901123047
100.71430206298828,43.82279968261719,202.2375946044922,110.56610107421875
103.24009704589844,39.29180145263672,196.3433074951172,116.4489974975586
107.99189758300781,42.201499938964844,189.7823944091797,103.23989868164062
100.17510223388672,39.423099517822266,203.9427032470703,119.73899841308594
105.46430206298828,40.02989959716797,201.94479370117188,121.29109954833984
109.32510375976562,30.647199630737305,196.3809051513672,134.1291961669922
104.36389923095703,35.90019989013672,208.24400329589844,133.33380126953125
104.4990005493164,38.881900787353516,201.1020965576172,131.5045928955078
112.75140380859375,42.560298919677734,193.2100067138672,120.89900207519531
103.06060028076172,44.14649963378906,200.2097930908203,126.95780181884766
103.9198989868164,41.95690155029297,202.0489959716797,123.31729888916016
102.14540100097656,44.9900016784668,206.69479370117188,115.6759033203125
98.4446029663086,46.60409927368164,208.53390502929688,118.02639770507812
102.98470306396484,42.999900817871094,204.39540100097656,120.47959899902344
101.56520080566406,43.082698822021484,207.8092041015625,131.30979919433594
110.38030242919922,42.003501892089844,201.98190307617188,130.39419555664062
103.95059967041016,42.341400146484375,202.16079711914062,131.28680419921875
107.24939727783203,36.515499114990234,209.97979736328125,128.0959014892578
100.29759979248047,39.946998596191406,204.73980712890625,121.23480224609375
103.93779754638672,40.934600830078125,204.9844970703125,125.53589630126953
110.29100036621094,14.788700103759766,189.18479919433594,144.1855010986328
106.26730346679688,14.839500427246094,204.01220703125,147.52859497070312
101.34700012207031,21.947500228881836,204.1282958984375,140.418701171875
97.41449737548828,28.06220054626465,211.16079711914062,128.52879333496094
88.7394027709961,26.944499969482422,215.30099487304688,128.03770446777344
82.8772964477539,31.368999481201172,221.07260131835938,123.51249694824219
87.90170288085938,32.164100646972656,222.36819458007812,121.54170227050781
95.9188003540039,29.87190055847168,217.5802001953125,128.4718017578125
89.34190368652344,30.69230079650879,216.96359252929688,127.17369842529297
100.03379821777344,31.413700103759766,205.9322967529297,123.2605972290039
81.80709838867188,37.06700134277344,212.3040008544922,111.42009735107422
82.55719757080078,34.76599884033203,217.2021942138672,120.21589660644531
47.97050094604492,41.69020080566406,242.26710510253906,96.6718978881836
57.97140121459961,35.036800384521484,244.55670166015625,111.61389923095703
29.57509994506836,35.3306999206543,274.0421142578125,113.46839904785156
32.78020095825195,36.50469970703125,277.7832946777344,112.42790222167969
25.077499389648438,36.538700103759766,270.9436950683594,118.04329681396484
65.03369903564453,31.03219985961914,246.5615997314453,120.20539855957031
54.352699279785156,32.08539962768555,252.06019592285156,124.70890045166016
41.027198791503906,27.33930015563965,265.5650939941406,130.26150512695312
38.677398681640625,36.67430114746094,256.0810852050781,119.05729675292969
93.75140380859375,28.398099899291992,218.0885009765625,128.4394073486328
80.18460083007812,35.555599212646484,225.0601043701172,120.96959686279297
77.7677001953125,34.0349006652832,231.285400390625,116.49299621582031
71.49150085449219,34.76750183105469,241.12660217285156,121.15959930419922
65.15360260009766,30.96579933166504,246.42930603027344,121.50679779052734
69.00980377197266,30.32859992980957,244.97860717773438,128.35470581054688
77.98739624023438,29.28569984436035,238.3267059326172,135.58169555664062
82.92030334472656,31.343599319458008,224.02720642089844,139.0131072998047
87.95149993896484,35.870601654052734,221.17599487304688,126.38710021972656
98.2029037475586,35.82590103149414,209.6947021484375,130.49940490722656
100.30680084228516,39.31209945678711,211.76809692382812,121.86910247802734
95.51599884033203,39.850399017333984,209.74600219726562,114.44860076904297
99.29170227050781,29.646799087524414,214.1833038330078,129.74929809570312
103.12999725341797,31.81760025024414,204.41949462890625,124.38690185546875
105.37519836425781,31.847999572753906,206.34539794921875,129.69509887695312
105.9896011352539,35.17620086669922,197.63490295410156,122.76490020751953
124.18170166015625,17.46619987487793,179.60000610351562,139.86599731445312
133.78550720214844,7.802999973297119,163.68780517578125,147.69180297851562
105.26629638671875,16.56570053100586,183.42909240722656,144.7373046875
130.31919860839844,10.946800231933594,144.05929565429688,132.52879333496094
129.7550048828125,5.022500038146973,143.19000244140625,147.9801025390625
134.8455047607422,8.438599586486816,143.0823974609375,149.6118927001953
135.977294921875,7.7718000411987305,149.83590698242188,148.47349548339844
137.92770385742188,5.7382001876831055,162.92230224609375,155.65719604492188
109.65339660644531,17.21150016784668,168.23129272460938,139.0482940673828
138.0406951904297,8.351200103759766,156.39010620117188,146.81320190429688
150.3885040283203,11.264200210571289,131.78390502929688,140.11900329589844
95.97769927978516,50.617801666259766,134.13270568847656,130.5312957763672
96.73370361328125,44.53450012207031,146.57179260253906,138.6833953857422
95.53620147705078,41.36880111694336,164.70599365234375,131.4123992919922
90.86090087890625,42.51409912109375,164.470703125,136.1990966796875
103.56829833984375,34.02669906616211,196.25070190429688,131.51409912109375
103.49079895019531,37.60530090332031,208.8986053466797,132.61439514160156
103.78279876708984,28.12420082092285,211.82080078125,137.8616943359375
106.13600158691406,25.172300338745117,205.24569702148438,141.70480346679688
107.7197036743164,28.985200881958008,204.8137969970703,132.5478057861328
112.14250183105469,19.915199279785156,197.5872039794922,147.6800994873047
107.58789825439453,22.56060028076172,205.4813995361328,144.8188018798828
104.73580169677734,26.33289909362793,203.36639404296875,138.78990173339844
104.08489990234375,30.856399536132812,201.67489624023438,129.42709350585938
104.25420379638672,33.479698181152344,206.76280212402344,137.38229370117188
99.67150115966797,40.270599365234375,209.0113983154297,123.16600036621094
102.29930114746094,43.150299072265625,208.1407928466797,102.69110107421875
99.18209838867188,43.7484016418457,201.09039306640625,93.30290222167969
106.41120147705078,38.44919967651367,193.37429809570312,97.7927017211914
102.08390045166016,40.485599517822266,200.19979858398438,97.54049682617188
99.64569854736328,43.06230163574219,207.09640502929688,98.1885986328125
105.12740325927734,40.22600173950195,198.4423065185547,103.57779693603516
104.39530181884766,42.150001525878906,198.32369995117188,102.63529968261719
104.74639892578125,40.64360046386719,200.75,109.510498046875
108.83090209960938,41.88759994506836,198.93240356445312,108.26750183105469
105.12979888916016,30.569299697875977,200.46359252929688,119.84239959716797
110.83380126953125,33.279701232910156,198.90660095214844,120.506103515625
107.62989807128906,36.980201721191406,194.34080505371094,117.05039978027344
111.99449920654297,38.88570022583008,196.72239685058594,117.50039672851562
108.08570098876953,40.60850143432617,187.214599609375,111.94850158691406
107.80919647216797,41.910400390625,195.78109741210938,111.57050323486328
112.091796875,39.20719909667969,180.03829956054688,110.25469970703125
114.85769653320312,39.58110046386719,176.56910705566406,106.94039916992188
107.2030029296875,40.283199310302734,177.89610290527344,109.06809997558594
111.2761001586914,39.96110153198242,176.24159240722656,111.3468017578125
115.60870361328125,44.196800231933594,171.75830078125,81.75769805908203
108.77169799804688,43.28010177612305,185.38729858398438,73.25080108642578
116.76349639892578,40.52330017089844,172.25950622558594,76.34349822998047
105.36470031738281,46.22209930419922,178.2548065185547,67.3563003540039
103.73179626464844,42.9822998046875,174.37570190429688,72.52449798583984
106.84860229492188,54.261199951171875,209.21420288085938,90.56839752197266
102.8855972290039,48.76810073852539,211.4656982421875,97.99340057373047
100.81330108642578,44.272098541259766,205.1551971435547,109.63839721679688
106.44390106201172,45.99449920654297,194.1103973388672,100.33529663085938
100.84629821777344,46.669498443603516,203.5749053955078,108.10199737548828
106.3385009765625,47.738800048828125,193.08859252929688,107.05180358886719
102.51820373535156,47.65599822998047,205.585693359375,118.05680084228516
104.48200225830078,42.595401763916016,209.4158935546875,122.39250183105469
99.73269653320312,46.635501861572266,207.71209716796875,112.80770111083984
104.87889862060547,45.23080062866211,204.9965057373047,113.42440032958984
99.9448013305664,41.02880096435547,211.49319458007812,120.12030029296875
106.0009994506836,40.975799560546875,199.66650390625,116.7739028930664
101.73470306396484,39.122100830078125,203.1947021484375,123.61799621582031
108.44889831542969,39.00410079956055,193.18930053710938,125.12480163574219
104.62580108642578,43.01539993286133,201.9971923828125,121.25479888916016
101.6603012084961,43.72999954223633,204.9501953125,115.79879760742188
104.76850128173828,41.96310043334961,199.52439880371094,115.43560028076172
102.49019622802734,39.27410125732422,201.2825927734375,120.23690032958984
103.74579620361328,35.9739990234375,200.1855010986328,129.68089294433594
106.34700012207031,18.302200317382812,191.7884979248047,141.00169372558594
112.6958999633789,21.99250030517578,190.83779907226562,139.0850067138672
98.20659637451172,28.82710075378418,201.26390075683594,129.79449462890625
101.5458984375,37.85020065307617,197.42550659179688,122.97239685058594
101.22949981689453,29.856800079345703,202.18890380859375,131.02529907226562
101.8031005859375,31.599199295043945,190.72259521484375,131.15589904785156
103.6332015991211,36.79869842529297,192.52389526367188,122.41889953613281
104.9613037109375,37.82279968261719,195.84890747070312,124.39990234375
114.14790344238281,40.02790069580078,187.19920349121094,119.95659637451172
121.1187973022461,29.733999252319336,174.90789794921875,127.56439971923828
122.18470001220703,35.69110107421875,176.96929931640625,129.2845001220703
112.65080261230469,39.38090133666992,187.09010314941406,125.82589721679688
116.92659759521484,32.16809844970703,186.06320190429688,126.16739654541016
104.56780242919922,35.85329818725586,196.1510009765625,127.0906982421875
