1
237.1152,157.5914,33.1416,77.6883
237.2115,159.5387,31.6538,77.8458
231.8646,162.3852,32.6277,73.1784
233.5173,166.8116,33.2306,75.4327
234.3977,171.3537,31.8372,74.2422
233.5115,179.1962,29.8873,77.2429
220.0544,186.0980,31.9572,74.4302
226.1120,204.5605,33.8921,67.4442
253.4247,216.2889,39.2967,76.0435
268.0993,245.7510,33.0066,71.8654
265.7750,281.6030,26.4547,68.4047
252.7545,284.2982,21.3477,64.1047
238.5639,291.4134,26.1185,65.9797
219.1493,300.7049,33.3074,73.1757
192.7801,296.0626,35.2052,69.6405
2
0
0
0
0
1
52.1009,265.9513,73.3084,64.4299
36.3837,259.5806,70.0582,64.7618
45.2326,248.0278,68.5013,61.3270
33.1213,237.4473,74.5391,55.4956
105.3582,236.4649,90.2508,55.9875
153.4274,242.2971,93.6553,66.9533
185.7348,247.2170,89.4300,66.8095
212.4935,256.4781,82.2991,60.5653
219.4254,252.5528,80.4685,64.2820
226.4372,260.6078,78.5584,58.8021
232.9692,266.4438,80.0837,55.8512
241.8258,273.5107,75.1946,54.9792
246.6811,276.3873,75.0450,53.3234
254.8181,280.5306,84.3817,53.9287
265.8512,283.7028,78.8533,52.9767
282.0383,285.9725,77.6780,55.3420
301.2614,292.5562,82.3115,55.7447
318.9549,296.8069,82.8667,53.6181
329.5166,302.7037,83.0506,56.9290
330.3384,306.6134,81.9823,57.5905
325.4695,312.0397,83.3894,54.7836
344.0719,318.9532,85.1480,58.2748
369.9243,334.1414,84.9475,61.6819
361.5406,331.4181,88.1780,62.5061
359.4367,320.7928,88.6426,66.7063
368.6335,328.6967,89.4049,63.6089
388.8827,335.1020,90.7996,68.4113
403.9011,338.5497,92.7639,68.0089
416.6867,339.2987,93.6578,69.6222
428.0800,351.6561,97.3181,77.9780
433.8424,358.5625,95.3024,74.3371
407.2249,338.0703,89.8078,85.7736
387.0648,326.7664,83.8904,75.0131
378.5415,302.8347,82.4711,74.7542
364.1092,289.7099,81.9374,74.1441
355.9014,280.2225,85.0231,70.8514
336.1985,277.6577,84.7905,64.4893
320.8152,271.0953,83.4733,63.6771
301.9736,266.3892,83.4533,63.2323
284.4336,263.6593,84.0875,60.7656
277.0211,256.7123,82.8269,59.0347
260.5478,244.9743,82.9344,61.6257
236.9622,229.7797,87.5981,61.4246
223.8107,215.7068,88.9603,64.9700
210.2841,207.2810,87.7476,64.7483
193.8694,198.9238,85.2605,66.8545
165.7139,183.8802,86.3788,68.7656
143.5127,168.6703,89.4060,72.3663
124.2803,163.5084,88.5002,69.1402
120.6376,157.8071,82.7656,70.5179
111.5482,143.2489,83.4016,72.2667
97.8402,133.3139,90.4108,77.4358
90.4197,141.8295,83.1706,78.4888
100.1096,157.9405,83.3827,78.6621
117.9006,188.6544,81.5107,79.0246
119.5948,187.4678,79.7714,75.8988
118.9581,168.0424,76.5056,79.6706
113.0985,169.6357,81.3603,79.1372
115.0455,184.4028,86.9371,79.5334
119.1903,204.4161,87.2683,81.4220
131.0902,219.3035,89.7528,80.9145
161.5908,231.7526,88.9935,79.3376
192.8527,227.0157,86.8936,94.0180
218.1371,239.5227,76.1724,88.8872
2
0
0
0
0
1
136.2130,64.5728,63.7364,79.2884
139.9490,70.8127,72.4725,77.4633
148.2234,73.4467,67.5151,78.0624
151.9053,72.9329,63.7693,77.2023
153.5942,73.0447,63.8315,79.6448
164.6742,76.8064,59.9854,74.2064
181.8413,76.1920,60.7723,77.7267
191.0704,74.3215,55.3626,72.6782
189.6991,74.4074,49.2757,66.0610
185.3181,69.5597,45.8626,68.3307
179.0154,71.3473,45.4506,67.4617
174.8071,71.8820,46.6144,65.2611
151.4986,72.4934,55.9521,67.0083
132.8312,74.6051,55.2918,71.1198
121.6495,85.7688,57.8751,68.4789
116.8930,89.4375,60.1192,71.3432
103.8774,101.7101,64.9922,75.5278
98.1203,113.3828,62.9435,73.9416
94.6496,114.5204,60.1882,73.7321
91.1423,114.0171,63.7766,75.0184
94.5794,127.4420,62.6881,76.6457
92.0667,131.2810,67.5894,79.3682
90.9456,132.6771,69.7655,83.1030
97.9414,130.3338,74.4439,82.9760
109.3721,122.8021,68.8609,80.3881
107.4272,119.4874,64.9205,76.1627
101.8348,115.2136,62.5546,74.3979
100.5205,104.9489,58.2494,70.9655
