1
m334,125,26,46,0,1196
m334,125,25,48,0,1200
m333,126,25,48,0,1200
m332,127,26,48,0,1248
m333,127,25,49,0,1225
m333,128,23,47,0,1081
m332,129,22,47,0,1034
m331,130,26,45,0,1170
m329,134,32,41,0,1312
m328,136,34,42,0,1428
m330,135,31,43,0,1333
m329,135,28,42,0,1176
m329,133,24,44,0,1056
m330,134,23,43,0,989
m329,133,24,42,0,1008
m329,131,23,44,0,1012
m329,132,24,42,0,1008
m328,130,25,42,0,1050
m327,131,26,42,0,1092
m328,130,26,44,0,1144
m329,130,25,45,0,1125
m329,131,24,46,0,1104
m329,132,25,46,0,1150
m329,132,26,47,0,1222
m328,132,30,49,0,1470
m328,133,32,50,0,1600
m322,117,41,66,0,2706
m323,130,43,54,0,2322
m321,133,45,49,0,2205
m318,134,50,49,0,2450
m317,134,53,45,0,2385
m313,134,57,46,0,2622
m313,133,59,47,0,2773
m311,134,62,45,0,2790
m310,137,64,42,0,2688
m306,136,70,42,0,2940
m309,135,70,42,0,2940
m315,134,65,42,0,2730
m316,135,62,39,0,2418
m313,135,65,40,0,2600
m306,135,70,42,0,2940
m307,134,69,40,0,2760
m305,134,69,40,0,2760
m307,133,67,39,0,2613
m290,98,80,72,0,5760
m454,36,45,59,0,2655
m451,34,45,63,0,2835
m446,34,49,67,0,3283
m443,37,50,66,0,3300
m439,34,52,71,0,3692
m438,34,52,74,0,3848
m438,33,50,78,0,3900
m436,38,50,75,0,3750
m432,42,54,71,0,3834
m431,47,52,69,0,3588
m427,47,55,73,0,4015
m423,54,55,69,0,3795
m420,59,53,70,0,3710
m417,60,53,70,0,3710
m414,64,53,69,0,3657
m412,65,53,71,0,3763
m408,69,53,71,0,3763
m406,69,52,74,0,3848
m400,70,53,77,0,4081
m389,71,58,78,0,4524
m463,39,68,87,0,5916
m457,19,51,39,0,1989
m458,19,46,41,0,1886
m458,18,47,42,0,1974
m457,17,49,44,0,2156
m459,17,46,44,0,2024
m461,19,43,42,0,1806
m461,21,41,43,0,1763
m463,20,39,45,0,1755
m466,18,36,49,0,1764
m470,17,33,50,0,1650
m474,16,26,52,0,1352
m476,12,24,59,0,1416
m481,18,19,59,0,1121
m483,21,17,53,0,901
m483,21,17,54,0,918
m482,23,17,55,0,935
m480,27,18,51,0,918
m478,30,19,49,0,931
m476,31,21,50,0,1050
m475,34,22,48,0,1056
m474,34,22,47,0,1034
m473,34,22,49,0,1078
m472,34,23,50,0,1150
m470,41,24,45,0,1080
m468,43,25,44,0,1100
m466,42,26,47,0,1222
m464,43,27,48,0,1296
m463,44,28,48,0,1344
m462,44,29,49,0,1421
m461,45,29,48,0,1392
m459,42,30,52,0,1560
m455,46,30,50,0,1500
m442,47,41,53,0,2173
m398,65,86,61,0,5246
m305,182,58,77,0,4466
m303,189,56,85,0,4760
m298,189,56,94,0,5264
m297,194,53,99,0,5247
m295,194,53,103,0,5459
m392,83,86,52,0,4472
m394,78,82,57,0,4674
m388,81,88,56,0,4928
m381,84,95,53,0,5035
m378,87,99,51,0,5049
m373,88,106,52,0,5512
m370,89,112,51,0,5712
m367,92,107,49,0,5243
m365,91,117,52,0,6084
m362,95,123,49,0,6027
m395,100,90,46,0,4140
m401,103,82,44,0,3608
m401,103,83,47,0,3901
m404,106,84,44,0,3696
m350,108,48,46,0,2208
m346,113,48,43,0,2064
m342,115,48,44,0,2112
m340,116,47,44,0,2068
m338,116,47,47,0,2209
m336,119,48,47,0,2256
m335,121,48,47,0,2256
m334,122,49,47,0,2303
m332,127,49,44,0,2156
m331,130,44,43,0,1892
m328,129,45,46,0,2070
m326,128,46,48,0,2208
m323,127,47,49,0,2303
m318,129,49,48,0,2352
m316,131,46,47,0,2162
m313,133,46,47,0,2162
m310,133,46,47,0,2162
m307,137,48,47,0,2256
m303,138,51,49,0,2499
m301,141,52,50,0,2600
m299,144,52,52,0,2704
m298,148,51,51,0,2601
m295,152,51,50,0,2550
m293,155,53,49,0,2597
m291,159,52,50,0,2600
m286,163,52,51,0,2652
m281,176,43,43,0,1849
m274,176,48,47,0,2256
m270,183,47,40,0,1880
m265,187,47,42,0,1974
m263,188,47,41,0,1927
m260,191,48,42,0,2016
m261,190,50,45,0,2250
m258,192,51,47,0,2397
m199,199,60,49,0,2940
m183,201,52,46,0,2392
m181,198,55,52,0,2860
m180,194,52,55,0,2860
m179,198,50,50,0,2500
m177,193,57,57,0,3249
m177,198,53,51,0,2703
m178,195,52,55,0,2860
m179,194,51,55,0,2805
m179,195,52,54,0,2808
m179,195,53,55,0,2915
m179,196,54,55,0,2970
m179,197,54,53,0,2862
m178,197,55,54,0,2970
m177,197,56,54,0,3024
m178,199,55,53,0,2915
m178,200,54,52,0,2808
m178,199,55,53,0,2915
m177,199,56,54,0,3024
m178,198,55,55,0,3025
m177,200,55,54,0,2970
m177,200,53,54,0,2862
m177,200,53,54,0,2862
m178,199,53,55,0,2915
m177,200,52,54,0,2808
m177,197,53,57,0,3021
m176,200,54,55,0,2970
m177,198,52,58,0,3016
m177,196,51,59,0,3009
m177,198,51,58,0,2958
m175,202,53,53,0,2809
m176,203,52,54,0,2808
m176,205,53,51,0,2703
m175,207,53,49,0,2597
m176,209,51,48,0,2448
m175,210,49,47,0,2303
m175,211,49,47,0,2303
m175,212,49,45,0,2205
m175,212,49,46,0,2254
m175,211,50,47,0,2350
m175,212,50,47,0,2350
m176,210,49,47,0,2303
m176,211,49,46,0,2254
m176,210,49,48,0,2352
m176,210,50,48,0,2400
m176,210,51,47,0,2397
m178,208,51,48,0,2448
m180,205,52,51,0,2652
m183,204,51,51,0,2601
m186,200,49,54,0,2646
m186,198,51,53,0,2703
m186,195,52,56,0,2912
m187,194,50,54,0,2700
m187,193,50,55,0,2750
m186,192,50,55,0,2750
m186,190,48,57,0,2736
