1
m891,212,17,13,0,221
m906,207,17,13,0,221
m921,202,17,14,0,238
m936,197,17,14,0,238
m951,191,17,14,0,238
m964,184,17,14,0,238
m976,177,17,14,0,238
m989,171,15,14,0,210
m999,166,16,15,0,240
m1011,164,16,15,0,240
m1023,162,16,14,0,224
m1034,160,16,15,0,240
m1044,161,16,15,0,240
m1053,167,15,15,0,225
m1060,172,15,15,0,225
m1066,172,15,15,0,225
m1072,167,15,15,0,225
m1074,159,16,15,0,240
m1078,150,15,16,0,240
m1081,143,15,15,0,225
m1083,136,16,16,0,256
m1086,132,16,15,0,240
m1088,127,15,15,0,225
m1089,121,15,15,0,225
m1091,118,15,15,0,225
m1093,116,15,16,0,240
m1096,114,15,14,0,210
m1098,107,14,14,0,196
m1101,95,14,14,0,196
m1101,81,16,16,0,256
m1103,74,17,16,0,272
m1107,72,16,17,0,272
m1112,68,16,16,0,256
m1116,60,16,17,0,272
m1121,54,16,16,0,256
m1128,50,15,16,0,240
m1133,48,16,16,0,256
m1139,44,16,17,0,272
m1144,41,16,16,0,256
m1151,40,16,17,0,272
m1156,39,18,17,0,306
m1162,38,17,17,0,289
m1168,36,16,16,0,256
m1173,34,16,16,0,256
m1180,37,16,15,0,240
m1186,39,17,15,0,255
m1192,44,16,13,0,208
m1199,48,16,14,0,224
m1205,54,18,14,0,252
m1211,66,16,14,0,224
m1217,81,16,13,0,208
m1222,97,18,12,0,216
m1228,112,17,11,0,187
m1231,127,20,10,0,200
m1236,143,21,10,0,210
m1240,159,20,10,0,200
m1243,175,21,9,0,189
m1247,191,21,9,0,189
m1250,207,23,9,0,207
m1254,228,22,9,0,198
m1256,247,23,9,0,207
m1258,266,20,9,0,180
m1256,281,22,9,0,198
m1256,293,22,9,0,198
m1255,301,23,9,0,207
m1252,306,25,9,0,225
m1251,310,26,9,0,234
m1247,313,24,9,0,216
m1243,316,23,9,0,207
m1238,319,25,9,0,225
m1233,324,23,9,0,207
m1225,330,23,9,0,207
m1218,337,22,10,0,220
m1209,346,25,9,0,225
m1201,353,24,10,0,240
m1193,364,23,11,0,253
m1184,373,23,11,0,253
m1175,381,24,11,0,264
m1166,392,22,9,0,198
m1158,401,23,12,0,276
m1148,413,20,11,0,220
m1139,426,21,11,0,231
m1131,436,21,11,0,231
m1124,443,22,12,0,264
m1119,445,24,13,0,312
m1114,449,21,14,0,294
m1109,455,21,14,0,294
m1104,459,22,13,0,286
m1100,463,20,13,0,260
m1096,466,21,14,0,294
m1092,467,23,13,0,299
m1091,465,20,15,0,300
m1089,462,22,14,0,308
m1088,459,20,13,0,260
m1087,457,20,12,0,240
m1085,451,21,15,0,315
m1082,448,22,15,0,330
m1079,447,22,15,0,330
m1074,448,22,14,0,308
m1071,446,20,14,0,280
m1066,444,20,13,0,260
m1058,445,22,14,0,308
m1052,447,20,13,0,260
m1048,446,19,13,0,247
m1041,445,20,13,0,260
m1035,445,21,12,0,252
m1030,443,21,12,0,252
m1023,438,23,14,0,322
m1018,434,24,13,0,312
m1015,430,23,13,0,299
m1012,428,21,13,0,273
m1008,423,22,15,0,330
m1001,422,22,13,0,286
m995,420,22,13,0,286
m992,417,22,14,0,308
m988,418,22,14,0,308
m983,418,21,13,0,273
m977,417,23,14,0,322
m975,420,21,12,0,252
m968,420,23,12,0,276
m968,421,20,10,0,200
m960,417,24,12,0,288
m959,415,21,11,0,231
m953,411,25,11,0,275
m951,408,24,10,0,240
m949,404,23,10,0,230
m941,399,30,11,0,330
m942,394,25,12,0,300
m943,389,23,10,0,230
m944,382,21,11,0,231
m940,374,22,11,0,242
m939,369,23,11,0,253
m936,365,23,11,0,253
m935,360,26,12,0,312
m932,354,31,14,0,434
m936,349,28,15,0,420
m920,348,23,14,0,322
m915,350,26,15,0,390
m913,348,29,16,0,464
m912,344,21,15,0,315
m910,339,22,15,0,330
m906,334,25,13,0,325
m899,332,25,12,0,300
m894,330,26,9,0,234
m888,329,27,9,0,243
m883,326,27,10,0,270
m880,326,24,10,0,240
m872,326,27,9,0,243
m867,326,27,11,0,297
m859,328,28,12,0,336
m852,330,28,11,0,308
m847,330,27,12,0,324
m840,328,27,13,0,351
m833,327,27,13,0,351
m825,325,27,13,0,351
m818,326,28,12,0,336
m810,328,27,13,0,351
m802,332,26,12,0,312
m795,336,27,12,0,324
m788,338,26,11,0,286
m783,339,24,11,0,264
m777,338,24,11,0,264
m768,335,24,14,0,336
m763,330,25,18,0,450
m758,326,23,17,0,391
m752,326,25,13,0,325
m747,323,20,11,0,220
m743,319,20,9,0,180
m737,312,25,10,0,250
m732,303,26,13,0,338
m728,295,25,13,0,325
m724,287,25,13,0,325
m720,281,23,13,0,299
m714,274,24,14,0,336
m711,269,22,14,0,308
m707,263,23,15,0,345
m704,258,21,17,0,357
m700,252,21,18,0,378
m697,249,21,18,0,378
m693,245,20,17,0,340
m688,242,22,19,0,418
m687,238,20,20,0,400
m684,236,20,20,0,400
m680,233,22,21,0,462
m677,231,22,21,0,462
m674,230,21,21,0,441
m670,228,21,21,0,441
m666,225,21,23,0,483
m661,223,22,22,0,484
m655,220,24,20,0,480
m651,218,22,20,0,440
m645,217,23,20,0,460
m640,216,21,20,0,420
m632,216,23,20,0,460
m626,216,22,23,0,506
m616,216,25,22,0,550
m610,216,25,20,0,500
m603,215,24,20,0,480
m596,214,24,20,0,480
m588,212,25,22,0,550
m580,212,24,20,0,480
m573,212,23,20,0,460
m564,211,22,20,0,440
m556,211,22,20,0,440
m548,210,23,20,0,460
m541,210,23,19,0,437
m535,210,22,21,0,462
m528,211,22,21,0,462
m524,212,19,19,0,361
m517,213,21,20,0,420
m512,213,21,20,0,420
m507,213,21,20,0,420
m502,214,21,21,0,441
m497,214,25,21,0,525
m495,214,20,21,0,420
m490,214,21,23,0,483
m489,217,20,21,0,420
m485,217,20,22,0,440
m481,219,20,21,0,420
m480,224,21,20,0,420
m477,226,28,19,0,532
m474,229,23,21,0,483
m472,234,19,21,0,399
m469,237,20,21,0,420
m467,240,20,21,0,420
m466,243,21,21,0,441
m464,248,19,21,0,399
m461,253,21,20,0,420
m462,256,19,20,0,380
m460,258,21,21,0,441
m460,259,21,21,0,441
m459,263,20,20,0,400
m457,265,22,20,0,440
m458,269,21,20,0,420
m457,272,22,20,0,440
m459,275,22,20,0,440
m459,280,21,18,0,378
m460,283,21,19,0,399
m462,286,22,19,0,418
m463,289,22,18,0,396
m464,292,22,17,0,374
m465,294,23,18,0,414
m467,297,22,17,0,374
m470,300,21,16,0,336
m472,302,21,18,0,378
m472,304,24,17,0,408
m474,305,22,16,0,352
m473,306,23,17,0,391
m475,311,25,16,0,400
m474,315,24,17,0,408
m473,319,24,13,0,312
m474,315,24,20,0,480
m496,298,28,20,0,560
m498,293,35,18,0,630
m463,313,30,25,0,750
m487,261,38,26,0,988
m471,296,32,21,0,672
m491,256,48,32,0,1536
m480,281,32,22,0,704
m486,264,69,11,0,759
m491,267,48,13,0,624
m527,232,45,23,0,1035
m503,257,29,19,0,551
m527,209,14,10,0,140
m536,206,13,9,0,117
m545,203,13,9,0,117
m554,199,12,9,0,108
m564,196,12,9,0,108
m574,193,12,9,0,108
m556,186,40,15,0,600
m566,185,29,19,0,551
m577,201,38,35,0,1330
m594,222,29,17,0,493
m606,221,30,17,0,510
m616,213,34,23,0,782
m621,212,39,26,0,1014
m587,285,25,14,0,350
m587,292,35,25,0,875
m595,284,36,36,0,1296
m604,277,35,42,0,1470
m611,273,39,34,0,1326
m619,226,37,83,0,3071
m618,265,37,43,0,1591
m630,261,30,29,0,870
m602,239,56,37,0,2072
m638,251,27,20,0,540
m601,232,22,18,0,396
m605,221,36,22,0,792
m650,238,22,18,0,396
m654,234,23,18,0,414
m619,213,22,18,0,396
m623,212,21,13,0,273
m626,207,22,19,0,418
m639,192,28,62,0,1736
m679,213,31,16,0,496
m654,181,29,20,0,580
m649,182,29,24,0,696
m656,182,24,20,0,480
m662,182,27,32,0,864
m710,195,22,14,0,308
m714,190,21,14,0,294
m720,187,19,13,0,247
m691,214,20,11,0,220
m677,194,22,15,0,330
