1
m501,279,82,40,4,19,62,38,44,41,40,46,36,49,33,53,29,56,26,61,20,66,16,70,11,74,8,75,7,76,6,76,6,77,5,78,4,79,3,81,1,81,1,1148,1,81,1,81,2,80,2,80,2,80,3,78,4,76,3
m506,280,81,43,3,45,35,50,31,57,23,62,19,64,17,67,14,69,12,71,10,72,9,73,8,74,7,74,7,75,6,75,6,76,4,77,4,77,4,78,3,78,3,78,3,78,3,78,3,78,3,78,3,78,3,78,3,78,3,78,3,78,3,79,2,79,2,80,1,80,1,324,1,80,1,80,2,78,3,77,5,69,13,39,38
m510,280,80,43,12,34,38,51,27,58,21,62,18,64,15,66,14,68,12,69,11,70,10,71,9,71,9,72,8,72,8,72,8,73,7,73,7,73,8,72,8,72,8,72,8,72,8,73,7,73,7,73,7,73,7,74,6,74,6,75,5,76,4,77,3,78,2,79,1,79,1,79,1,79,1,79,1,79,1,79,2,78,2,78,2,77,4,67,14,58,18
m512,278,79,48,23,20,51,36,38,46,31,49,27,53,24,56,22,59,19,61,17,63,16,64,15,65,14,65,14,66,13,66,13,67,12,68,11,70,10,71,8,72,7,73,7,72,7,73,6,74,5,75,5,75,4,76,4,75,5,74,5,74,5,74,6,73,6,73,6,73,6,73,6,73,6,73,7,72,7,72,7,72,8,71,8,71,8,71,8,71,9,66,14,42,38,37,44,27,54,21,43
m513,277,72,48,23,1,8,1,57,25,42,33,36,37,33,40,30,43,28,47,23,51,20,54,17,59,12,63,9,67,5,69,3,70,2,70,3,69,3,69,3,69,4,68,4,68,4,68,5,68,4,68,5,67,5,67,6,66,6,66,7,65,7,65,8,64,9,63,9,63,10,62,11,61,12,61,12,60,13,59,13,59,14,58,15,56,16,55,17,49,24,47,25,41,31,38,35,31,2,1,39,28,47,24,27
m523,274,46,45,40,2,16,13,12,3,3,2,11,18,9,2,15,23,6,7,9,26,4,8,6,30,1,9,5,42,4,42,4,42,3,43,2,44,2,44,1,45,1,274,1,45,1,45,2,44,3,43,3,43,4,42,4,42,5,41,5,41,5,41,6,40,6,39,8,38,8,38,9,37,10,35,12,34,13,31,16,30,17,28,19,26,22,23,24,22,27,18,29,17,31,14,10
m526,267,49,51,34,4,45,6,42,8,40,9,40,10,38,12,37,12,16,8,13,12,14,13,8,15,11,37,11,39,9,40,8,41,7,42,6,43,6,43,6,43,6,43,5,45,4,45,4,45,4,45,4,45,4,46,3,46,3,46,3,46,3,46,3,46,4,45,4,46,3,46,3,46,4,45,4,46,3,46,4,46,3,46,4,45,5,44,6,43,6,43,7,42,9,40,10,39,14,35,17,32,20,29,22,27,24,24,27,19,4
m519,267,57,48,37,1,1,2,52,7,49,9,47,11,45,12,45,13,44,13,44,14,20,2,1,2,17,15,16,14,11,17,13,21,4,19,12,46,10,47,10,48,8,50,7,50,7,51,5,52,5,53,4,53,4,54,3,54,3,55,2,56,1,56,2,55,2,56,1,56,2,55,3,54,4,53,5,52,6,51,7,50,8,49,8,49,9,48,10,47,11,46,14,43,16,41,17,40,20,37,24,33,27,30,30,27,32,25,34,23
m516,272,64,43,36,10,53,13,51,14,50,15,48,17,46,19,44,21,42,22,15,18,9,23,13,21,6,25,11,54,10,54,9,56,8,57,7,58,5,59,5,60,5,59,5,60,4,61,3,62,2,62,2,63,2,62,3,61,4,60,5,59,7,57,9,55,11,53,12,52,15,49,18,46,20,44,22,42,26,38,29,35,32,32,37,27,40,24,42,22,44,19,47,14,4
m516,278,66,30,32,11,54,15,50,22,43,25,40,28,37,30,29,2,1,35,20,47,13,55,8,59,5,63,3,64,1,65,1,65,1,462,1,65,2,64,3,63,5,61,7,59,12,54,19,46,27,38,33,32,3
m515,277,69,27,44,1,53,27,40,34,33,39,28,42,25,45,21,49,18,52,15,54,12,58,7,62,4,65,3,66,2,67,2,67,1,68,1,68,1,413,1,68,2,66,6,63,12,56,2
m514,272,70,30,41,19,46,26,39,33,33,39,28,43,25,46,22,49,20,50,18,52,16,55,14,56,14,56,13,57,12,58,10,60,4,66,2,68,1,699,1,69,1,69,3,65,2
m508,266,72,35,56,1,64,12,54,21,47,28,41,32,38,34,36,37,32,40,30,42,27,46,24,48,22,50,20,53,17,55,15,58,13,59,11,61,9,63,8,64,7,65,5,67,4,68,3,69,2,70,2,70,2,70,1,71,1,358,1,69,4,64,10,55,14
m497,263,71,37,52,11,52,24,44,28,40,31,38,33,36,35,34,38,30,41,28,43,25,46,23,49,20,51,18,53,17,54,16,55,14,57,11,60,9,62,8,63,6,65,5,66,4,67,3,68,2,69,2,69,1,70,1,563,4,62,9,58,13,51,20
m486,260,72,41,50,14,54,20,49,24,45,27,41,32,37,35,35,37,33,39,31,41,30,43,27,46,23,49,20,53,16,56,14,59,11,61,9,63,8,64,7,65,6,66,5,67,4,68,3,69,3,69,2,70,2,70,1,71,1,574,1,71,2,69,3,67,5,60,13,56,17,49,20
m471,258,68,42,40,24,42,27,37,31,36,33,31,37,28,40,25,43,22,46,19,49,18,50,16,53,12,56,11,57,9,60,6,62,5,63,3,65,2,66,1,882,1,66,2,66,2,65,4,63,5,61,7,58,11,55,14,51,17,47,22,43,26,34,29
m464,253,61,42,31,20,36,28,30,33,23,39,17,45,13,49,10,51,8,53,7,54,6,55,5,57,3,58,2,59,2,59,2,60,1,304,1,121,1,60,1,60,1,60,1,60,1,60,1,60,1,365,1,60,1,59,3,57,4,55,7,52,9,48,14,43,20,37,18
m463,247,47,47,17,16,26,25,20,29,16,32,14,34,13,34,12,35,11,36,10,37,10,37,9,38,9,38,9,38,8,40,7,40,7,40,7,40,7,40,6,41,6,41,6,41,6,42,5,42,5,44,3,45,2,45,1,46,1,564,1,46,1,46,2,45,2,44,4,41,6,34,14,32,17,22,19
m461,242,36,48,18,9,24,15,19,19,16,21,14,23,13,24,11,25,10,26,10,27,8,28,8,28,7,29,7,29,6,30,6,30,6,30,5,31,5,31,4,32,4,32,4,32,3,33,3,33,3,32,4,33,2,33,3,34,2,33,3,33,2,34,1,35,1,35,1,35,1,35,1,35,1,35,1,35,2,35,1,35,2,33,3,33,4,32,4,32,5,31,6,30,7,25,14,21,19,16,7
m468,237,29,47,17,4,22,9,18,14,14,16,13,17,12,17,11,18,11,19,9,20,9,20,9,20,9,20,8,21,8,21,8,21,8,21,7,22,5,24,2,27,1,28,1,318,1,28,1,28,2,27,2,26,4,25,5,24,5,24,6,23,7,22,8,21,9,20,11,18,13,15,15,14,15,13,17,11,4
m474,234,29,52,18,7,20,10,18,12,16,14,14,15,14,15,13,17,12,17,11,18,11,18,10,19,10,19,10,19,10,19,9,20,9,20,8,21,7,22,4,25,2,27,1,28,1,28,1,172,2,27,2,27,2,26,3,26,3,26,3,26,3,26,3,26,4,25,4,24,5,24,6,23,6,23,6,23,6,23,6,23,6,22,7,22,8,21,8,20,10,18,12,16,13,13,18,10,11
m483,251,30,39,23,7,22,8,20,10,17,13,10,20,6,24,5,25,4,26,4,26,3,27,3,27,3,27,2,28,2,28,1,29,1,29,1,29,1,419,1,29,1,29,1,28,2,27,4,25,6,23,7,21,10,18,8
m490,256,42,45,31,7,29,14,25,19,21,21,19,24,16,26,15,27,13,29,11,31,10,32,9,33,9,33,8,34,8,34,7,35,6,36,6,36,5,36,5,36,6,35,6,36,5,37,5,37,4,38,4,38,4,38,3,38,4,38,4,38,4,38,4,38,4,38,4,38,4,38,4,37,5,37,5,37,5,36,6,35,8,33,9,32,10,30,13,27,15,25,19,20,18
m504,287,47,39,24,9,32,20,25,24,20,28,18,30,16,33,12,35,10,38,7,40,6,42,4,44,2,45,1,46,1,702,2,45,2,42,5,42,5,41,6,40,8,38,10,36,12,34,14,31,18,27,24,16,21
m520,303,58,36,25,25,19,43,12,47,10,49,8,50,7,52,5,53,4,54,4,54,4,55,2,56,2,56,2,56,2,56,1,57,1,57,1,57,1,462,1,57,1,57,1,57,2,55,3,55,4,53,5,50,10,46,14,41,20,34,28,25,20
m544,317,65,33,27,18,39,33,25,45,16,52,10,58,6,60,4,62,1,1103,1,64,2,61,5,60,7,57,10,53,14,50,18,46,22,42,26,36,12
m559,320,75,32,8,26,48,31,43,38,35,45,29,50,24,55,19,59,15,64,11,66,9,68,7,70,5,72,3,72,3,73,3,73,2,74,1,74,1,74,1,74,2,73,2,73,2,73,3,72,4,71,5,70,7,67,10,63,14,59,18,56,21,51,27,46,34,36,16
m592,329,78,34,9,21,52,37,40,45,32,52,25,57,21,61,16,65,13,68,10,71,7,72,6,74,4,75,3,77,1,390,1,77,1,77,2,76,3,74,5,73,7,68,12,63,16,58,22,56,26,51,30,48,35,42,39,39,43,34,46,31,50,27,16
m617,335,85,31,11,35,43,49,35,54,30,59,26,61,23,65,20,68,17,70,14,75,10,80,5,82,3,83,2,83,2,84,1,84,1,85,1,84,2,83,3,82,4,81,6,79,9,76,12,73,15,69,20,64,26,58,31,52,36,49,39,45,42,40,49,32,13
m656,333,75,26,19,18,49,33,36,43,28,55,19,64,11,67,8,71,4,72,3,72,3,73,2,74,1,374,1,73,2,73,2,73,2,73,3,71,6,68,8,66,13,59,32,40,41,1,1,28,15
m673,330,61,22,7,23,16,12,9,55,4,57,3,58,1,609,1,59,3,57,5,55,7,53,9,50,12,47,16,43,21,37,13
m680,320,45,23,5,27,16,34,10,38,6,40,4,42,4,42,3,43,2,43,3,43,2,43,3,42,4,41,6,39,8,37,9,36,11,34,13,32,15,30,17,28,20,25,22,23,24,21,27,17,1
m666,315,54,20,8,21,29,30,22,34,18,39,15,41,14,42,12,44,11,44,11,45,11,45,11,44,12,44,12,42,14,41,14,40,17,37,19,35,21,33,23,31,28,26
m639,305,67,19,5,16,48,31,35,43,24,48,19,52,14,57,10,59,9,61,6,63,5,63,5,63,7,60,12,56,17,50,22,45,26,41,31,36,32,35,34,32,1
m622,305,65,14,4,42,21,55,9,59,6,61,4,63,1,130,1,64,1,64,2,63,3,62,5,60,9,55,26,38,2
m592,295,70,18,35,15,42,33,30,42,21,50,18,54,14,57,12,59,9,63,7,64,5,66,5,67,3,68,2,69,1,69,1,69,1,68,4,65,7,59,6
m573,288,63,23,30,16,42,25,34,30,32,33,28,37,24,41,19,45,13,51,9,54,7,57,5,59,3,61,2,61,1,251,1,58,5,49,15,45,18,38,26,30,34,24,36
m548,284,59,21,27,16,39,23,33,29,25,38,11,51,5,55,4,57,1,412,1,58,1,58,2,116,1,58,2,57,15,43,1
m528,283,57,18,24,21,28,34,18,3,1,38,12,48,4,54,1,397,1,55,3,53,5,49,10,45,13,41,24,1,1,23,1,1,17
m500,280,53,20,9,14,36,22,30,27,26,30,22,32,21,33,19,38,14,45,6,52,1,264,2,51,3,50,3,50,4,48,7,46,9,44,2
m488,280,44,21,13,5,34,17,26,21,23,22,21,24,20,25,18,27,16,29,15,30,13,34,9,37,6,40,4,41,2,43,1,176,1,43,2,42,4,40
m466,288,34,16,16,12,19,18,13,23,8,27,6,28,4,30,2,32,1,33,1,135,1,31,3,30,4,28,7,24,8
m459,287,43,16,17,3,35,13,26,20,21,24,16,30,12,32,10,34,9,36,7,37,6,39,3,42,2,42,1,42,2,41,3,40,5,38
m458,286,49,17,13,7,39,13,33,20,27,27,20,34,14,38,10,41,7,44,5,45,4,47,2,47,2,48,2,47,3,46,4,46,4,45,8,41
m457,285,51,18,13,3,44,11,38,17,33,30,20,37,12,42,8,45,5,48,3,49,1,50,1,204,1,50,2,49,4,47,7,43,1
m455,286,62,17,45,1,43,30,14,52,9,54,6,56,5,57,4,58,3,59,2,59,3,58,3,57,5,56,5,56,6,55,7,53,10,48,15,44,16
m458,287,57,17,45,8,31,30,14,43,9,48,7,50,5,52,4,53,2,55,2,55,1,56,1,112,1,55,2,54,3,54,3,52,6,47,9
m465,288,45,16,27,17,23,23,17,28,11,34,5,40,2,43,1,44,1,223,2,41,4,40,5,38,8,36,7
m449,290,50,15,30,4,34,22,25,28,22,30,18,34,11,40,5,47,2,48,1,49,1,249,1,46,3
m422,280,63,31,34,17,43,23,38,27,34,30,32,32,31,33,29,35,26,39,20,43,17,47,14,49,12,51,11,52,9,54,8,55,6,57,5,58,4,59,4,58,4,58,4,59,4,59,3,59,4,59,4,59,3,59,4,58,5,57,6,56,7,49,15,28,34
m401,273,62,38,49,8,49,15,45,19,41,22,38,24,37,25,36,26,35,27,34,28,33,29,32,30,32,30,31,31,29,33,25,37,21,41,18,43,17,45,15,47,13,48,12,50,10,52,8,54,6,56,5,57,4,58,3,59,2,60,2,60,2,59,3,58,4,56,6,49,14,46,16,42,20,40,22,36,27,33,27
m383,275,49,40,35,11,34,17,31,19,29,20,28,21,27,22,26,23,26,23,25,24,24,25,24,25,23,26,22,27,20,29,18,31,15,34,14,35,12,37,11,38,9,40,8,41,7,42,5,44,4,45,3,46,2,47,1,48,1,48,1,48,1,96,1,46,3,41,8,39,10,36,14,33,16,31,18,29,21,24,26,21,25
m383,280,53,38,21,13,38,17,34,22,29,25,27,27,25,29,23,31,21,33,19,36,16,38,15,39,14,39,13,41,12,41,11,42,10,43,8,46,7,46,6,47,5,49,3,50,3,51,1,300,2,48,9,42,13,40,19,1,1,1,1,29,24,28,25,27,27,24,29,21,33,18,37,14,35
m370,287,69,38,14,13,50,26,41,30,38,33,35,36,32,40,29,42,26,45,24,48,20,52,16,55,14,57,12,59,10,61,8,62,7,63,6,65,4,67,2,552,1,67,2,53,1,2,14,50,20,45,25,44,27,41,30,39,32,37,35,33,37,32,40,1,1,26,49,19,25
m362,283,74,44,14,1,66,15,58,20,53,24,50,28,46,32,41,35,39,37,37,40,33,43,30,47,27,50,24,53,20,56,18,59,15,61,13,63,11,65,9,67,7,68,5,70,5,71,3,72,2,73,1,73,1,73,1,73,2,72,3,71,3,69,6,59,16,56,19,54,20,54,21,53,23,50,26,48,28,46,32,41,37,37,41,32,47,26,52,22,56,17,19
m374,282,78,51,10,16,59,25,51,32,45,38,39,44,33,52,26,57,20,61,17,63,15,65,12,68,10,70,8,71,7,72,6,73,5,74,4,76,2,77,1,77,1,701,2,75,3,73,5,73,5,72,7,70,8,69,10,68,12,64,16,63,17,61,18,59,21,58,21,56,23,55,24,54,27,50,31,48,33,45,38,40,44,33,50,27,54,23,59,16,15
m379,277,80,56,12,18,59,28,50,36,43,41,38,45,35,48,31,52,28,54,26,58,22,61,19,65,14,68,12,70,10,71,8,73,7,74,5,76,4,77,3,77,3,78,1,79,1,559,1,77,3,73,7,72,9,69,11,68,12,68,13,66,14,66,15,65,15,65,16,64,17,64,17,63,20,61,21,59,26,54,34,46,38,42,41,39,43,37,44,36,46,34,47,33,50,30,52,28,55,26,57,22,61,19,10
m386,272,93,56,14,34,56,42,49,46,46,51,41,55,37,59,34,62,30,71,22,75,17,78,15,79,13,81,12,83,10,84,8,86,6,88,5,89,4,90,3,90,3,91,1,929,1,90,3,88,6,82,11,78,16,76,17,74,20,73,22,71,24,69,27,66,30,63,34,59,38,56,40,53,43,50,47,46,50,43,52,41,53,40,54,39,56,37,58,35,59,33,62,31,63,29,68,24,19
m404,267,95,55,18,21,71,33,59,42,51,49,44,58,36,63,31,67,27,70,25,72,22,75,20,77,17,80,14,82,13,84,11,86,9,87,7,89,6,90,5,91,4,92,3,93,2,94,1,94,1,568,1,93,2,90,5,87,9,84,11,82,13,79,16,77,19,75,21,72,27,68,30,64,45,50,52,42,57,39,61,34,63,32,65,31,65,30,67,28,67,28,68,27,70,25,70,24,72,22,74,19,77,17,25
m432,259,95,54,15,33,60,42,50,51,42,57,36,64,29,71,23,76,19,79,16,81,14,83,11,85,10,87,7,89,6,90,5,91,3,93,2,94,1,1140,1,92,3,89,6,88,7,87,8,86,10,84,11,81,15,78,18,75,22,71,25,69,29,65,43,51,61,34,68,28,71,25,72,23,74,22,74,21,76,19,77,18,78,18,78,17,79,16,81,11,2,1,17
m452,252,96,56,34,2,82,29,57,46,45,60,33,71,24,76,19,78,18,81,14,84,12,86,10,88,8,89,7,90,5,93,3,93,3,94,2,95,1,95,1,959,1,94,2,93,3,91,5,90,6,88,9,85,12,81,17,77,22,72,30,65,43,51,53,42,61,35,64,32,65,31,67,29,69,26,73,23,74,22,75,22,75,20,77,19,78,19,78,18,80,15,82,14,83,13,83,13,22
m480,245,98,67,13,38,55,49,47,56,41,61,37,64,33,68,29,73,25,76,21,79,19,82,15,87,11,89,9,91,7,92,6,93,5,93,5,94,4,95,3,96,1,98,1,195,1,97,1,97,1,97,1,97,1,97,1,96,3,95,3,94,5,92,6,91,8,89,10,85,14,80,19,76,24,71,29,68,32,65,36,62,39,58,44,54,52,46,60,38,62,36,64,34,67,31,68,30,69,29,70,28,71,27,72,26,72,26,73,24,74,25,74,24,75,23,75,22,77,22,77,20,78,20,79,18,80,19,80,17,82,16,83,14,85,13,24
m499,240,92,63,14,18,71,38,52,46,44,52,38,59,32,64,27,66,25,71,21,74,17,78,14,81,11,83,8,85,7,86,6,87,5,89,3,90,2,91,1,91,1,552,1,91,1,91,1,91,1,91,1,91,2,90,3,89,3,89,4,88,6,84,10,80,12,78,18,73,24,65,33,56,45,45,51,39,55,37,57,34,59,33,60,32,61,32,61,31,62,30,64,28,64,28,65,27,65,27,66,26,66,26,67,25,67,25,68,24,68,24,68,24,68,23,70,21,71,19,21
m520,236,85,55,10,14,67,24,60,33,50,40,45,44,40,48,37,50,35,52,32,55,30,58,27,60,25,62,23,64,21,66,19,68,17,70,14,72,13,74,12,74,11,76,10,77,8,78,8,78,7,78,8,78,7,79,7,79,7,79,7,78,9,76,10,75,12,73,13,72,15,70,17,68,20,65,24,61,29,56,33,52,36,48,39,45,42,42,45,38,49,33,53,29,57,26,60,25,61,23,63,22,64,20,66,19,67,18,69,15,71,14,72,11,18
m528,236,77,53,12,1,1,3,66,18,57,25,51,29,47,33,43,36,41,38,39,39,38,41,35,44,33,46,31,48,29,50,27,53,24,55,22,57,20,60,18,60,17,62,17,63,16,63,15,64,14,64,14,64,13,65,13,65,13,64,15,63,16,61,17,61,18,60,18,59,19,58,21,56,23,54,26,51,30,47,34,43,36,41,38,39,40,37,41,36,43,34,45,32,46,31,47,29,49,27,51,24,54,22,57,19,60,17,61,16,63,13,7
m538,230,76,46,9,23,50,32,42,37,38,41,33,45,31,47,28,50,26,53,23,56,20,58,18,60,16,62,14,63,13,66,11,66,10,67,10,67,9,68,9,67,10,67,10,66,11,66,11,65,11,66,12,64,13,64,14,63,15,61,16,61,18,58,20,56,22,54,24,52,28,48,30,46,33,43,35,41,37,39,38,38,39,37,41,35,42,34,44,31,47,28,50,24,54,20,6
m552,223,71,40,16,10,54,30,39,43,1,5,20,56,13,60,9,63,8,64,6,65,6,65,6,66,5,66,5,67,4,67,4,67,4,68,3,68,3,68,3,69,3,68,5,67,5,66,7,64,8,63,9,62,10,61,12,60,13,58,14,57,16,55,19,52,23,48,27,44,31,40,35,36,39,32,42,29,44,25,47,24,49,21,51,13,2,3,5
m545,206,78,51,50,2,65,22,40,41,35,44,33,46,31,48,30,49,28,50,26,52,24,55,20,58,17,62,14,64,12,66,11,67,10,69,8,71,7,71,6,73,5,75,3,77,1,156,1,77,1,77,1,77,2,76,2,76,3,75,4,74,4,74,5,73,6,72,7,71,7,71,8,70,10,67,13,65,15,62,17,61,19,59,24,54,39,39,40,38,42,36,43,34,46,32,48,30,50,28,53,24,61,16,5
m529,191,112,54,39,28,75,49,59,58,51,64,42,76,33,84,23,94,16,102,9,106,3,109,3,109,2,110,2,110,2,669,1,111,1,110,2,110,2,110,2,109,4,107,5,106,6,105,8,103,9,102,10,102,11,101,11,101,11,101,12,99,13,99,14,98,14,97,16,96,16,95,18,94,18,94,19,92,21,91,24,87,26,86,27,85,28,84,29,82,32,80,39,73,62,49,65,47,69,42,73,38,17
m551,205,92,53,40,21,63,37,40,55,32,62,29,67,24,72,19,72,19,72,19,73,19,73,18,75,16,77,14,77,15,76,15,77,15,77,15,77,10,2,3,76,10,3,3,75,10,4,3,75,10,4,3,74,11,4,3,74,11,3,4,73,12,3,4,73,11,3,5,73,11,3,5,73,18,74,18,73,19,73,18,74,18,74,18,74,18,74,18,74,17,75,17,75,17,75,17,74,18,74,18,74,18,74,18,74,18,73,19,73,19,73,19,73,19,73,20,71,21,71,22,69,27,64,33,56,44,46,27
m547,210,90,60,18,11,76,23,66,38,52,43,47,47,42,63,27,68,21,71,18,74,15,75,14,77,12,78,12,79,10,80,9,80,10,80,10,82,8,83,6,81,2,2,5,80,4,1,5,85,5,85,5,85,4,85,5,86,4,86,4,81,2,2,5,81,9,81,8,79,11,77,13,77,12,78,12,78,11,78,12,78,12,78,11,79,11,78,12,78,12,78,12,77,13,77,13,77,13,77,14,76,14,76,15,75,15,75,15,75,15,74,18,71,20,70,22,67,25,63,29,59,32,57,36,52,44,45,53,3,4,27,27
m547,220,88,58,22,6,78,17,71,22,65,39,1,5,42,62,25,67,20,70,17,71,17,72,15,73,14,74,13,75,13,75,12,76,12,76,12,75,13,75,12,76,12,75,13,75,13,74,14,73,14,74,14,73,15,73,15,73,15,72,15,73,8,1,6,72,9,1,6,72,9,1,6,72,15,72,16,72,16,71,16,72,15,72,15,73,14,74,14,73,15,73,14,74,15,73,15,72,16,73,15,72,17,71,17,71,17,71,17,70,20,68,21,67,21,66,26,62,42,1,2,7,1,34,56,31,60,27,64,23,67,20,22
m547,233,88,54,53,1,64,33,51,47,37,55,31,59,26,63,22,66,20,69,18,70,17,71,16,72,15,73,15,73,15,73,14,74,14,74,13,75,13,75,12,76,12,76,4,3,5,76,4,3,4,77,5,2,4,76,12,76,6,2,3,76,11,76,11,77,11,76,12,76,10,1,1,75,11,1,1,74,12,75,14,74,14,73,15,73,15,73,15,73,15,73,15,73,15,72,16,72,16,72,17,70,18,70,19,69,19,69,20,67,21,67,22,65,23,65,26,62,30,57,34,53,42,45,22
m569,260,91,57,21,1,1,1,86,17,73,33,56,46,44,52,38,56,33,59,31,61,29,64,26,66,24,67,22,70,20,72,18,73,18,74,16,75,16,76,14,78,13,78,12,80,12,80,10,83,7,85,6,86,5,88,4,88,3,88,4,88,4,87,4,88,4,87,4,87,4,87,4,87,5,85,6,83,8,80,12,76,16,74,17,73,18,74,17,72,20,71,22,69,29,62,32,59,33,58,35,2,1,53,40,50,41,50,50,41,52,38,53,38,54,36,56,34,60,29,63,26,20
m579,272,85,55,18,25,55,50,34,60,23,66,17,70,14,73,11,76,9,77,7,79,6,80,4,81,4,81,3,82,1,84,1,84,2,83,2,83,2,83,2,83,2,81,3,81,4,81,4,80,5,80,4,82,3,83,2,83,3,81,4,81,4,81,4,81,4,81,4,81,5,80,5,79,6,80,5,80,6,79,6,79,6,79,7,78,8,77,9,76,10,75,11,74,12,73,13,72,15,70,15,70,17,67,19,66,21,63,23,59,31,27,3,22,38,8,1,5,2,4,19,1,17
m616,295,101,54,33,17,71,47,51,54,40,65,33,70,30,72,28,74,26,76,25,77,24,77,23,79,22,80,20,82,19,82,19,83,17,85,16,86,15,88,13,89,12,90,11,92,9,93,8,95,6,97,4,98,2,100,2,201,1,100,1,84,6,10,2,83,9,7,3,81,14,2,4,81,21,79,22,79,22,79,23,79,22,79,22,79,23,78,25,76,25,76,26,75,27,74,27,1,2,71,30,71,32,69,38,63,43,57,45,56,49,51,49,52,52,47,59,39,24
m643,304,98,55,26,14,79,31,63,42,54,53,41,62,35,66,31,71,25,76,21,78,19,80,17,82,16,82,16,82,15,84,14,84,14,85,13,85,12,86,12,87,11,88,10,89,9,90,8,91,6,93,5,94,4,95,3,96,2,97,1,97,1,195,1,82,8,7,1,81,17,80,18,80,19,79,19,79,19,79,20,77,21,77,22,76,23,75,24,74,26,72,27,71,29,69,29,68,33,65,36,62,40,3,18,36,67,1,1,29,72,26,73,24,75,23,77,20,22
m666,322,96,58,27,7,87,19,72,35,58,52,41,63,31,70,25,74,21,76,18,79,16,81,14,83,12,84,11,86,10,86,9,88,8,88,8,89,6,91,5,91,5,92,3,94,2,94,2,95,1,95,1,191,1,383,1,95,1,95,1,189,2,88,8,87,9,86,10,85,11,84,12,84,13,83,13,83,13,82,14,82,14,81,16,80,16,80,17,79,18,77,19,77,20,75,21,75,22,73,23,72,26,1,1,66,33,61,37,56,52,31,38
m668,335,96,58,24,23,71,60,33,67,28,70,24,72,23,73,21,77,18,78,16,81,14,82,13,83,12,85,10,87,9,86,10,87,8,89,7,90,6,90,6,91,4,92,4,92,4,92,3,93,3,93,3,93,2,94,2,94,2,94,1,95,1,94,2,94,2,94,2,94,2,94,2,94,2,93,2,93,3,92,4,92,5,90,6,88,8,88,8,87,9,87,9,87,9,86,11,85,11,84,13,82,15,79,18,77,20,75,25,70,29,65,32,63,37,58,41,52,47,46,26
m656,369,98,67,29,1,92,11,86,20,76,29,68,31,5,6,2,2,52,55,2,1,39,70,27,73,25,75,22,78,19,80,17,82,16,83,14,84,13,85,12,86,12,86,10,88,9,89,9,89,8,90,8,90,8,90,7,91,7,90,8,90,7,91,7,91,6,90,8,89,9,89,8,89,9,88,9,88,10,88,10,88,9,89,9,87,10,87,11,85,13,84,14,83,14,84,14,84,14,83,15,83,15,82,16,80,18,79,19,78,20,77,22,76,22,75,23,75,24,73,26,71,27,71,28,69,30,67,33,64,36,62,38,59,40,57,44,53,47,49,52,44,57,38,37
m619,395,125,72,83,2,11,1,3,12,66,2,6,6,4,3,7,6,3,28,59,68,56,74,40,1,2,82,35,90,34,91,32,93,32,93,31,94,30,95,30,95,29,96,29,96,28,97,28,97,27,98,27,97,27,98,27,98,26,98,27,97,27,97,27,98,27,97,27,97,28,96,28,96,29,95,29,95,30,94,30,94,30,94,30,93,31,93,31,93,30,93,30,94,31,93,30,93,31,93,32,92,32,92,33,90,33,91,33,91,33,90,34,90,34,90,35,89,36,88,37,87,37,87,38,86,39,85,40,84,41,83,42,83,43,82,43,81,45,79,47,77,49,74,52,72,54,70,56,67,59,66,61,62,64,59,67,55,71,38,89,29,81
m545,437,125,59,117,2,112,14,1,1,105,20,101,24,94,31,93,33,88,37,83,43,79,47,71,54,56,69,49,2,2,72,45,80,43,82,41,84,40,85,37,88,34,91,33,92,31,94,30,94,29,95,29,95,29,95,27,97,26,98,26,97,26,98,26,97,26,97,27,96,28,96,28,95,29,94,30,93,30,93,31,91,33,90,34,89,36,87,37,85,40,83,41,82,42,81,43,81,44,80,45,79,45,79,46,78,47,77,48,76,49,76,49,75,50,74,51,73,53,72,55,69,56,68,60,17,7,40,55
m482,456,113,63,23,1,1,1,104,29,84,36,77,44,69,47,65,52,3,1,57,61,1,4,47,70,42,83,31,87,25,91,1,1,20,94,18,97,16,97,17,97,16,98,13,100,12,101,12,101,12,101,11,102,5,1,3,104,5,1,4,103,5,1,4,103,11,102,9,104,5,1,3,104,4,109,4,109,5,108,4,108,5,106,7,106,7,105,6,106,7,105,7,105,8,104,9,103,10,102,11,101,12,100,12,101,12,101,12,100,13,99,14,99,14,97,16,96,17,96,18,95,18,93,20,91,23,90,25,87,29,82,34,76,41,71,46,65,51,57,58,52,61,49,69,29,56
m410,468,115,59,29,5,3,2,94,37,69,57,2,2,50,77,3,2,32,101,13,108,6,111,4,112,3,113,2,113,1,114,1,114,1,114,1,229,1,228,1,113,3,112,3,111,4,110,7,107,8,106,7,107,8,106,9,105,10,103,12,101,14,98,17,94,22,90,26,83,32,80,35,78,37,77,38,77,38,77,38,78,37,78,37,78,37,79,36,80,36,79,36,79,36,79,37,78,36,79,36,79,37,77,39,76,39,76,40,75,41,74,42,72,44,70,47,67,49,66,49,65,51,63,38
m372,469,116,60,33,5,105,25,84,50,57,61,5,3,43,78,5,4,26,99,16,105,11,109,7,111,4,113,3,114,2,114,2,114,2,114,1,115,1,115,1,115,2,113,3,112,3,113,3,112,3,113,3,112,5,110,6,110,7,109,6,111,5,112,3,114,2,115,1,115,1,114,3,112,4,111,5,109,7,106,10,104,12,104,11,104,12,100,17,100,15,103,13,102,14,102,15,98,18,101,15,101,15,98,2,1,16,96,21,95,23,93,24,89,1,1,29,84,36,77,40,74,42,73,43,73,44,69,50,61,56,1,2,24,69
m304,476,122,52,33,2,1,6,105,33,85,52,66,66,3,1,50,81,39,93,28,101,20,105,17,109,12,111,11,112,10,112,8,114,8,114,8,114,11,111,10,112,10,112,9,112,12,109,13,108,14,106,16,104,18,102,20,102,19,102,19,102,19,102,20,101,20,101,20,99,22,96,25,96,26,95,25,92,29,92,30,91,31,89,33,88,34,87,34,88,34,88,34,87,36,87,35,87,35,87,35,87,35,87,35,85,38,83,40,79,45,34,17,2,2,5,2,3,2,3,2,2,43
m283,480,116,66,6,41,6,1,66,60,55,72,42,79,36,89,27,94,22,102,16,105,13,108,8,110,7,111,6,110,6,110,7,109,8,108,8,108,9,107,10,106,10,106,10,106,11,105,11,105,11,105,11,105,11,105,11,105,10,106,10,106,9,107,9,107,8,108,8,107,9,107,8,107,9,106,9,106,10,106,10,105,11,104,11,105,11,102,14,101,15,99,17,99,17,100,16,99,17,99,17,99,18,99,17,98,17,97,19,97,19,97,20,96,20,97,19,96,20,95,22,93,23,92,25,91,27,88,30,85,33,82,37,78,40,74,58,46,1,2,32
m263,489,110,67,27,16,89,34,74,39,69,46,62,57,50,64,45,76,32,94,15,99,11,100,9,102,8,102,8,102,8,101,9,101,9,100,9,100,10,99,11,99,11,100,10,98,12,99,11,98,12,98,11,98,12,98,12,97,13,96,14,96,5,3,6,96,2,6,5,105,5,105,5,105,4,105,4,106,4,105,4,103,7,100,9,100,10,98,12,98,12,97,12,98,12,97,13,97,13,97,13,97,14,96,14,95,15,95,15,95,15,95,16,94,17,93,19,91,21,89,23,87,28,81,33,77,32,1,3,73,37,12,5,3,1,52,38,11,6,2,1,52,39,8,1,2,2,57,40,8,1,1,3,56,42,5,16,7,3,1,6,28,46,2,19,3,16,23,68,2,20,17,24
m248,497,108,65,29,37,67,51,54,59,47,66,40,72,34,81,25,87,20,91,17,93,14,96,12,96,11,97,11,97,11,97,10,98,10,98,10,98,10,98,9,99,9,99,9,99,9,99,9,99,8,100,8,100,8,100,8,100,8,99,8,99,9,99,8,99,9,98,9,97,9,98,10,97,10,99,9,98,9,99,9,99,9,99,8,100,8,100,8,100,8,100,8,99,9,99,10,99,9,99,9,99,9,98,10,98,11,97,12,96,13,95,14,94,14,94,15,93,16,91,18,90,18,89,21,86,24,83,28,78,37,69,41,9,5,48,22
m240,493,110,67,36,12,90,29,76,41,66,52,56,59,50,67,42,72,37,80,29,86,24,89,20,92,18,93,16,97,12,99,11,99,10,100,10,100,9,101,9,101,9,100,10,100,9,100,10,99,11,99,11,99,11,99,11,99,10,100,10,99,11,99,10,99,11,99,10,100,10,98,11,98,11,97,13,96,13,97,13,96,13,96,14,96,14,95,15,95,14,96,14,96,14,96,14,96,14,96,14,95,15,96,15,95,15,95,15,95,15,94,16,94,16,94,17,93,18,92,19,91,20,90,21,88,24,86,26,83,31,79,32,77,35,74,43,63,23
m268,493,87,60,25,4,77,19,59,35,47,48,37,58,28,62,24,68,19,73,14,75,12,78,9,82,5,83,4,84,3,84,3,85,2,85,2,86,1,86,1,86,1,86,1,86,2,85,2,85,1,86,2,85,2,85,1,86,1,86,1,85,1,86,1,85,2,85,2,84,3,84,3,83,5,81,6,81,6,80,7,80,7,80,6,81,7,80,7,81,6,80,7,80,7,80,8,78,9,78,10,77,10,77,11,76,12,75,14,1,5,7,19,41,18,1,31,37,51,35,52,34,55,31,57,30,58,26,62,22,16
m297,486,102,62,28,14,80,30,68,42,57,52,49,58,43,62,39,68,32,77,24,84,18,90,11,95,7,96,6,96,6,95,7,95,7,96,5,96,6,96,6,96,6,95,7,95,7,95,7,95,7,95,7,94,8,94,8,92,10,92,9,93,9,94,7,99,3,99,2,100,1,101,1,98,4,95,7,94,7,92,10,91,11,89,13,89,13,88,14,88,15,87,15,88,15,87,15,87,18,84,19,83,20,82,21,80,25,78,26,75,28,74,28,74,29,73,29,73,30,71,36,64,39,5,2,1,2,2,1,49,40,2,1,1,6,2,1,47,56,2,7,33,24
m322,480,105,64,20,6,1,20,72,44,59,54,49,62,42,69,36,73,31,79,26,82,23,84,21,86,18,90,15,96,9,97,8,98,7,97,9,97,8,97,8,97,9,96,9,96,9,96,9,96,10,95,10,95,11,94,11,94,11,94,11,94,10,95,9,96,8,97,6,99,4,101,3,101,3,101,4,102,2,102,3,101,3,101,4,99,6,97,8,95,10,94,11,94,12,94,11,94,11,93,13,91,15,91,15,89,16,89,17,87,19,86,20,86,20,85,20,84,22,82,25,79,27,77,29,76,30,74,32,72,36,68,39,65,20
m353,476,110,60,28,27,75,43,63,51,56,66,43,85,25,92,17,96,14,98,11,100,10,100,10,100,9,101,9,101,10,100,10,100,10,100,10,100,10,100,10,100,10,100,10,99,11,98,12,98,12,97,12,97,13,97,12,97,13,98,11,99,10,99,10,98,12,97,12,97,12,96,14,96,13,95,15,93,17,93,17,92,17,92,18,92,18,91,19,91,18,93,18,91,20,90,20,90,21,90,21,89,21,89,24,86,30,80,36,73,46,63,48,9,1,2,2,1,1,4,1,1,1,39,48,9,2,1,4,2,6,37,50,6,18,36,50,6,18,11,1,23,53,1,23,8,7,15,81,7,8,10,28
m375,474,93,64,25,16,74,24,65,33,57,44,47,51,38,62,29,75,17,80,13,83,9,86,6,88,5,88,5,89,4,89,4,89,4,89,4,89,4,89,4,89,4,89,4,89,4,89,4,89,4,89,4,89,4,89,4,89,3,90,3,89,4,89,3,89,4,89,4,89,3,89,4,87,6,85,8,84,9,83,9,83,10,82,11,81,12,80,13,80,13,79,15,78,15,77,16,77,16,77,16,77,17,76,17,76,19,74,20,73,21,14,4,55,39,5,1,48,38,5,5,46,37,5,6,45,49,45,37,5,3,48,49,44,49,43,48,45,59,33,72,19,16
m395,483,94,62,17,7,4,2,71,31,60,43,50,51,43,69,25,77,16,82,12,84,10,87,7,88,6,89,5,90,3,92,2,92,2,93,1,93,1,93,1,93,1,938,1,92,3,90,4,89,5,87,7,82,2,1,10,79,15,78,17,77,17,77,17,76,18,76,19,75,19,75,20,74,20,74,22,72,23,71,23,71,24,69,27,67,28,66,29,65,32,63,32,1,2,59,35,59,36,59,39,54,44,50,50,44,52,42,52,42,60,33,62,30,65,27,20
m408,495,99,64,26,22,70,46,50,53,43,60,38,67,31,72,26,77,21,82,17,84,14,87,13,87,11,89,10,90,9,91,8,90,9,90,9,91,8,91,8,90,9,90,8,91,8,90,8,91,8,91,8,91,8,90,8,90,9,89,9,90,9,90,8,92,7,93,6,94,4,96,3,78,8,11,1,75,14,9,1,74,17,7,1,74,19,80,21,2,1,75,24,76,23,76,23,76,23,77,22,77,22,77,22,78,22,78,21,78,21,78,21,79,21,78,22,77,22,78,22,77,23,76,24,75,26,73,26,73,27,72,28,70,32,67,35,64,39,57,22
m418,508,95,65,27,11,78,27,65,37,54,52,39,74,19,82,12,84,10,85,9,87,7,88,7,88,6,89,5,91,4,91,4,92,3,92,2,93,2,93,2,93,2,93,2,94,1,94,1,94,1,94,1,94,1,94,1,94,1,94,1,94,1,664,1,94,1,94,1,86,8,86,9,85,11,83,13,82,13,82,13,82,13,82,14,81,14,81,16,79,17,77,19,76,18,77,20,75,21,73,25,11,16,43,25,7,24,39,27,1,2,1,27,37,59,36,61,34,63,32,63,31,65,30,66,28,69,23,77,15,21
m427,519,97,62,20,1,83,38,56,46,50,50,46,58,38,65,32,72,25,77,20,82,15,85,11,87,10,87,10,88,9,88,9,88,9,88,9,89,8,88,9,89,8,89,8,89,8,89,8,88,9,88,9,88,10,87,10,87,10,88,10,88,10,89,8,89,9,88,10,88,10,87,10,87,11,87,11,86,11,88,9,87,11,87,10,87,11,87,11,86,12,85,13,83,14,84,14,83,16,81,17,80,17,80,18,78,19,76,21,76,23,73,25,71,27,68,31,61,37,58,45,3,6,41,66,24,74,21,78,16,28
m447,541,101,66,38,7,83,26,65,57,37,71,23,81,19,84,17,86,15,88,13,89,12,90,11,91,10,92,9,93,8,93,8,93,8,94,7,94,7,94,7,93,8,93,8,93,8,92,9,93,8,93,8,93,8,93,8,93,8,93,7,95,6,96,5,96,5,97,4,98,2,100,1,694,7,94,13,87,14,87,15,86,15,86,15,86,15,85,17,85,16,85,17,84,17,83,19,83,18,83,18,83,19,83,19,81,21,81,21,80,22,79,23,78,24,77,26,74,30,70,39,61,42,57,18
m467,552,97,65,20,2,1,4,79,22,72,31,64,37,60,44,53,52,44,74,23,83,15,88,9,91,6,92,5,93,4,93,4,93,4,93,4,93,4,93,4,93,4,92,5,91,6,91,6,91,6,91,6,91,6,90,7,90,7,89,8,89,8,89,8,88,9,89,7,90,7,92,4,95,2,95,1,89,2,5,1,86,11,85,12,85,12,84,12,85,12,86,12,85,12,85,12,85,12,85,12,86,12,85,12,85,13,85,13,84,13,84,14,84,14,83,15,17,13,52,22,1,29,45,57,40,64,32,67,30,69,28,71,26,72,24,75,21,77,19,83,12,14
m489,564,89,60,21,15,72,23,59,38,48,50,38,74,13,81,7,83,4,86,3,86,2,87,2,87,1,88,1,88,2,87,1,88,1,88,1,88,1,88,1,88,1,88,1,88,1,88,1,88,1,88,1,88,2,87,1,88,1,88,1,88,1,87,2,87,2,87,2,86,3,86,3,86,2,86,4,84,5,83,6,82,7,82,7,81,10,79,9,81,9,79,9,80,9,81,9,79,10,79,10,78,11,78,11,78,12,76,13,76,15,74,16,73,17,72,19,4,3,1,19,2,1,40,57,32,59,29,62,25,12
m504,574,86,64,22,9,67,3,1,26,54,49,1,3,33,58,27,67,19,71,14,74,12,75,10,78,7,80,5,81,5,81,4,82,4,82,4,82,3,83,3,83,3,83,2,84,2,84,1,85,1,85,1,85,1,687,1,85,1,85,1,83,4,80,6,79,7,78,9,76,11,75,12,74,12,73,13,71,16,70,16,70,17,69,17,69,19,68,19,67,20,66,21,64,25,61,32,55,41,44,52,35,55,31,58,28,59,27,60,26,61,24,63,23,63,23,65,21,66,19,69,15,13
m510,586,95,64,34,1,88,18,74,26,58,3,3,38,47,57,35,73,20,78,15,83,12,83,11,87,8,88,7,88,7,89,6,88,7,88,7,88,7,89,6,89,6,89,6,90,5,90,5,90,5,90,5,91,3,92,3,93,2,93,2,94,1,94,1,94,1,94,1,94,1,94,1,94,1,94,1,93,2,92,3,91,4,90,5,90,5,90,4,91,4,91,4,91,4,91,5,90,5,89,6,89,7,88,7,89,6,88,8,87,10,85,11,84,13,25,1,1,4,51,14,18,22,41,15,6,2,2,34,36,60,35,60,35,61,33,63,32,65,29,69,26,73,19,10
m540,591,89,66,13,21,62,38,47,50,37,59,30,67,21,74,15,78,11,81,8,83,6,85,4,86,3,87,2,87,3,86,3,87,2,87,2,87,2,88,1,88,1,176,1,534,1,88,1,88,1,88,1,88,1,88,1,87,2,87,2,83,6,76,13,76,13,76,13,75,14,75,14,75,14,76,13,76,13,77,12,77,12,78,12,77,11,79,10,79,10,80,9,81,10,79,11,1,1,77,15,74,15,74,18,2,3,1,1,64,19,1,7,1,2,59,27,1,2,59,30,59,30,58,31,58,32,57,32,57,32,20,2,34,35,18,3,32,41,7,1,1,3,1,5,6,12,7,14
m567,603,101,60,9,11,3,3,4,3,73,41,1,2,2,2,52,57,42,71,29,82,18,91,10,94,7,97,4,100,1,202,1,100,1,100,2,99,2,99,2,99,2,99,2,99,2,98,3,98,3,98,3,98,3,97,4,97,5,96,5,96,5,95,6,96,5,95,6,95,6,95,6,94,7,94,6,95,6,89,12,89,12,88,13,86,15,86,16,84,17,84,17,84,17,83,19,85,16,85,16,85,16,85,17,84,19,82,19,82,21,81,23,78,38,6,1,57,38,1,20,42,65,36,67,33,71,29,73,27,75,23,83,16,18
m598,607,111,67,31,22,85,39,71,43,67,54,55,59,52,62,48,66,44,71,38,78,32,81,29,84,26,85,26,86,24,88,23,88,22,89,22,89,22,90,21,89,22,89,21,89,22,89,22,89,21,90,21,89,21,90,20,91,19,92,18,93,17,94,16,95,15,96,14,98,12,100,10,101,9,105,5,332,1,109,2,108,3,107,4,107,4,107,4,107,4,107,4,106,5,106,6,105,6,104,8,103,8,103,10,101,10,101,11,100,12,99,12,98,14,97,15,96,17,93,18,93,19,91,22,89,23,87,26,83,31,75,47,32,49
m653,626,94,61,19,1,83,44,1,1,44,74,18,80,13,83,11,86,7,89,5,92,2,93,1,93,1,654,3,91,4,90,4,90,4,90,5,89,5,88,6,89,5,89,5,88,5,88,7,87,7,86,8,85,9,84,10,83,11,82,12,81,14,80,14,80,14,80,15,79,16,79,16,78,17,78,17,77,17,78,17,77,19,75,19,76,22,72,26,68,30,65,30,64,31,64,33,60,42,2,1,49,51,43,54,40,56,38,57,36,60,34,62,31,65,29,73,19,10
m672,637,112,69,8,16,95,28,2,3,77,53,58,60,51,71,40,78,33,83,29,87,24,90,22,92,20,95,17,97,15,98,14,99,13,100,13,99,13,101,11,102,10,104,8,105,7,106,6,106,7,105,7,105,7,106,7,105,7,105,7,105,8,104,9,105,7,106,7,105,8,104,9,103,9,101,12,99,14,97,16,95,18,94,18,95,18,92,20,92,21,91,22,91,22,90,22,90,22,91,22,91,21,91,22,91,21,91,22,91,21,91,22,91,21,92,21,91,21,91,22,90,24,88,25,87,27,85,29,83,31,81,32,80,33,79,36,76,44,68,56,54,75,1,1,31,6
m680,647,203,71,38,2,170,46,1,2,154,55,141,3,2,60,138,72,131,81,122,1,1,87,121,84,116,1,3,86,112,2,2,89,115,90,113,93,111,95,112,91,114,90,113,92,113,91,113,91,113,91,113,91,113,90,113,92,111,97,107,103,100,108,97,109,97,109,96,110,95,110,97,108,98,107,97,108,98,107,97,108,96,108,95,110,94,110,94,111,93,113,91,115,90,116,88,117,88,116,88,116,89,119,85,121,83,121,84,120,86,118,89,114,92,111,95,108,96,109,96,110,94,112,92,115,89,114,91,114,90,115,89,114,89,115,89,115,88,115,1,1,87,117,86,117,87,116,88,116,87,116,89,114,91,112,93,110
m691,597,134,74,1,15,118,21,113,24,110,27,108,28,106,30,106,30,105,32,104,32,103,35,100,40,95,40,95,41,94,42,93,41,93,44,91,44,90,44,90,46,89,45,89,46,88,48,86,49,85,50,84,51,84,51,83,52,83,53,81,55,80,55,79,56,79,55,80,54,81,53,81,54,81,54,81,54,81,54,81,54,81,54,81,56,79,58,77,59,7,1,68,72,63,72,64,73,62,74,61,76,60,76,59,77,59,77,59,79,56,80,55,81,54,90,44,84,1,2,48,86,49,84,51,81,55,78,58,75,60,74,62,72,64,69,67,67,69,65,71,63,75,59,79,55,82,52,88,46,94,40,100,32,105,28,12
m745,625,179,86,20,2,172,15,157,1,2,23,152,32,146,36,143,39,140,43,136,46,133,48,128,54,122,59,123,59,121,60,120,62,119,63,118,65,117,64,117,64,117,64,119,62,119,63,118,63,119,63,118,65,116,67,114,70,110,73,108,79,101,87,3,4,86,99,81,104,76,107,72,110,70,111,69,112,68,114,65,116,63,117,62,119,60,123,56,129,50,132,46,135,44,136,44,135,44,135,45,135,45,130,49,133,47,132,48,121,5,5,50,116,63,108,4,3,65,106,75,104,77,101,78,102,78,102,79,99,80,98,82,96,85,93,87,92,88,91,89,91,90,89,92,87,94,85,96,84,97,82,100,79,103,77,105,74,108,72,111,68,116,63,123,57,124,1,1,53,137,42,142,36,145,34,148,31,151,28,155,23,160,19,164,13,25
m835,668,152,50,62,2,102,3,1,5,7,4,1,38,2,3,86,76,67,98,53,103,48,107,45,111,40,114,39,117,36,118,35,118,36,119,35,121,32,122,31,122,31,122,31,124,28,126,27,127,25,129,24,130,22,132,20,134,20,133,19,135,18,134,18,135,18,135,17,135,17,135,17,135,18,134,18,134,19,132,20,131,21,129,24,125,27,125,28,122,31,120,33,118,34,117,35,116,37,113,40,112,41,64,18,3,2,15,3,3,46,61,27,2,64,58,98,53,100,52,65
m921,667,142,43,23,1,36,2,95,1,6,9,29,2,94,2,4,14,4,1,7,2,7,2,2,4,93,3,2,25,1,7,2,13,2,14,72,70,68,74,64,70,71,69,37,2,4,2,7,1,8,1,11,72,33,14,1,3,5,4,6,1,2,73,32,20,2,7,5,1,2,73,23,39,8,71,22,1,1,40,3,1,3,80,4,2,2,48,2,1,2,138,1,1,3,137,6,137,5,137,5,135,7,136,7,135,8,133,11,132,11,132,14,2,7,119,26,6,6,1,2,9,2,1,4,85,29,2,38,2,3,2,1,65,83,58,88,3,2,47,105,36,121,21,124,18,128,14,128,11,1427
m954,637,151,72,13,21,129,25,125,27,123,30,121,31,119,32,119,33,118,34,116,36,115,36,115,36,115,36,115,36,115,36,114,37,114,38,113,38,113,38,113,39,112,40,111,40,111,41,110,41,110,42,109,43,108,44,107,45,106,48,102,52,99,63,88,67,84,76,75,82,69,88,63,90,60,92,58,96,2,2,51,104,45,108,43,109,43,111,39,115,35,118,34,118,32,120,30,122,29,125,26,127,25,130,21,133,17,136,16,139,13,141,10,144,8,145,7,145,6,145,7,145,6,146,6,145,9,142,12,139,13,138,16,135,21,130,25,126,29,122,44,107,84,7,1,59,107,44,117,34,120,28,3
m1013,639,154,79,7,11,143,21,132,22,132,25,129,27,127,28,126,32,4,1,116,39,113,42,112,42,111,43,110,45,109,45,108,49,105,50,105,50,105,50,104,51,103,51,103,52,102,53,101,53,101,53,101,54,100,55,100,56,99,57,97,58,96,59,95,62,93,66,88,71,83,77,78,79,75,84,70,88,66,90,65,89,65,95,59,99,56,99,55,102,2,2,48,108,46,109,46,110,44,112,42,113,41,117,37,118,36,120,34,122,32,123,32,127,27,129,25,130,25,132,22,132,22,136,18,137,17,139,15,141,14,141,13,141,13,142,12,142,12,142,13,141,13,141,14,140,14,140,15,139,16,138,18,136,20,134,23,131,27,127,43,111,56,1,4,93,67,1,2,22,2,59,1
m1027,639,212,79,53,2,190,3,3,25,2,2,173,43,163,57,154,60,2,1,147,68,142,74,137,76,135,77,133,80,131,81,130,84,127,86,126,85,126,89,122,90,122,93,119,95,116,97,115,102,111,102,110,100,112,103,109,106,106,106,106,109,101,111,101,112,2,3,94,119,93,112,4,2,94,112,4,2,90,113,17,2,80,111,100,115,16,2,79,113,14,6,80,113,7,3,2,8,79,114,5,16,78,135,81,131,76,138,75,136,75,138,73,142,1,1,69,144,66,146,66,148,1,2,61,151,61,152,60,153,60,151,61,153,60,154,59,1,7,144,60,2,6,146,69,144,61,1,2,148,60,153,59,154,58,155,58,153,65,2,2,145,63,2,2,146,71,143,69,145,67,149,63,160,52,175,28,2,3,185,23,1,4,185,22,1,3,190,18,1,3,194,19,193,19,193,20,189,23,187,34,180,34,181,34,6,2,164,59,153,6
m1068,661,165,57,50,23,1,3,124,44,112,60,100,74,88,83,81,93,71,99,64,110,55,113,50,119,46,120,44,122,43,123,42,125,39,127,38,128,36,129,36,129,36,129,35,130,35,131,34,135,30,140,24,142,23,145,19,147,17,148,17,148,16,149,15,150,14,151,14,152,13,153,12,155,10,155,10,155,10,157,7,157,8,157,7,159,6,161,4,161,4,161,4,162,3,162,3,163,2,493,1,164,2,161,5,160,5,161,4,163,3,162,5,159,9,155,2
m1109,671,169,47,51,4,2,4,127,92,28,30,13,156,11,158,9,160,8,161,7,162,6,163,6,163,5,164,4,165,4,165,4,165,3,166,2,167,2,167,2,167,2,167,1,168,1,168,1,168,2,167,1,168,2,167,2,167,2,167,2,167,2,167,1,337,1,337,1,168,1,168,1,168,1,168,2,167,2,167,2,167,1,168,2,167,2,167,2,167,3,166,5,164,15,154,20,149
m1135,599,143,89,37,1,3,1,2,6,1,3,124,24,13,4,4,4,1,6,83,38,1,31,75,72,64,1,3,85,1,5,42,94,3,4,37,109,29,2,3,115,2,2,20,1,3,120,24,121,21,122,2,2,14,129,9,135,7,137,6,137,6,137,6,137,6,137,5,138,5,138,4,139,2,141,2,141,2,141,2,141,1,142,1,142,1,142,1,142,1,142,1,142,2,141,2,141,2,141,2,141,2,141,2,141,2,141,2,141,2,141,1,142,2,141,2,141,3,140,2,141,2,141,2,141,1,142,1,142,2,141,2,141,3,140,3,140,4,139,4,139,4,139,3,140,2,141,2,141,2,141,1,142,1,142,1,142,1,571,1,142,1,141,3,140,5,137,7,132,2,2,8,130,14,129,13,130,13,129,14,129,13,130,13,129,14,124,20,122,21,118,25,117,26,114,29,113,31,107,37,88,56,75,2,3,2,1,63,66,65
m1153,608,125,89,63,2,2,6,3,1,107,21,91,36,85,48,73,57,65,63,60,73,49,82,34,92,25,101,19,110,13,114,10,119,5,120,5,120,4,122,2,123,2,123,1,124,1,124,1,124,1,124,1,124,1,124,1,124,1,124,2,123,2,123,2,123,3,122,3,122,3,122,4,121,4,121,4,121,4,121,4,121,4,121,5,120,5,120,5,120,5,120,5,120,5,120,5,120,5,120,5,120,5,120,5,120,5,119,6,119,6,119,6,119,5,116,3,1,5,116,8,117,7,118,7,117,7,118,7,116,8,117,8,117,8,119,6,120,5,120,5,120,5,120,3,1,2,119,3,1,4,117,3,1,4,118,2,1,5,117,2,1,6,115,13,112,16,109,17,109,1,2,14,108,1,2,14,108,1,2,15,107,1,2,15,106,3,1,15,105,22,99,26,97,30,1,1,91,35,90,36,62,7,15,46,50,16,6,55,39,7,1,20,1,66,28,105,3,4,8,2,1,61
m1173,626,105,92,65,1,89,4,3,5,1,7,84,6,1,20,78,32,66,43,59,48,48,59,34,4,7,63,29,78,20,4,2,83,14,92,11,95,9,97,2,1,4,102,3,102,3,102,3,102,2,103,2,103,2,103,2,103,2,103,2,103,1,104,1,104,1,104,1,104,1,104,1,104,1,104,1,104,1,104,2,103,2,103,2,103,2,103,2,103,2,103,3,102,3,102,2,103,2,103,2,103,2,103,3,102,3,102,3,102,4,101,4,101,5,100,5,100,5,100,5,100,5,100,6,99,5,100,4,101,4,101,3,102,3,102,1,104,1,104,1,104,1,104,1,104,1,104,1,104,1,104,1,104,1,104,1,104,1,104,1,104,1,104,1,104,1,104,1,104,1,524,1,209,1,104,1,104,1,104,1,104,3,102,4,101,5,100,7,98
m1192,650,86,68,68,5,81,6,79,9,77,10,2,1,69,14,2,1,72,16,66,21,60,29,59,27,54,32,48,38,42,44,12,23,1,50,9,77,8,78,5,81,5,81,4,82,3,83,2,84,2,84,2,84,2,84,1,85,1,85,1,429,1,85,1,85,2,84,2,84,1,85,2,84,2,84,2,84,2,84,2,84,2,84,3,83,3,83,3,83,3,83,4,82,4,82,5,81,5,81,5,81,5,81,6,80,7,79,7,79,8,78,8,78,9,77,9,77,10,76,10,76,11,75,11,75,13,73,15,71,15,71,17,69,18,64,23,63,2,2
m1172,627,80,85,26,1,3,10,64,26,52,33,42,42,37,46,33,48,31,50,27,54,24,58,20,61,17,63,15,66,14,66,13,68,12,69,11,70,10,70,9,71,9,72,8,73,7,73,7,74,6,74,5,76,4,76,4,76,4,76,4,76,4,77,3,77,3,77,3,77,3,77,3,77,3,77,4,76,4,76,4,76,4,76,5,75,5,75,5,75,5,75,5,76,4,76,4,76,4,76,4,76,5,75,5,75,5,75,5,75,5,75,5,75,6,75,5,75,5,75,6,74,6,75,5,75,5,75,6,74,6,74,6,74,7,73,7,73,8,72,9,71,9,71,9,71,10,70,10,70,10,70,10,70,10,69,12,67,14,63,19,58,24,51,30,49,32,46,35,39,2,1,38,36,45,30,1,1,50,16,7,4,31
m1149,653,96,65,33,21,57,51,43,59,36,62,33,67,26,72,23,76,18,80,15,82,13,84,11,86,10,87,9,88,7,90,6,91,5,91,5,92,4,92,4,92,4,93,3,93,3,93,3,93,3,93,4,93,3,93,3,93,3,93,4,92,3,93,3,93,2,94,3,93,2,94,2,94,1,95,1,96,1,95,1,95,2,94,3,93,3,93,4,92,4,92,4,92,4,92,4,92,4,92,5,91,6,90,6,90,7,88,8,88,9,86,11,84,13,82,14,82,15,80,17,78,19,76,19,76,21,74,23,71,25,70,26,70,12
m1121,679,125,39,71,4,4,4,3,2,83,50,60,69,50,83,38,91,32,96,25,103,20,107,16,110,13,113,11,115,10,116,8,117,8,118,7,118,7,118,7,118,7,117,8,117,7,117,8,117,6,120,3,122,2,122,3,122,3,123,2,123,4,122,1,123,1,124,2,122,3,120,7,118,9,115,12,111,14,110,16,109,18,104,20,106,10
m1111,638,97,78,34,10,67,46,48,59,36,68,28,74,23,76,20,79,18,81,16,82,14,84,13,85,12,85,11,87,10,88,9,89,8,89,8,90,6,91,6,91,6,92,5,92,5,93,3,94,4,92,4,93,4,93,4,92,5,93,3,94,3,95,2,95,2,95,2,94,3,94,3,94,3,94,2,96,1,96,1,96,1,96,1,96,1,94,3,94,3,95,2,95,1,193,1,95,2,93,4,92,6,90,7,89,8,89,9,88,9,89,8,90,7,90,7,91,6,91,7,90,8,89,9,88,9,87,9,89,10,85,12,84,14,82,16,80,18,77,22,64,6,3,25,59,38,1,2,54,44,52,47,49,53,43,55,32,66,26,83,10,50
m1092,632,99,85,34,9,87,17,81,21,3,1,74,22,2,1,72,27,65,1,6,28,62,39,5,1,52,44,2,2,49,51,46,55,44,55,43,57,42,58,40,60,39,61,37,63,36,64,35,65,34,68,5,9,17,84,15,85,13,86,13,86,13,86,13,86,13,87,11,88,11,88,10,90,9,90,9,90,8,91,8,91,7,93,6,94,4,95,3,96,3,96,4,95,3,96,3,96,4,95,3,96,3,96,2,97,2,97,2,96,3,97,2,96,3,97,1,98,1,196,1,98,1,97,2,97,2,96,3,96,4,95,3,95,5,94,5,94,5,93,6,93,6,92,9,90,10,89,10,90,9,89,11,87,12,87,13,85,14,85,15,84,17,82,19,80,19,79,21,77,21,76,24,72,27,71,28,70,29,68,39,53,47,52,26
m1209,637,61,56,6,7,52,10,50,12,48,15,46,16,44,17,44,18,43,19,42,19,41,21,40,21,40,22,39,22,39,22,39,23,38,23,38,24,37,24,37,25,36,25,36,26,35,27,34,27,34,28,33,29,32,29,32,29,33,29,32,30,32,30,31,30,31,33,2,4,23,41,20,43,19,43,6,2,10,53,9,54,7,56,5,56,5,56,6,55,6,55,7,52,10,51,11,50,11,48,13,44,18,44,17,41,22,31,1,3,27,27,36,27,36,3,1,1,2,18,52,9,53,9,2,1,49,8,19
m1206,674,72,44,4,9,62,12,59,14,58,15,57,15,56,16,56,17,55,17,54,18,54,19,53,19,53,20,53,19,53,20,52,22,50,22,51,21,51,22,50,23,49,24,48,26,46,27,45,28,45,27,45,28,45,27,45,29,44,31,42,33,40,40,1,1,30,49,24,51,22,52,20,52,10,1,10,54,5,1,1,1,10,55,3,2,1,1,11,53,4,2,13,52,5,2,14,50,6,2,15,47,8,2,15,46,27,47,25,58,15,57
m1195,689,50,29,12,6,43,10,39,13,37,15,34,17,32,21,28,24,25,28,21,30,19,32,18,31,17,32,18,31,18,30,20,32,18,43,1,1,4,45,5,45,5,45,5,45,5,47,3,47,3,47,3,48,2,100,1,46,5,45,7,43,3
m1170,686,108,32,56,9,5,2,1,4,1,6,2,13,54,54,3,2,41,62,3,2,41,63,2,2,38,70,38,70,2,2,31,74,1,2,30,78,29,79,28,80,27,81,27,81,27,81,22,86,21,87,20,88,18,90,16,92,12,96,9,99,9,99,8,100,8,100,6,102,1,1,1,107,1,107,1,105,4,104,5,103,8,100,12,96,15,93
m1188,684,90,34,50,39,47,41,41,52,33,57,29,61,27,63,25,65,24,66,23,67,22,68,21,69,22,68,21,69,22,68,22,68,20,70,17,73,13,77,10,80,8,82,4,86,4,86,4,86,4,86,4,86,2,88,1,179,2,88,4,86,8,82,9,81,13,77,14,76
m1202,684,76,34,64,1,7,1,61,11,2,2,49,1,1,25,46,31,36,1,7,32,30,46,1,1,24,52,25,51,24,52,20,56,18,58,16,60,16,60,16,60,15,61,13,63,11,65,10,66,7,69,5,71,4,72,3,73,2,74,2,74,2,74,1,303,2,74,6,70,8,68,10,66,18,56,1,1
m1227,684,51,34,38,10,35,17,23,28,20,32,19,32,18,34,16,35,15,36,13,38,12,39,11,40,11,40,10,41,9,42,8,43,8,43,7,44,4,47,3,48,1,152,1,50,2,49,2,49,3,48,3,48,3,48,3,48,3,48,2,49,2,49,2,49,3,48
m1235,704,43,14,16,25,14,30,9,35,6,37,4,39,3,40,2,41,1,128,1,42,2,41,2,41,1,42
m1259,690,19,28,8,1,17,5,4,2,8,12,7,12,6,13,6,13,5,14,5,14,5,14,5,14,5,14,4,15,4,15,3,16,2,17,1,18,1,18,1,18,1,56,1,18,1,18,1,18,2,17,2,17,2,17,2,17
m1262,705,16,13,6,3,4,1,6,12,3,13,2,14,2,14,2,14,1,15,1,95
m1263,704,15,14,12,1,7,10,4,11,3,12,2,13,2,13,1,44,1,14,1,14,1,14,1,29
m1259,676,19,35,18,1,15,4,5,14,3,16,2,17,3,16,3,16,3,16,2,17,2,17,2,17,2,17,1,18,1,18,1,18,1,170,1,18,2,17,1,18,1,18,1,18,2,17,4,15,5,14,8,1,2,7,12,6,13,5,3
m1250,682,28,36,12,16,10,18,9,19,9,19,7,21,5,23,7,21,7,21,6,22,6,22,5,23,4,24,3,25,3,25,3,25,3,25,3,25,3,25,3,25,3,25,2,26,1,27,1,27,1,27,1,55,1,139,1,27,1,27,2,26,2,26,3,25
m1229,681,49,37,16,9,12,4,22,20,1,10,2,1,10,36,2,1,8,38,2,1,6,43,5,44,4,46,2,47,2,47,2,47,4,45,4,45,1,48,1,48,2,47,2,47,1,48,2,47,1,48,2,47,2,47,2,47,2,47,1,48,1,48,1,195,1,48,1,48,1,48,1,48,2,47,2,47,3,46,8,41
m1243,700,35,18,28,4,1,1,22,1,4,8,14,21,12,24,8,27,7,28,7,28,5,30,4,31,2,33,2,33,1,106,1,32,4,31,3,32,1,34
m1248,705,30,13,17,2,4,6,11,20,6,24,5,25,4,26,3,117,2,28,2,28,2,28,1,29
m1246,705,32,13,13,4,1,2,3,8,12,21,7,25,6,26,4,28,3,29,1,63,1,31,2,30,3,29,3,29,1,31
m1242,681,36,30,34,2,30,1,3,1,13,23,10,27,8,28,6,30,5,31,5,31,6,30,7,29,7,29,7,29,5,31,3,33,2,70,2,34,2,34,6,30,5,31,5,31,4,32,2,34,4,32,6,30,8,27,12,24,14,22,12,24,18,18,1
m1246,652,32,26,22,9,13,20,10,22,9,23,8,24,9,23,9,23,9,23,9,23,9,23,8,24,7,25,6,26,6,26,6,26,6,26,5,27,2,94,1,31,6,26,9,22,12,18,1,1,17,6,1,5,20,5,4,2,5
m1243,685,35,26,28,2,15,25,8,27,5,30,5,30,6,29,6,29,5,30,6,29,6,29,6,29,4,31,5,30,5,30,5,30,5,30,5,30,3,32,2,68,1,34,1,33,5,30,7,26,11,22,15,7,2,8,1,1,6
m1243,692,35,26,33,1,33,3,26,9,4,2,3,26,3,32,8,27,8,27,8,27,7,28,6,29,4,31,3,32,2,33,1,34,2,33,2,33,2,138,1,34,1,34,3,32,6,29,5,30,14,1,6,13,1
m1238,695,40,23,32,6,35,5,35,2,1,3,18,4,4,14,17,23,16,25,14,26,13,27,7,33,8,32,8,32,8,32,7,33,7,33,6,34,2,118,2,38,3,37,7,33,6,34,7,33
m1240,687,38,31,35,1,32,3,2,1,31,4,2,2,29,6,1,2,30,5,1,2,30,5,2,1,25,1,1,1,1,6,2,1,13,8,1,17,7,31,6,32,6,32,6,32,5,33,5,33,5,33,4,34,4,34,2,36,2,36,2,36,3,35,3,35,2,36,1,114,1,37,2,35,3,35,4,34,4,34
m1251,674,27,37,25,2,24,2,53,2,12,15,11,16,11,16,11,16,11,16,10,17,10,17,9,18,9,18,7,20,7,20,7,20,7,20,7,20,7,20,7,20,4,23,3,24,2,25,3,24,3,24,3,24,4,23,4,23,3,24,2,25,1,27,1,25,3,24,4,22,6,19,16,3,2,6,16,2,4,4,4
m1246,700,32,18,26,5,10,23,7,25,7,25,6,26,5,27,5,27,4,28,3,29,2,30,1,31,1,63,1,31,2,30,4,28,6,26,4,28
m1241,695,37,23,13,6,9,8,7,30,7,31,6,31,5,32,5,32,3,34,2,35,1,36,1,36,2,35,1,36,1,36,1,36,2,35,2,35,1,73,1,36,2,35,2,35,2,35,1,36
m1243,692,35,26,10,8,10,1,4,1,8,27,6,30,4,31,3,32,4,31,4,31,4,31,4,31,2,33,1,209,1,34,1,34,1,34,1,34,1,34,1,34,2,33,2,33,1,34,1,34
m1259,710,19,8,18,1,3,16,2,17,2,55,3,16,3,16
m1257,706,21,12,7,14,6,15,5,16,6,15,5,16,3,39,1,20,1,20,2,19,3,18,3,18
m1245,683,33,35,24,5,24,12,16,17,16,17,12,21,11,23,10,23,10,23,9,24,8,25,7,26,6,27,5,28,4,29,4,29,4,29,4,29,3,30,2,31,2,31,1,32,1,32,1,32,1,32,1,32,1,32,1,197,1,32,2,31,3,30
m1242,678,36,40,30,1,2,2,29,7,24,12,22,14,20,16,18,19,15,21,14,22,14,22,12,24,10,26,10,26,10,26,10,26,9,27,9,27,8,28,7,29,6,30,6,30,3,33,2,34,2,34,2,34,1,251,1,71,1,35,1,35,1,35,1,35,1,35,1,35,2,34
m1239,689,39,29,16,6,1,1,7,6,16,24,13,27,11,28,11,28,10,29,10,29,9,30,9,30,9,30,8,31,8,31,7,32,6,33,4,35,4,35,3,36,2,37,2,37,1,272,2,37,2,37,4,35
m1235,667,43,51,36,3,25,21,20,23,17,26,15,28,13,31,11,32,10,33,10,33,10,33,10,33,10,33,10,33,9,34,9,34,9,34,9,34,9,34,6,1,1,35,5,38,3,40,2,41,2,41,2,41,2,41,2,41,2,41,2,41,2,41,2,41,2,41,1,42,1,172,1,41,1,42,2,41,2,41,2,41,2,41,3,40,3,40,4,39,5,38,6,37,6,37,7,36,8,35,14,28,1
m1237,673,41,45,35,5,33,8,32,9,32,9,33,8,32,9,22,6,3,10,20,21,20,21,19,22,19,23,17,24,16,25,14,27,13,28,12,29,11,30,11,30,10,31,10,31,10,31,9,32,7,34,6,35,5,36,4,37,3,38,2,39,2,39,1,40,1,327,1,40,1,40,1,40,1,40,1,40,1,40,1,40
m1259,669,19,49,9,3,4,2,9,10,8,12,6,13,6,13,6,13,5,14,5,14,5,14,5,14,5,14,5,14,5,14,4,15,4,15,4,15,4,15,4,15,3,16,3,16,3,16,3,16,3,16,2,17,3,16,3,16,3,16,2,17,2,17,2,17,2,17,2,17,2,17,2,17,1,18,1,37,1,18,1,18,1,18,2,17,2,17,2,17,2,17,2,17,2,17,2,17,2,17,2,17
m1263,685,15,33,12,2,5,11,3,12,3,12,2,13,2,13,1,14,1,14,1,14,1,14,1,14,1,299,1,14,1,14
m1264,652,15,65,8,4,8,9,5,10,5,10,4,12,3,12,3,12,2,13,2,13,2,13,2,13,2,13,2,13,2,13,2,13,2,13,2,13,1,14,1,14,1,14,1,14,1,14,1,14,1,14,1,14,1,14,1,14,1,14,1,14,1,14,1,14,1,209,1,14,1,14,1,14,1,14,1,14,1,14,1,14,1,14,1,14,1,29,1,14,1,14,1,14,1,14,1,14,1,14,1,14,2,13,2,13
m1264,619,15,98,12,2,13,3,11,4,7,8,7,8,7,8,7,8,6,9,7,8,6,9,6,9,6,9,6,9,6,9,6,9,5,10,5,10,4,11,4,11,3,12,3,12,2,13,2,13,1,14,2,13,2,13,2,13,2,13,2,13,2,13,2,13,2,13,1,14,1,14,1,14,1,14,1,14,1,14,1,14,1,14,1,14,1,14,1,14,1,14,1,14,1,14,1,14,1,14,1,14,1,14,1,14,1,14,1,14,1,14,1,14,1,14,1,14,1,14,1,14,1,14,1,14,1,14,1,14,1,209,1,14,1,14,1,14,1,14,1,14,2,13,2,13,2,13,2,13,2,13,2,13,3,12,3,12,3,12,3,12,3,12,3,12,3,12,4,11,5,10,7,8
m1266,633,13,83,9,1,1,1,9,4,7,7,5,8,5,8,5,8,4,9,4,9,4,9,4,9,3,10,3,10,3,10,3,10,3,10,1,12,1,12,1,12,1,12,1,12,1,12,1,12,1,12,1,12,1,12,1,12,1,12,2,11,2,11,2,11,2,11,2,11,1,12,1,12,1,12,1,12,1,12,1,12,1,12,1,12,1,12,1,12,1,12,1,12,1,12,1,12,1,12,1,155,1,12,1,12,1,12,1,12,1,12,1,12,1,12,1,12,1,12,1,12,1,12,1,12,1,12,1,12,2,11,2,11,2,11,3,10,3,10,3,10,4,9,4,9,4,9,5,8
m1264,640,15,75,6,1,14,2,89,1,3,2,9,1,3,3,7,8,7,9,4,11,3,12,2,13,2,13,2,13,2,13,2,13,2,13,2,13,2,13,2,13,2,13,2,13,2,13,1,14,1,14,1,14,1,14,1,164,1,179,1,14,1,14,1,14,1,14,1,14,1,14,1,14,1,14,1,14,1,14,1,14,1,14,2,13,3,12,4,11,4,11,5,10,6,9,7,8,7,6,10,4,11,4,11,4,3
m1264,655,14,60,12,2,4,10,4,10,4,10,3,11,3,11,3,11,3,11,3,11,3,11,3,11,3,11,2,12,2,12,2,12,1,13,1,13,1,13,1,13,1,433,1,13,1,13,1,13,2,12,3,11,3,11,3,10,4,10,5,8,7,7,2
m1263,686,15,32,5,3,3,3,5,11,3,12,2,13,2,13,1,14,1,14,1,14,1,14,1,14,1,14,1,14,1,14,1,14,1,164,1,14,1,14,1,14,1,14,2,13,2,13,2,13
m1265,705,14,13,4,8,3,13,1,153
m1245,683,33,35,10,3,29,5,28,6,26,24,7,27,5,28,4,29,3,30,3,30,2,31,2,31,2,31,2,31,2,31,2,31,2,31,2,31,2,31,2,31,2,31,2,31,1,164,1,32,1,32,2,31,2,31,3,30,4,29,5,28,6,27,10,23
m1256,686,22,28,10,12,8,14,7,15,6,16,6,16,6,16,6,16,5,17,5,17,3,19,4,18,4,18,3,19,2,20,1,21,1,131,2,20,1,21,1,21,2,20,3,19,6,16,6,16
m1263,704,15,14,4,11,2,13,2,13,1,14,1,14,1,14,1,119
m1259,704,19,14,6,4,4,4,5,15,3,16,3,16,2,17,2,17,1,75,1,18,1,18,2,17,2,17
m1262,683,16,26,12,4,9,7,5,11,4,12,3,13,2,14,2,14,2,14,1,15,1,15,1,15,1,47,1,15,1,15,1,15,1,15,2,14,2,14,2,14,2,14,3,13,4,12,5,2,1,6,11,4,3
m1262,706,16,12,6,4,3,1,6,12,4,12,3,13,3,13,2,14,1,95
m1259,699,19,15,13,6,4,15,3,16,3,16,2,17,2,17,2,17,1,37,1,37,2,17,3,16,3,16,5,14
m1247,686,31,16,29,1,12,19,10,22,7,24,5,26,5,26,5,26,3,28,1,30,1,30,1,61,1,30,2,28,3,28,5,24,1,1,1
m1248,698,30,17,22,7,7,24,3,27,2,28,2,28,2,28,2,28,1,148,1,29,1,29,1,29,2,26,8,21,4
m1244,699,34,17,4,29,3,31,4,31,4,30,3,31,3,31,2,32,2,32,1,33,1,33,1,67,1,33,2,32,2,31,5,29,7,27,1
m1244,700,34,18,17,16,8,27,6,28,6,28,6,28,5,29,4,30,3,31,2,32,1,33,1,33,1,67,1,33,1,33,1,33,3,31,6,27,1
m1239,701,39,17,26,12,15,6,1,17,15,25,13,26,14,25,12,27,7,1,1,30,4,35,3,36,2,37,2,37,1,116,2,37,4,35,4,35
m1246,699,32,19,31,1,11,21,11,21,10,22,9,23,8,24,8,24,7,25,5,27,4,28,4,28,4,28,3,30,1,30,2,30,3,29,3,29,3,29,3,29
m1241,700,37,18,30,6,19,1,4,13,19,2,2,15,15,22,14,23,13,24,12,25,9,28,7,30,5,32,3,34,2,109,1,36,2,35,2,35,3,34
m1242,702,36,16,12,23,13,23,13,24,11,25,9,27,8,28,6,30,5,31,4,32,3,141,2,34,2,34,2,34
m1247,690,31,23,25,1,3,2,12,19,9,22,7,24,8,23,8,23,7,24,5,26,5,26,6,25,4,27,3,28,2,29,2,122,1,30,2,29,3,28,5,26,7,24,9,22
m1246,702,32,16,26,5,10,23,9,23,8,24,6,26,5,27,5,27,4,28,2,30,1,63,1,31,1,31,3,29,4,60
m1258,687,20,24,13,3,3,1,6,14,5,15,7,3,1,9,6,4,1,9,6,4,1,9,6,14,5,15,5,15,5,15,5,15,5,15,4,16,4,16,3,17,2,18,1,79,1,19,2,17,4,16,6,13,2
m1258,700,20,18,16,4,6,8,1,5,5,15,4,16,3,17,4,16,3,17,3,17,3,17,1,19,1,119,3,17,3,17
m1248,711,30,7,6,24,5,25,4,26,2,58,2,28,4,26
m1254,703,24,15,9,3,1,1,2,4,1,3,7,17,6,18,6,18,5,19,4,20,3,21,2,22,1,71,1,23,3,21,4,20,3,21
m1240,711,38,7,4,6,1,27,2,36,2,112,2,36,3,35
m1253,688,25,30,23,2,33,17,6,19,6,19,6,19,8,17,5,20,3,22,3,22,3,22,3,22,3,22,2,23,2,23,1,24,1,24,1,49,1,149,2,23,2,23,3,22,4,21,7,17,1
m1260,702,18,16,12,1,1,3,5,14,3,15,2,16,2,16,1,17,1,17,1,17,1,53,1,17,1,17,1,17,2,16,2,16
m1254,704,24,14,9,15,9,15,7,17,4,20,3,21,3,21,1,71,1,23,1,23,2,22,4,20,4,20
m1268,702,10,16,8,2,4,1,1,4,3,7,2,8,2,8,2,8,2,8,2,8,1,49,1,9,1,9,1,9
m1263,703,15,15,14,1,12,3,4,5,1,5,11,4,3,12,2,13,2,13,1,14,1,44,1,14,1,14,1,29
m1253,699,25,19,24,1,17,5,2,1,10,15,8,17,7,18,6,19,6,19,5,20,5,20,4,21,3,22,1,49,1,24,1,24,1,24,2,23,3,22,2,23
m1264,685,14,33,11,1,1,1,11,3,5,1,1,7,5,9,3,11,3,11,3,11,3,11,2,12,2,12,2,12,2,12,2,12,2,12,2,12,1,13,1,13,1,13,1,27,1,13,1,13,1,13,1,69,1,13,1,13,1,13,2,12,2,12
m1264,703,14,15,13,1,9,5,8,6,8,6,2,12,2,12,1,83,1,13,1,13,1,13
m1252,707,26,11,9,4,11,1,8,19,6,20,5,21,3,23,1,25,1,25,1,51,1,25,1,25
m1251,683,27,26,12,1,1,12,10,18,8,19,5,22,4,23,3,24,4,23,3,24,4,23,3,24,3,24,3,24,2,25,1,161,1,26,1,26,1,26,2,25,3,23,5,22,9,15,4
m1243,686,35,18,16,18,11,25,8,27,7,28,6,29,5,30,4,31,4,31,3,32,2,33,1,279
m1256,703,22,15,17,2,17,8,8,3,1,10,6,16,5,17,4,18,2,20,2,20,2,20,2,20,1,21,1,65,1,21
m1250,701,28,17,19,9,13,15,9,19,6,22,3,25,2,26,1,27,1,27,1,167,1,27,2,26,4,24
m1248,702,30,16,21,1,1,3,17,1,1,15,8,22,6,24,5,25,3,27,2,28,1,209,1,29,2,28
m1244,702,34,16,26,4,16,21,10,24,8,27,5,29,5,29,4,30,4,30,3,31,2,32,1,33,1,135,2,32
m1236,702,42,15,5,36,3,39,2,83,2,40,2,40,2,40,1,41,3,39,3,1,1,37,1,41,1,41,2,40,3,39,6,35,1
m1232,702,46,15,15,28,17,31,11,36,8,38,5,41,5,87,3,43,4,42,3,43,2,44,4,42,4,42,3,43,5,40,1
