1
m401,272,66,41,47,9,55,15,48,20,43,23,41,26,39,27,38,28,37,29,36,30,35,32,33,32,34,33,32,34,31,34,30,36,26,40,22,44,19,46,18,48,16,50,14,51,14,51,12,54,10,55,10,55,10,56,9,57,9,56,9,57,9,57,9,58,8,61,5,63,3,64,2,65,2,64,2,62,4,59,8,54,12,52,17,37,24
m383,274,56,43,36,11,41,17,37,19,35,22,33,23,33,23,32,25,30,26,30,26,29,27,28,28,28,28,27,29,24,32,22,34,20,36,18,38,16,40,15,41,13,43,12,44,10,46,9,47,8,48,7,49,6,50,6,51,4,52,4,53,3,55,1,386,1,1,1,55,4,44,13,40,16,35,21,28,29,21,33
m382,280,56,40,21,15,39,19,35,23,31,26,29,28,27,30,25,33,22,35,20,38,17,40,16,40,16,41,14,43,13,43,12,44,11,46,9,47,8,48,7,49,6,51,5,51,4,53,3,54,2,54,1,487,17,37,20,32,24,31,25,30,27,27,30,21,36,15,37
m368,287,71,40,11,23,45,31,38,35,35,38,31,43,27,46,25,48,22,51,20,53,18,56,15,58,13,61,9,63,8,64,7,65,6,66,5,68,3,70,1,355,1,70,1,70,1,70,1,69,3,65,6,63,9,56,16,54,19,51,21,45,28,42,31,39,34,36,36,35,37,33,39,32,48,21,25
m361,282,76,47,14,4,66,17,58,21,54,24,51,29,46,34,41,38,38,41,34,45,31,47,28,50,26,52,23,56,20,59,17,61,15,63,13,64,12,66,10,68,8,70,6,71,5,72,4,74,2,75,2,75,1,75,1,75,1,75,2,74,2,74,3,73,4,71,6,66,10,63,14,60,16,60,17,59,18,58,20,56,22,54,24,52,26,49,29,46,32,44,36,2,4,33,48,26,53,20,18
m371,281,82,56,16,9,2,2,64,27,52,33,47,40,41,45,35,52,30,57,24,63,19,65,16,68,14,70,12,72,9,74,8,75,7,76,6,77,5,78,4,80,2,80,3,80,2,81,1,81,1,81,1,81,1,81,1,81,1,81,1,81,1,80,2,79,4,77,5,76,7,74,8,74,9,71,12,69,14,68,15,67,16,66,18,64,20,62,21,61,22,60,24,58,25,57,27,56,27,56,27,56,28,54,29,54,1,1,27,55,28,55,29,53,32,44,2,1,1,2,35,41,4,2,38,37,5,1,2
m378,276,82,63,13,19,60,27,53,34,47,41,40,46,36,50,31,53,29,56,25,60,22,63,19,65,16,69,13,71,10,73,9,74,8,75,6,77,5,78,4,78,4,79,2,81,1,81,1,492,1,81,1,80,2,78,4,77,5,77,5,76,6,74,9,72,10,71,12,69,14,67,15,67,16,66,17,66,17,65,19,64,21,61,29,53,32,50,35,47,38,44,40,42,41,41,42,40,43,39,44,39,43,40,43,40,42,42,41,42,40,42,40,42,40,42,40,30,2,4,1,2,44,19,5,1,19
m383,271,97,58,21,29,59,46,49,50,46,53,43,57,39,61,36,64,32,71,25,76,21,80,16,82,15,83,14,84,12,86,11,88,8,90,7,91,6,91,5,93,4,95,2,95,2,96,1,96,1,677,1,95,2,94,4,91,6,89,8,85,12,83,15,80,18,78,20,76,22,75,24,72,26,71,30,67,33,64,37,60,40,58,42,55,49,48,53,44,55,42,56,40,59,38,60,37,62,35,63,33,65,32,67,29,73,22,22
m402,267,97,55,18,31,62,42,52,50,46,56,39,62,34,67,29,70,26,73,24,76,20,78,18,81,16,82,15,84,12,87,10,88,9,89,7,91,6,92,5,94,3,95,2,95,2,96,1,96,1,677,1,92,5,89,8,87,10,85,13,82,15,80,17,78,20,76,22,74,24,72,26,70,29,68,31,66,44,52,65,32,68,29,73,24,75,22,76,20,77,20,78,19,79,17,81,15,83,12,1,1,84,8,1,2,28
m429,258,99,55,18,35,61,48,48,55,41,61,37,66,31,73,25,78,20,82,17,83,15,86,13,88,10,90,9,92,7,93,6,94,4,96,3,96,3,97,2,98,1,98,1,98,1,98,1,98,1,98,1,690,3,94,5,92,8,90,9,89,10,88,11,87,13,85,14,83,16,82,18,78,23,74,26,73,29,69,37,62,52,46,64,35,70,29,73,26,75,25,78,21,78,20,83,16,84,14,88,7,2,2,22
m449,251,100,54,31,1,87,33,62,50,47,58,37,71,27,77,22,81,18,84,16,86,13,89,11,90,10,92,8,93,7,95,5,96,4,97,3,98,1,99,2,99,1,99,1,99,1,798,1,99,1,97,3,96,5,93,7,92,8,90,11,87,13,85,16,81,20,79,22,77,25,74,30,69,36,1,3,59,64,35,69,31,73,26,76,24,77,23,80,19,82,18,83,16,85,17,85,13,91,8,26
m479,243,100,71,16,25,70,40,57,51,48,56,43,62,37,67,32,71,28,75,25,77,22,81,18,85,15,87,13,90,9,93,7,95,5,96,4,96,4,97,3,98,2,98,2,99,1,600,1,99,1,99,1,99,2,98,2,97,3,96,5,95,6,93,7,91,10,87,14,83,18,80,21,77,25,73,29,70,32,67,35,64,44,56,50,50,55,45,58,42,60,40,62,38,63,37,64,36,66,34,67,33,68,32,68,32,70,30,71,29,71,29,72,27,73,27,74,26,74,26,75,24,76,24,77,23,78,21,80,20,82,17,84,15,89,10,26
m497,240,96,65,12,23,71,45,49,52,42,58,37,62,33,67,28,71,24,76,20,79,16,82,14,85,11,86,9,89,7,90,6,92,4,93,3,94,2,95,1,95,1,576,1,95,1,95,1,95,1,95,2,94,2,94,3,93,3,93,4,91,6,90,7,88,9,86,12,81,17,77,21,73,26,67,36,59,47,47,53,43,55,40,57,39,59,37,60,36,61,34,63,34,63,33,64,32,65,31,66,30,66,30,67,29,67,29,68,28,68,27,69,27,69,27,70,25,71,24,73,21,79,15,24
m519,235,86,56,7,19,65,26,58,35,51,40,45,45,40,49,37,51,35,53,33,56,29,59,27,61,25,63,23,65,21,67,19,69,17,72,14,73,13,75,11,76,10,78,9,78,8,80,6,81,6,81,5,82,4,82,5,82,5,82,5,81,6,80,7,79,8,78,9,77,10,76,13,73,15,71,17,69,21,65,24,62,27,59,30,56,33,53,36,49,40,44,43,41,47,37,51,32,55,30,57,28,59,26,61,24,63,22,65,20,68,18,69,15,73,12,19
m527,236,79,54,7,16,61,22,56,28,50,31,47,35,43,38,41,40,39,42,37,44,35,46,32,49,30,51,28,54,25,56,23,58,21,61,19,61,18,63,17,63,17,65,15,66,14,67,13,67,13,67,13,67,13,67,12,67,13,67,14,65,16,64,16,63,18,61,19,61,20,59,21,58,23,56,27,52,32,47,34,45,36,43,37,42,40,39,41,38,43,36,45,34,46,32,48,30,50,28,52,26,54,24,57,21,59,19,63,16,64,14,8
m536,229,79,53,13,21,53,30,47,35,42,40,38,44,34,47,31,50,29,53,25,57,22,59,20,61,18,63,16,64,15,66,13,68,12,68,11,69,11,69,10,70,10,70,10,70,9,71,9,70,10,70,10,69,11,69,11,68,12,67,14,66,15,64,17,63,18,61,21,58,23,56,26,53,29,50,32,47,34,45,37,42,39,40,40,39,41,38,43,36,45,33,48,31,49,29,51,27,53,26,55,23,58,19,61,17,63,16,66,2,2,4,12
m551,223,75,53,15,14,55,31,42,47,2,1,23,58,15,62,12,63,11,65,9,66,9,67,8,68,7,68,7,69,6,69,6,70,5,70,5,70,5,70,6,69,6,70,6,69,7,68,8,67,10,66,11,64,12,63,13,62,15,61,16,59,18,57,20,55,22,54,24,51,28,47,32,44,34,41,36,39,37,38,38,37,40,35,41,34,42,33,43,32,43,32,45,30,46,29,48,27,49,26,50,25,52,22,55,20,57,18,59,15,62,13,2
m545,204,84,62,34,1,2,14,65,26,56,31,44,43,40,46,37,49,33,52,32,53,30,55,27,57,25,60,22,63,18,66,15,70,13,71,12,72,11,74,10,74,9,76,8,78,6,81,3,83,1,336,1,83,1,83,2,82,2,82,3,81,3,81,4,80,5,78,7,76,8,75,10,74,11,72,13,71,14,69,16,68,18,66,19,64,22,62,24,60,26,58,28,56,32,52,36,48,42,42,45,38,49,35,51,33,52,32,54,30,55,29,56,28,58,25,60,24,62,21,67,16,72,11,11
m521,191,122,57,43,38,81,56,58,68,50,76,44,82,33,94,23,102,13,113,8,115,7,116,6,116,3,1,1,117,2,120,3,118,3,119,3,119,2,120,3,118,4,118,3,119,2,119,3,119,4,118,4,117,6,116,6,115,8,113,9,112,11,110,12,110,13,109,14,108,15,106,16,106,16,106,16,106,16,106,17,105,18,103,20,102,22,100,23,98,24,98,25,97,27,94,29,94,31,90,34,88,36,85,40,81,44,77,50,72,58,1,2,61,65,56,70,51,76,44,88,32,21
m550,205,96,57,50,1,2,6,83,21,53,3,6,3,1,41,4,3,25,74,20,77,18,78,17,79,16,80,15,81,15,82,13,82,13,90,6,90,6,90,5,91,5,91,5,91,5,91,5,91,5,91,6,90,6,90,6,89,7,89,7,89,7,89,7,87,9,86,9,85,11,84,11,85,11,84,11,85,10,86,10,85,10,85,11,82,14,82,14,82,13,83,13,82,14,82,14,82,14,82,14,81,15,80,16,80,16,80,17,78,18,77,19,76,22,72,25,70,28,66,35,59,44,5,1,45,55,8,2,30,28
m546,211,92,60,21,3,2,6,78,32,58,45,46,53,37,64,26,70,20,76,15,78,13,80,11,82,10,82,10,83,8,85,7,86,6,87,5,87,5,87,5,87,5,87,4,88,4,88,4,88,4,88,3,89,3,89,3,89,3,89,2,90,2,90,2,88,3,86,6,85,7,85,7,84,7,85,7,85,7,85,7,85,7,84,8,83,9,83,9,82,10,81,11,81,11,82,10,81,11,81,11,80,13,79,13,79,14,77,16,75,18,74,20,70,23,67,27,64,30,61,33,57,37,54,40,50,25
m545,237,92,65,85,1,91,2,89,6,85,9,83,9,82,10,81,11,82,10,79,13,78,14,70,3,5,14,9,3,56,24,7,6,53,26,6,8,52,26,5,10,51,26,4,12,50,25,5,12,50,24,5,14,48,24,6,14,48,22,7,15,35,5,3,26,8,15,34,34,9,17,31,35,8,19,30,35,8,20,26,37,9,22,24,37,9,23,23,37,9,25,21,37,8,27,20,37,8,27,21,36,8,27,21,36,8,27,20,36,9,28,18,36,10,29,16,37,10,35,8,38,11,80,12,79,13,77,15,76,17,74,18,72,20,72,21,70,22,70,23,68,25,67,26,66,28,64,29,63,29,63,30,62,30,62,32,61,34,58,36,56,38,54,39,7,1,45,51,41,60,3,2,28,66,26,72,20,73,19,74,19,74,18,74,18,76,16,18
m544,234,92,53,53,7,70,36,51,45,43,54,31,62,25,68,21,72,18,75,16,77,14,78,14,79,12,81,10,82,10,83,9,84,8,84,7,85,7,85,6,86,6,86,6,86,5,87,5,87,5,87,4,88,4,82,1,5,3,81,5,3,3,80,6,3,3,80,12,80,7,2,3,79,12,79,13,78,14,77,15,77,15,77,14,77,15,77,15,77,15,76,16,33,7,36,16,31,12,32,17,30,15,29,18,29,16,29,18,29,17,28,17,31,16,28,18,30,17,26,19,30,17,25,19,31,18,24,20,30,19,22,22,29,21,20,24,27,22,18,30,20,25,16,22
m575,262,86,57,15,36,48,48,37,52,32,56,29,60,25,62,23,64,21,66,20,67,17,69,16,71,13,73,13,74,11,75,11,76,11,76,10,77,9,78,9,78,9,78,9,78,15,72,16,72,14,72,13,74,9,77,6,80,6,80,6,80,6,80,6,80,6,80,7,79,10,76,11,73,14,68,21,63,25,61,26,59,28,57,31,55,33,53,33,52,35,51,36,49,39,47,40,46,41,44,43,42,44,42,45,41,45,40,47,38,49,36,50,34,54,31,58,25,23
m581,272,87,59,26,30,2,1,38,59,27,64,22,67,20,69,17,72,15,73,14,74,12,76,11,77,9,79,8,79,7,80,7,81,6,80,6,82,4,82,5,83,4,83,4,83,3,84,3,84,3,85,2,86,1,86,1,86,1,86,1,85,2,85,2,84,3,84,3,83,4,83,4,84,3,83,3,84,4,83,4,84,3,84,4,82,5,82,6,81,7,80,8,79,9,78,10,77,10,77,11,76,11,75,13,74,13,74,14,73,14,73,18,68,20,66,23,62,32,53,39,47,54,3,5,5,1,13,1,4,12
m613,296,104,56,41,4,2,6,83,31,2,5,54,54,46,61,39,67,35,70,32,73,30,75,28,77,26,79,24,81,22,83,20,84,20,85,19,86,17,89,15,90,14,92,11,94,10,95,9,97,7,99,5,101,3,103,1,312,1,103,1,103,2,87,7,8,2,87,10,5,3,85,19,85,20,84,20,84,21,83,21,83,22,82,22,82,23,81,24,81,23,81,23,81,23,81,25,79,26,78,26,78,27,77,29,75,30,74,32,72,34,69,38,66,40,62,46,56,51,51,22
m640,305,97,60,29,26,69,34,59,45,46,56,39,62,34,66,27,73,23,75,19,79,17,81,15,82,14,84,13,84,12,86,11,87,10,87,9,88,9,89,8,90,6,92,5,93,4,94,3,95,2,95,2,96,1,291,1,96,1,88,10,86,11,85,13,83,14,84,13,84,13,84,13,83,15,82,15,82,15,82,16,81,17,79,18,79,19,78,20,77,21,75,23,74,24,73,26,71,26,70,28,69,29,68,31,65,34,63,35,61,39,58,45,51,48,48,51,45,59,4,1,31,21
m665,324,98,59,26,24,62,50,5,1,40,62,35,70,26,76,21,79,18,81,16,82,15,84,14,85,13,86,11,87,11,88,10,88,9,90,8,91,6,93,5,93,5,94,3,96,2,96,2,97,1,97,1,97,1,97,1,97,1,97,1,488,1,96,2,92,6,90,8,89,9,89,9,88,10,88,10,88,10,87,11,86,12,86,13,85,13,84,15,83,15,83,15,82,17,81,17,80,19,79,20,77,22,76,23,74,26,70,31,66,36,60,46,49,58,37,28
m669,335,94,60,24,18,70,43,3,15,30,69,23,73,20,74,18,77,16,78,15,79,14,80,13,82,12,83,10,84,10,84,9,86,8,88,6,89,5,89,4,90,4,91,3,91,3,91,3,91,3,91,3,91,2,92,2,92,2,92,1,93,1,93,1,93,1,93,1,93,1,93,1,186,2,92,1,92,3,91,3,90,4,89,4,88,7,87,7,87,7,86,8,86,8,86,8,85,9,85,10,83,12,82,12,81,15,78,18,76,19,74,24,69,27,67,29,64,34,57,43,48,54,36,24
m655,376,102,62,91,6,93,12,88,16,78,3,3,18,68,1,2,2,2,27,63,39,49,53,47,55,44,58,42,60,40,62,42,60,36,66,37,65,35,67,36,66,36,66,34,68,25,1,2,1,3,69,26,1,2,1,2,70,26,1,9,66,25,76,26,76,23,78,11,1,13,77,21,80,13,1,2,86,12,89,12,90,9,92,10,92,9,92,10,92,9,93,9,92,9,93,9,93,9,93,8,93,10,92,9,92,10,92,10,89,13,86,16,85,17,84,18,84,19,82,20,78,24,77,26,75,27,75,28,73,30,71,32,69,34,67,38,62,42,59,45,56,48,52,52,45,61,32,2,2,45
m614,397,132,75,83,3,5,1,12,13,82,3,2,2,1,50,71,65,57,77,54,79,51,81,50,82,48,84,43,89,40,92,39,93,38,93,38,94,37,95,36,95,36,96,35,96,35,97,34,97,34,97,35,96,34,97,35,97,34,97,34,97,34,98,34,97,34,97,34,97,34,96,35,96,35,96,35,95,36,95,35,95,35,96,35,96,35,96,35,96,35,95,36,95,36,95,36,95,36,94,37,95,36,95,35,96,36,95,36,96,36,95,37,95,37,95,36,96,36,96,36,96,36,97,35,97,35,95,38,94,38,93,39,92,41,89,43,88,45,85,48,83,50,80,54,77,55,75,59,70,64,65,68,60,74,53,81,45,89,31,105,20,90
m689,229,123,104,100,2,117,13,108,17,102,22,99,25,96,27,94,29,93,30,91,32,89,34,87,36,85,38,83,40,81,41,80,43,79,44,78,44,77,46,75,48,73,49,73,50,71,51,70,53,69,53,68,55,66,57,65,58,63,60,61,62,59,64,57,67,55,69,52,72,50,74,48,78,44,82,39,85,37,87,35,89,32,92,30,94,27,96,25,98,23,100,21,102,20,103,19,104,18,105,16,107,15,108,14,109,13,110,12,111,10,112,10,113,9,114,8,114,9,114,8,115,7,115,7,116,6,116,6,117,6,116,6,116,7,116,6,116,7,115,8,113,10,112,11,111,12,109,14,108,15,107,17,104,19,102,21,98,25,96,28,93,30,90,34,88,35,86,38,83,40,81,43,78,45,77,47,74,50,72,52,70,55,67,57,64,59,62,62,60,64,57,67,55,69,53,71,50,74,48,76,45,79,42,83,37,88,32,92,26,101,19,76
m654,256,128,79,98,17,109,21,105,25,99,31,93,35,90,38,87,41,84,44,81,46,79,48,78,50,75,52,74,53,73,54,72,55,70,57,67,60,66,60,66,61,65,62,63,64,62,64,61,66,60,67,58,69,57,70,56,71,55,72,54,72,55,73,53,78,49,91,35,97,30,101,25,105,21,111,16,113,14,114,13,116,11,117,10,118,9,119,8,120,7,121,5,123,4,123,4,122,5,118,9,115,12,110,18,106,22,102,26,100,28,98,30,94,34,92,37,89,39,88,40,86,43,83,46,80,48,78,51,75,54,73,55,70,59,68,60,66,63,64,64,63,66,61,68,58,71,56,74,54,75,52,77,50,80,47,83,45,84,42,88,39,68
m592,278,127,55,83,14,109,25,92,42,80,52,72,59,64,66,57,71,54,75,49,79,46,81,42,85,38,89,36,91,33,94,31,96,29,98,25,102,21,106,19,108,17,110,15,112,13,113,13,112,13,113,12,113,13,111,15,108,18,104,22,102,24,101,25,100,26,98,28,97,30,94,33,91,36,87,40,83,44,80,47,77,51,74,53,73,55,69,59,66,62,64,63,62,65,61,67,59,69,57,71,56,73,52,77,47,82,43,85,39,90,33,98,25,82
m564,279,119,46,61,50,56,68,47,74,42,78,38,81,36,83,34,85,32,87,29,90,26,93,23,96,21,98,20,99,19,100,18,100,18,101,16,102,15,103,14,104,14,104,13,106,12,106,12,107,10,108,10,108,10,109,10,108,10,108,11,108,10,108,11,108,11,106,13,104,15,100,19,95,24,91,28,86,33,83,36,79,41,73,46,68,52,63,58,58,62,54,68,48,73,43,66
m511,280,105,49,44,32,66,47,51,59,42,67,35,73,30,78,25,82,20,86,18,88,16,90,14,91,13,93,11,94,10,95,9,96,9,96,8,97,7,98,7,98,7,98,6,99,6,99,5,100,5,100,4,101,4,101,3,102,2,102,3,101,3,101,4,100,4,99,6,98,7,97,8,95,10,94,11,91,14,90,15,87,18,83,22,79,26,71,34,52,4,6,43,49,57,44,61,42,64,38,68,33,76,23,75
m488,283,102,52,54,10,81,27,71,35,63,43,54,51,47,59,40,64,37,67,33,72,28,76,25,78,23,80,20,84,18,85,16,87,14,88,14,89,12,90,11,92,9,93,9,93,8,94,7,95,6,96,6,96,5,97,4,97,5,97,5,97,4,96,6,94,7,94,8,93,8,92,10,91,10,91,11,89,13,88,14,86,17,84,18,83,19,82,20,80,23,78,24,76,26,74,29,68,34,64,39,59,44,54,50,46,58,37,56
m453,296,97,52,47,1,1,16,71,31,61,39,55,46,49,50,45,54,41,58,37,63,33,67,28,70,25,73,23,75,21,77,18,80,16,82,14,84,13,85,11,86,10,87,10,87,9,88,9,88,8,89,7,90,6,91,5,92,5,92,4,92,5,92,4,93,3,94,3,93,3,93,4,92,5,92,5,91,6,90,6,90,7,90,7,89,8,87,10,84,13,83,14,81,16,79,18,76,21,74,24,70,28,60,38,43,56,29,71,20,69
m419,311,104,41,48,14,85,29,72,38,62,48,54,52,50,57,45,61,41,64,37,69,33,73,29,77,26,79,23,82,21,83,19,86,16,88,13,91,11,94,9,95,7,97,6,99,4,100,3,101,2,103,1,103,1,623,1,103,1,102,3,101,4,98,7,95,10,93,11,91,15,88,19,82,27,29,1,42,17
m393,300,84,51,3,1,80,7,2,1,74,16,2,1,65,28,56,31,53,36,48,38,46,40,44,45,39,48,36,52,32,56,28,61,23,63,21,65,20,65,19,67,17,68,16,70,15,70,14,71,14,71,14,71,13,72,13,71,13,72,13,72,12,72,13,72,12,72,13,72,13,71,14,71,14,70,15,70,15,70,16,68,18,67,19,65,25,18,4,37,33,6,15,30,56,28,59,25,62,22,65,19,67,17,68,16,69,15,70,14,71,13,72,11,1
m392,280,79,62,19,8,63,24,52,32,46,34,43,39,39,42,36,44,34,46,32,49,30,51,28,52,27,54,25,55,24,56,23,57,22,58,20,61,18,62,17,63,16,64,15,65,14,66,13,67,12,68,12,68,11,69,10,69,11,69,10,69,11,69,10,69,11,69,12,67,13,67,13,67,13,67,13,66,14,66,15,64,17,63,19,60,23,57,24,55,26,53,28,51,32,47,34,6,7,2,2,28,55,24,55,24,56,23,57,22,58,21,59,20,60,19,61,18,62,17,62,17,63,16,64,15,65,13,66,13,68,10,2
m407,248,79,65,10,24,53,30,47,36,42,39,40,41,37,44,34,47,31,53,26,56,23,58,20,61,18,62,17,64,15,65,13,68,11,69,10,70,9,72,7,72,7,73,6,74,5,74,5,75,4,75,4,76,3,76,3,77,2,77,2,78,1,78,1,316,1,78,1,78,2,77,3,76,4,75,4,75,5,74,6,73,7,72,8,71,8,71,9,70,9,70,10,69,10,68,12,67,13,65,16,63,17,61,19,60,21,58,24,54,36,43,43,35,47,32,51,28,53,26,55,23,57,22,59,19,63,15,8
m415,228,85,65,30,1,2,3,73,19,60,33,47,48,36,52,31,57,27,61,24,64,20,68,16,71,14,72,13,74,10,76,9,77,7,78,6,80,5,80,4,81,3,82,3,82,3,82,2,83,2,83,2,83,2,83,2,83,2,83,1,84,1,85,1,84,1,84,1,84,1,84,1,84,1,84,1,84,1,84,2,83,2,83,2,83,3,82,3,82,4,81,5,80,6,79,6,78,8,77,9,76,10,75,11,74,12,72,14,71,16,69,18,66,22,62,25,60,28,57,29,55,34,51,38,46,43,40,52,32,56,28,59,25,63,20,13
m431,201,79,54,34,19,3,1,49,39,36,47,30,51,25,55,22,57,20,60,17,62,14,65,13,66,11,68,10,69,8,71,7,72,7,72,6,73,6,73,5,74,5,75,4,75,4,75,4,75,4,75,4,76,3,76,3,77,2,948,1,78,1,78,1,78,1,78,2,77,2,77,3,76,4,75,5,73,7,72,8,71,9,70,10,68,12,67,14,65,18,60,3
m439,189,73,50,49,6,1,1,57,23,44,33,36,39,30,43,27,46,25,48,22,51,20,53,18,55,16,57,13,60,12,61,11,62,10,63,9,64,8,65,6,67,4,69,4,69,3,70,3,70,3,70,3,71,2,71,2,71,2,72,1,72,1,730,1,72,1,72,2,71,2,70,4,57,1,12,4,56,2,8,1,1,5,48,1,6,3,3,1,1,11,46,3,3,23,40,9,1,23,38,36,35,39,31,33
m431,185,70,54,54,1,63,11,55,16,50,21,45,26,41,29,39,31,36,35,32,38,30,41,26,44,24,47,21,50,18,52,17,54,13,58,11,60,9,62,7,63,6,64,5,65,4,66,3,67,2,67,2,68,2,66,3,67,3,65,5,63,7,60,10,57,13,54,16,51,19,50,20,48,22,47,23,45,25,44,26,44,26,43,28,42,28,41,29,41,30,40,31,39,32,37,34,36,35,35,36,33,38,31,41,27,44,24,48,21,52,16,38
m434,186,68,61,45,10,56,15,51,19,48,21,46,23,44,25,41,29,38,31,36,33,34,34,32,37,29,39,27,41,25,43,23,45,22,46,20,48,19,49,18,50,16,51,16,51,15,53,14,52,15,52,15,51,16,51,16,51,16,50,17,49,18,48,19,47,20,46,22,45,22,45,23,45,22,45,23,45,22,46,22,45,23,45,23,45,23,45,23,44,25,43,25,43,26,42,26,42,27,41,27,41,28,39,29,39,30,37,32,35,33,35,34,33,37,30,40,28,42,25,45,23,47,20,51,16,32
m432,185,55,67,37,7,47,11,43,14,39,18,36,20,35,23,31,24,31,24,31,24,30,25,29,26,29,26,28,27,28,27,27,28,27,28,26,29,26,29,25,30,25,30,24,31,23,32,22,33,21,33,21,34,20,34,20,35,19,35,19,36,18,36,18,36,18,37,17,37,17,38,16,38,16,39,15,39,14,41,13,42,12,42,12,43,11,44,11,44,10,44,11,44,11,44,10,45,10,45,10,44,11,44,11,44,12,43,12,43,12,42,13,42,14,40,15,40,16,38,18,37,19,36,20,34,22,33,23,32,25,29,29,26,31,22,36,18,19
m434,192,54,64,36,4,47,9,44,11,42,15,38,18,35,21,32,25,29,26,27,27,26,28,26,28,25,29,24,30,24,30,23,31,23,31,22,32,21,33,21,33,20,34,20,33,20,34,19,34,19,35,18,36,17,36,18,36,16,37,16,37,16,38,15,38,15,39,14,39,14,40,13,41,12,41,13,41,12,41,12,42,11,43,11,43,10,43,11,43,10,44,10,44,10,44,10,44,10,44,10,43,11,43,11,43,11,43,11,43,12,42,12,41,14,40,15,38,17,36,19,34,21,33,22,31,25,28,29,24,33,20,19
m435,202,54,65,30,6,47,9,44,13,39,16,37,19,34,28,26,29,24,31,23,31,22,32,22,32,22,32,21,33,21,33,20,34,20,34,20,34,19,35,19,35,19,35,18,36,17,37,16,38,16,38,15,39,14,40,13,41,12,42,11,43,10,44,9,44,9,45,8,45,8,46,7,46,7,47,7,46,7,47,7,45,8,46,8,45,8,45,9,45,9,45,9,45,8,46,9,45,9,45,9,45,9,45,9,45,10,43,11,43,12,42,13,41,14,39,16,38,17,36,19,34,21,32,24,30,26,27,30,22,36,17,43,9,19
m442,206,51,64,25,8,42,11,38,14,36,16,34,17,34,19,31,21,30,29,21,32,19,33,18,33,17,34,17,34,17,34,17,34,17,34,16,35,16,35,16,35,15,36,15,36,15,36,15,36,14,37,14,37,14,37,13,38,13,37,14,37,13,37,13,38,12,38,12,39,11,39,11,40,10,41,9,41,10,41,9,42,8,42,9,42,8,43,8,43,7,43,8,43,7,44,7,44,7,43,8,43,8,43,8,43,8,43,8,43,8,42,9,42,10,41,10,40,12,39,13,37,15,36,16,34,19,31,22,28,26,24,15
m437,206,51,63,27,1,46,6,43,11,40,18,1,4,27,28,23,30,20,31,20,32,18,33,18,33,18,33,18,33,17,34,17,34,17,34,16,35,16,35,16,35,15,36,15,36,15,36,15,36,14,37,14,37,14,37,13,38,13,38,13,38,12,39,12,39,11,40,11,40,10,40,10,41,10,41,9,42,8,42,8,43,7,44,6,45,5,46,5,46,4,47,4,46,4,47,4,47,3,48,3,48,3,47,4,47,4,46,5,45,6,44,7,43,8,42,10,41,11,39,12,38,14,36,16,34,19,30,23,26,28,21,19
m433,207,47,63,24,12,34,17,29,21,25,23,24,25,21,26,21,27,19,28,19,28,18,29,18,29,18,29,17,30,17,30,17,30,16,31,16,31,16,31,16,31,16,31,15,32,15,32,15,32,15,32,15,32,14,33,14,33,14,33,14,33,13,34,13,34,13,34,12,35,12,34,12,35,11,36,10,37,9,38,8,39,7,40,6,41,5,42,4,43,4,43,3,44,2,45,2,45,2,45,1,46,1,46,1,45,2,45,2,45,2,45,2,45,3,43,4,42,6,40,8,38,10,36,12,33,15,30,19,27,12
m414,209,50,57,33,4,43,9,40,12,37,14,35,16,33,19,30,22,28,23,26,24,26,25,24,26,23,27,22,28,22,29,21,29,20,30,20,30,20,30,20,30,19,31,19,31,19,31,18,32,18,32,18,32,17,33,17,33,16,34,16,33,17,33,16,34,15,35,14,35,15,35,14,36,13,37,11,39,10,39,10,40,8,42,7,42,6,44,6,43,6,44,6,43,6,44,6,44,6,44,6,43,7,43,7,42,8,42,9,40,10,39,12,36,15,33,18,28,18
m415,216,54,46,32,6,45,13,39,17,36,20,33,22,31,24,29,26,27,28,25,30,24,31,22,32,22,33,20,34,19,36,17,37,16,38,15,39,14,40,13,41,12,42,11,43,10,44,9,45,8,46,7,47,6,48,5,48,5,49,5,48,5,48,5,49,5,48,5,48,6,47,7,46,7,46,8,44,10,43,11,42,13,39,15,38,16,35,20,33,21,31,24,29,26,26,24
m407,208,61,41,24,10,46,19,39,24,35,29,31,32,27,35,25,37,23,40,19,43,17,45,15,47,13,50,10,52,9,53,7,54,7,55,5,57,4,58,3,59,1,60,1,549,1,60,1,60,1,60,1,60,1,60,2,58,3,57,4,54,8,43,19,36,26,33,30,27,27
m408,191,61,48,23,14,45,18,42,20,40,22,38,25,35,27,32,30,30,32,27,35,24,39,20,41,18,44,16,45,15,47,13,49,12,50,10,52,9,52,8,54,7,55,5,57,4,58,3,59,2,59,2,59,2,59,2,59,2,59,2,59,2,60,1,60,1,122,1,60,1,60,2,59,3,58,4,57,4,57,5,56,5,55,7,51,11,47,15,43,18,39,23,36,27,33,30,29,19
m417,172,57,61,22,3,48,16,39,20,35,24,30,29,26,32,24,34,21,37,19,38,18,39,18,40,16,41,16,42,14,43,14,44,13,45,12,46,11,46,11,48,9,48,9,49,8,50,7,50,7,51,7,50,7,51,6,51,6,52,6,51,6,51,6,52,6,51,6,52,6,51,7,51,6,51,6,51,7,51,6,51,6,51,7,50,7,50,8,49,8,49,8,49,9,48,10,47,10,47,11,45,13,33,2,8,15,29,28,27,31,25,32,25,33,23,35,22,36,21,37,19,39,18,41,15,44,12,22
m415,165,61,66,23,12,47,17,41,21,37,25,30,33,27,35,24,38,22,40,20,42,17,45,16,46,14,48,13,49,11,51,10,52,9,52,9,53,9,52,9,53,8,53,8,54,7,54,7,55,6,55,6,56,5,56,5,57,4,57,5,57,4,57,4,58,4,57,4,57,5,57,4,57,5,56,5,56,6,55,6,55,7,54,8,53,8,53,9,52,10,51,10,51,11,50,11,50,12,49,13,48,13,48,13,48,14,47,14,47,15,45,16,44,17,42,20,38,23,25,37,22,39,20,42,19,42,18,44,16,46,15,48,12,51,9,28
m438,169,62,62,12,5,2,2,1,3,1,2,41,30,29,36,25,40,21,42,20,45,16,48,14,49,13,50,12,51,11,52,9,54,8,54,8,55,8,55,6,56,7,56,6,56,6,56,6,57,5,57,5,58,5,57,5,57,5,58,5,57,5,58,5,57,5,57,5,57,6,56,6,56,6,57,6,56,6,56,6,56,7,55,7,55,7,55,7,55,8,54,8,54,8,54,8,54,8,54,9,53,9,53,9,53,9,53,9,53,9,53,9,53,9,53,10,52,10,52,10,52,11,51,12,50,13,24,7,18,14,22,12,13,17,19,16,9,19,18,19,5,3
m463,178,54,73,9,1,3,2,47,11,38,20,32,25,29,27,27,27,27,28,26,29,25,31,22,33,21,34,20,35,19,37,17,37,17,39,15,39,15,40,14,41,13,42,12,43,11,44,10,44,10,45,9,45,9,46,9,46,8,46,8,46,8,47,7,47,7,47,7,48,6,49,5,49,5,50,4,50,4,51,3,51,3,51,4,51,3,51,3,52,2,52,3,51,3,51,3,51,4,50,4,50,4,50,5,49,6,48,6,48,7,47,7,47,8,46,9,45,10,44,10,44,11,43,12,42,12,42,13,41,13,41,14,40,15,38,17,37,18,36,19,35,21,5,8,20,36,17,38,16,40,13,43,9,5
m494,208,53,63,2,10,43,14,39,18,34,20,33,22,31,23,30,25,28,26,27,28,25,30,23,32,20,35,18,36,17,38,15,40,13,41,12,43,10,45,8,46,8,46,7,47,6,47,6,48,5,48,5,49,4,49,4,50,3,50,3,51,2,51,2,51,2,51,2,52,1,52,1,52,1,52,1,52,1,52,1,52,1,52,1,52,2,51,2,51,2,51,2,51,2,51,3,49,5,48,7,46,13,40,18,35,20,33,21,31,23,30,24,29,25,28,26,27,27,25,29,24,30,22,32,21,34,18,38,13,7
m512,219,51,61,8,9,40,13,36,18,33,20,30,23,28,25,26,26,24,29,22,30,20,33,18,34,17,35,16,36,15,37,14,37,13,40,11,41,10,42,9,43,8,44,7,45,6,46,5,47,4,48,3,49,2,50,1,50,1,50,1,204,1,50,1,50,2,49,3,48,3,48,5,46,5,46,7,44,9,42,10,41,11,40,13,38,14,37,15,36,16,35,17,34,18,33,18,33,19,31,20,31,20,30,22,29,22,28,24,26,26,25,27,24,27,23,29,21,31,19,7
m534,239,49,56,10,11,35,18,30,20,27,24,24,26,23,27,21,29,20,30,19,30,18,32,17,33,16,34,15,35,14,36,12,38,11,39,10,42,7,43,6,45,4,46,3,47,2,48,1,48,2,48,1,48,2,47,2,47,3,46,4,45,5,44,8,41,9,40,10,39,11,38,11,38,11,38,12,36,14,35,14,34,15,33,16,32,17,32,17,31,18,30,19,30,19,29,21,27,22,26,23,25,24,24,25,22,27,21,29,19,30,18,32,16,34,14,18
m543,241,46,58,13,10,34,15,29,19,26,23,21,26,19,28,17,30,15,32,14,33,13,33,12,35,11,36,9,37,9,38,8,39,7,40,6,41,5,42,4,43,2,44,2,45,1,230,1,45,1,45,1,45,2,44,3,43,4,42,6,40,8,38,9,37,10,36,10,35,11,35,12,33,13,32,14,31,15,30,16,29,17,28,18,27,19,26,20,25,21,24,22,23,23,22,24,20,26,19,27,17,29,16,30,15,32,13,33,12,35,10,23
m552,243,46,50,8,9,32,17,28,19,26,22,24,24,22,26,19,28,18,30,16,31,15,32,14,33,13,34,12,35,11,36,10,37,9,38,8,39,7,40,6,41,6,42,4,43,3,44,3,44,3,43,4,42,5,41,6,40,7,39,8,38,8,38,9,37,9,37,9,37,10,36,9,37,9,37,9,36,10,35,10,34,12,32,14,31,15,30,16,28,18,27,19,26,20,22,25,18,28,15,32,13,33,10,26
m565,249,55,46,6,16,36,22,32,27,27,29,26,31,23,33,22,35,20,36,20,36,19,36,19,37,18,38,17,39,17,38,17,39,16,40,15,41,15,40,15,42,13,43,12,43,13,44,11,46,10,45,10,46,9,48,8,47,8,48,7,49,6,49,6,49,6,49,6,49,6,49,5,50,5,50,5,50,5,50,6,49,6,48,7,47,9,45,10,44,12,42,15,38,19,29,14
m592,255,39,49,5,4,33,7,32,7,31,10,29,9,5,1,23,10,4,2,23,10,29,10,28,10,29,17,22,19,20,20,19,21,18,21,18,22,17,22,17,23,16,23,16,23,16,27,13,26,12,28,12,27,12,28,11,29,11,29,10,30,9,31,8,32,8,32,7,33,6,34,6,34,5,35,4,35,4,35,5,34,4,35,5,34,5,34,6,33,6,33,6,33,7,32,8,31,8,31,9,30,12,26,16,22,2
m602,248,42,60,11,1,1,5,32,11,30,13,26,17,25,17,24,19,22,20,21,21,21,21,21,21,21,21,21,21,21,21,21,21,21,21,21,21,21,22,19,23,20,22,20,23,19,23,19,24,18,25,17,26,16,27,15,30,12,31,11,33,9,34,8,35,7,36,6,37,6,36,6,37,5,38,4,39,3,39,3,40,2,40,2,40,2,40,2,40,3,39,3,39,3,39,4,38,4,38,4,38,5,37,5,37,6,36,6,36,7,35,8,34,9,32,10,31,12,30,14,27,17,24,20,20,6
m618,238,53,71,24,4,38,17,31,22,29,24,29,25,28,25,27,27,26,27,26,28,25,28,25,29,23,30,23,31,22,32,20,33,20,34,19,36,17,38,14,40,13,42,11,42,11,43,10,44,8,46,7,47,6,47,6,48,5,48,5,49,3,51,2,51,2,52,1,52,1,1007,1,52,1,52,1,52,2,51,2,51,3,50,4,49,5,48,5,47,7,46,8,45,10,43,11,42,13,39,15,37,19,33,24,27,29,22,33,16,12
m633,229,44,73,14,5,37,8,35,10,33,11,33,11,32,13,31,13,30,15,29,15,28,17,27,18,26,20,23,22,22,27,17,29,14,32,12,33,11,33,11,34,10,34,9,35,9,36,8,36,7,37,7,38,6,38,6,39,5,39,4,41,3,41,3,41,3,42,2,42,1,43,1,43,1,43,1,43,1,43,1,43,1,43,1,43,1,43,1,658,1,43,1,43,2,41,3,40,4,40,5,39,5,38,7,37,7,37,8,35,10,34,11,32,13,31,15,28,17,25,21,21,11
m640,223,55,78,25,1,49,10,44,11,43,14,41,14,41,15,39,17,37,19,35,21,33,23,32,26,28,29,25,32,22,35,19,38,17,41,13,43,12,44,10,46,9,46,9,47,8,47,7,48,7,48,7,48,6,49,6,49,6,49,5,50,5,50,5,50,5,50,4,51,4,51,4,51,3,52,3,52,3,52,2,53,2,53,2,53,1,54,1,54,1,54,1,54,1,54,1,1043,2,52,3,51,4,50,6,49,6,48,8,47,9,45,11,44,13,41,17,38,22,32,25,29,30,23,11
m652,231,58,79,24,7,48,13,44,15,42,16,41,18,39,19,38,21,36,23,35,29,28,34,24,38,19,40,17,42,16,43,14,44,13,46,12,46,11,48,10,48,9,50,8,50,7,51,7,51,6,52,6,52,5,53,5,53,5,53,4,54,4,54,3,55,3,55,3,55,2,56,2,56,2,56,1,57,1,57,1,57,1,57,1,57,1,57,1,57,1,57,1,520,1,57,1,57,1,57,1,57,1,57,1,57,1,56,2,55,3,55,4,53,5,53,5,53,6,52,6,52,7,50,8,50,9,48,10,48,11,46,13,45,14,43,16,41,19,37,22,34,25,32,28,29,15
m644,247,59,76,35,2,54,10,47,13,44,17,1,7,33,28,29,31,27,33,25,35,23,36,22,37,22,38,20,39,19,40,18,41,18,41,17,42,17,42,16,43,15,44,15,44,14,45,14,45,13,46,13,46,12,47,12,47,11,48,11,48,10,49,10,49,9,50,9,50,8,51,8,51,7,52,7,52,7,52,6,53,6,52,6,53,6,53,5,54,5,54,5,54,4,55,4,55,4,55,4,54,5,54,5,54,5,53,5,54,5,54,5,53,6,53,6,53,6,53,6,53,5,53,6,53,6,53,5,53,6,53,6,52,7,52,7,51,8,51,8,51,9,49,11,48,12,46,14,45,16,42,20,38,23,34,28,30,15
m640,249,62,77,37,6,54,9,51,12,49,14,11,1,34,17,6,8,30,33,28,34,26,36,25,37,24,38,23,39,22,40,21,41,20,42,19,43,19,43,18,44,17,45,17,45,16,46,15,47,14,48,14,48,13,49,12,50,11,51,11,51,10,52,10,52,9,53,8,53,9,53,8,54,8,54,7,55,7,54,8,54,7,55,7,54,7,55,7,55,6,56,6,55,7,55,6,55,7,55,7,55,7,55,7,55,7,55,6,56,6,55,7,55,7,55,7,55,7,55,7,55,7,54,7,55,7,55,7,55,7,54,8,54,8,54,8,53,9,53,9,52,11,51,11,50,12,50,13,48,15,47,16,45,19,42,21,39,25,35,29,30,21
m635,254,55,79,37,4,47,13,39,24,29,26,27,29,24,31,23,32,22,33,21,34,20,35,20,35,19,36,18,37,18,37,17,38,16,39,15,40,15,40,14,41,13,42,12,42,13,42,12,43,11,43,12,43,11,44,10,44,10,45,10,45,9,45,10,45,9,46,9,46,8,46,9,46,8,47,8,46,9,45,10,45,9,45,10,45,10,45,10,44,11,44,11,44,10,45,10,45,10,45,10,45,10,44,11,45,10,45,10,45,10,45,10,44,10,45,10,45,10,45,10,45,10,45,10,45,10,44,11,44,11,44,11,44,11,44,11,43,12,43,12,43,12,42,14,41,14,40,16,39,17,37,19,36,19,35,22,31,25,29,28,24,22
m637,254,50,79,34,10,36,17,31,21,26,25,23,27,22,28,21,29,20,30,19,31,18,32,17,33,16,34,16,34,14,36,14,36,13,37,13,37,13,37,12,37,13,37,12,37,13,37,12,37,12,38,12,38,11,38,12,37,12,38,11,38,12,38,12,37,12,38,12,38,11,38,12,38,12,38,11,39,11,39,11,38,11,39,11,39,11,39,11,38,12,39,11,38,12,38,11,39,11,39,11,39,11,38,12,39,11,39,11,38,12,38,12,39,11,39,10,40,10,40,10,40,10,40,10,40,10,40,10,39,11,39,11,39,11,38,12,39,11,38,12,38,12,38,12,37,14,36,14,36,15,34,16,33,18,32,19,30,21,28,24,24,19
m635,251,51,83,42,4,40,15,32,20,29,22,27,24,26,25,25,26,24,27,23,28,22,29,22,29,21,30,20,31,20,31,19,32,18,33,18,33,17,34,16,35,16,35,15,36,15,36,14,37,14,37,13,37,13,38,13,38,12,39,12,38,12,39,12,39,11,39,12,39,11,40,11,39,12,39,11,39,12,39,11,40,11,39,11,40,11,40,11,39,11,40,11,40,11,39,12,39,11,40,11,39,12,39,12,39,12,39,11,39,12,39,11,39,12,39,12,39,12,38,13,38,13,38,13,38,12,38,13,38,13,38,13,38,13,37,14,37,14,37,14,37,14,36,15,36,15,36,15,35,16,35,16,34,17,34,17,33,18,32,19,31,21,29,22,28,24,26,27,23,24
m633,257,59,80,42,10,45,17,38,22,35,25,33,27,30,30,28,31,27,32,26,33,25,34,25,34,24,35,23,36,22,37,21,38,21,38,20,39,19,40,19,40,18,41,17,42,17,42,16,43,16,43,15,44,15,43,15,44,15,44,14,45,13,45,14,45,13,45,14,44,14,45,13,45,14,45,14,44,14,45,14,45,13,45,14,45,13,46,13,45,14,45,13,46,13,45,13,46,13,45,13,46,13,45,14,45,13,45,14,45,14,44,15,44,14,44,15,44,15,44,15,43,16,43,15,44,15,43,16,43,16,42,17,41,18,40,19,39,20,39,20,38,21,38,21,37,22,36,23,35,25,33,26,32,27,31,29,29,31,27,33,25,39,18,32
m629,263,68,76,45,18,48,22,44,25,41,27,40,29,37,32,35,33,34,34,33,35,31,37,30,38,29,39,28,40,27,41,26,42,25,43,24,44,23,45,23,45,22,46,21,47,20,48,19,49,19,49,18,49,18,50,17,50,17,51,16,51,16,51,16,51,17,50,17,50,17,50,17,50,17,51,17,50,17,50,17,51,17,50,17,50,17,50,18,49,19,49,18,49,19,48,19,48,20,48,20,48,19,48,20,47,21,47,21,46,22,45,23,45,22,45,23,44,24,43,25,42,26,42,26,41,27,40,28,40,28,39,29,39,29,38,30,37,31,36,33,34,34,33,35,32,37,30,39,27,42,25,45,22,49,17,42
m617,266,77,74,64,1,68,16,58,21,54,25,50,28,47,30,46,31,44,33,42,35,40,37,39,38,37,40,35,42,33,44,32,45,30,47,29,48,27,50,26,51,24,53,23,54,21,56,20,56,21,55,20,56,20,56,20,57,19,57,19,58,18,58,18,58,19,57,18,59,17,59,17,59,17,59,17,59,17,59,18,57,19,57,20,55,21,55,22,54,22,55,22,54,22,54,23,53,24,52,25,51,25,52,25,51,26,50,27,49,28,49,28,48,29,47,30,46,31,46,31,45,32,45,33,44,33,43,34,42,35,41,36,40,37,39,39,37,40,36,42,34,44,32,46,30,49,26,52,23,56,19,48
m607,273,82,71,65,14,61,23,56,26,53,30,50,32,47,35,44,38,41,41,38,44,35,47,33,49,30,52,28,54,27,55,25,57,23,59,21,61,20,62,18,64,17,65,16,65,16,66,14,67,14,68,13,68,13,68,13,68,13,68,13,69,12,69,12,68,13,67,15,66,15,66,15,65,17,64,17,63,19,62,20,61,21,58,23,58,24,57,25,56,26,55,27,55,27,54,28,53,29,52,31,50,32,49,33,48,34,47,35,46,36,45,37,44,38,44,38,43,39,42,41,40,42,39,43,39,43,38,44,37,46,35,47,34,49,31,52,29,54,26,58,23,60,20,64,15,56
m600,274,84,74,61,11,67,23,58,29,53,33,48,37,45,39,41,43,39,45,36,48,32,52,30,54,28,56,26,58,25,59,23,61,22,62,20,63,20,64,19,65,18,65,17,67,16,67,16,68,15,68,15,67,17,66,17,66,17,66,17,66,17,66,17,66,17,65,18,65,18,64,20,63,20,63,21,61,22,61,23,60,24,58,25,58,26,56,28,55,29,54,30,53,31,52,32,51,33,51,33,50,34,49,35,49,36,47,37,46,38,45,39,44,41,43,41,42,42,41,43,40,44,39,45,38,46,37,47,36,48,36,49,33,51,32,53,30,55,28,57,26,58,25,60,22,64,19,66,16,71,12,59
m601,276,85,82,53,20,62,29,53,34,48,39,43,43,39,47,36,49,35,50,32,53,31,54,29,56,27,58,25,60,23,62,22,63,21,64,19,66,18,67,17,68,16,69,15,69,15,69,14,70,14,70,14,70,14,70,14,70,14,70,15,69,15,69,16,68,16,68,16,68,16,68,17,67,17,68,17,67,18,66,18,66,19,65,20,64,20,64,21,63,22,61,24,60,25,59,26,58,27,57,28,56,29,55,30,54,31,54,31,53,32,52,34,51,34,50,35,49,36,48,38,47,38,46,39,45,41,44,41,43,42,43,43,41,44,40,45,40,46,38,47,38,47,37,49,36,49,35,51,33,53,32,53,31,55,29,58,27,59,25,61,23,64,20,66,18,69,15,52
m611,277,89,89,56,26,59,33,54,36,50,40,47,43,44,46,41,48,38,51,36,53,34,55,33,56,31,58,29,60,28,61,26,63,24,65,23,66,21,68,20,69,19,70,18,71,17,71,16,72,16,72,16,73,15,73,15,73,15,73,15,73,16,71,17,71,17,71,17,71,17,71,18,71,17,71,17,71,18,70,18,70,19,69,19,68,20,68,21,67,22,66,23,65,24,64,25,63,26,62,27,61,28,61,28,60,29,60,29,59,30,58,31,58,31,57,32,57,33,55,34,55,34,54,35,54,36,52,37,52,37,51,39,50,39,49,40,48,42,47,42,46,43,46,43,45,45,44,45,44,45,44,46,42,48,41,48,41,50,39,51,37,53,36,55,33,57,32,59,29,61,28,63,25,66,23,68,19,72,16,75,13,49
m629,280,78,97,62,9,64,18,55,24,51,28,46,33,43,35,41,37,39,39,37,41,35,43,33,45,31,47,30,48,28,50,27,51,26,52,25,53,23,55,22,56,21,57,20,58,19,59,18,60,17,61,16,61,16,62,15,62,15,63,14,63,14,64,13,64,14,64,13,64,13,64,14,64,13,64,14,63,14,64,13,64,13,64,14,64,13,64,14,64,13,64,14,63,15,62,15,62,16,61,17,61,16,62,16,61,17,61,17,60,18,60,18,59,19,59,19,59,19,58,20,58,20,57,21,57,21,56,22,56,22,56,22,56,22,56,22,55,24,53,25,53,25,53,26,51,27,50,28,50,29,48,30,48,30,47,32,46,32,45,34,44,34,44,35,42,36,42,37,41,38,40,38,40,39,39,39,38,41,37,42,36,43,35,44,33,47,31,49,28,51,27,53,24,56,21,60,17,36
m644,284,72,104,58,6,1,2,57,17,51,23,47,26,44,28,43,29,41,31,40,32,38,34,36,36,35,37,34,38,33,39,32,40,30,42,29,43,28,44,27,44,26,46,25,47,24,48,23,49,22,50,20,51,20,52,19,53,18,54,18,53,18,54,17,55,16,55,16,56,15,56,16,56,15,56,15,56,16,56,15,56,16,56,15,56,15,56,16,56,15,57,15,56,15,57,15,57,14,58,14,57,14,58,14,58,13,58,14,58,14,58,13,59,13,58,14,58,14,58,14,57,15,56,16,56,16,55,18,54,17,55,17,54,18,54,18,53,19,53,19,53,20,52,19,53,19,53,20,51,21,51,21,50,22,50,23,49,23,48,24,48,24,48,25,46,26,45,28,44,29,43,29,42,31,41,31,41,32,40,33,38,34,38,35,36,37,35,37,35,38,34,38,34,39,33,39,33,40,32,41,30,44,28,45,27,47,24,50,21,53,18,57,13,33
m652,291,59,114,45,11,44,17,39,21,36,23,35,24,33,26,32,27,31,28,31,28,30,29,29,30,28,31,27,32,26,33,26,33,25,34,24,35,24,35,23,36,22,37,22,37,21,38,20,39,20,39,19,40,19,40,18,41,17,42,17,42,16,42,17,42,16,43,15,43,16,43,15,44,15,43,15,44,14,45,14,44,14,45,14,44,14,45,14,45,14,44,14,45,14,45,13,46,13,45,13,46,13,46,13,46,12,47,12,47,12,46,12,47,12,47,12,47,12,47,11,48,11,48,11,47,12,47,12,47,11,48,11,48,11,48,11,48,11,48,11,47,11,49,10,49,10,48,11,48,11,47,12,48,11,47,12,47,12,47,12,47,12,47,11,47,12,47,12,47,12,47,12,46,13,46,13,46,13,46,14,45,14,44,15,44,16,43,16,43,16,43,17,42,17,41,19,40,20,38,22,37,23,36,23,36,24,35,25,34,26,33,26,32,28,31,29,30,30,28,32,27,33,25,35,24,37,21,40,18,43,15,22
m656,298,47,121,40,2,39,10,32,16,29,19,26,22,24,23,23,24,22,25,21,26,20,27,19,28,19,28,18,29,17,30,17,30,16,31,16,31,15,32,15,32,14,33,14,33,13,34,13,34,12,35,12,35,11,36,11,36,10,37,10,37,10,37,9,38,9,38,9,38,8,39,8,39,8,39,7,40,7,40,6,41,6,41,6,41,5,42,5,42,5,42,4,43,4,43,3,44,3,44,3,44,3,44,3,44,2,45,2,45,2,45,2,45,2,45,1,46,1,46,1,46,1,46,1,46,1,46,1,1315,1,46,1,46,1,46,1,46,1,46,1,46,2,45,2,45,2,44,4,43,4,44,4,43,4,42,6,42,6,40,8,39,9,38,10,37,11,36,12,35,12,35,13,33,16,31,16,31,17,30,18,28,20,26,22,24,24,23,27,19,36,10,7
m672,312,55,120,23,7,46,11,37,19,34,21,32,24,30,26,28,28,27,28,26,30,25,31,23,32,23,32,22,34,21,34,20,35,20,36,19,36,18,37,18,38,17,38,17,38,16,39,16,40,15,40,15,40,15,40,14,41,14,42,13,42,13,42,13,42,13,43,11,44,11,44,11,44,11,44,11,44,11,45,10,45,10,45,10,45,10,45,10,45,10,46,9,46,9,46,9,46,9,46,9,46,9,47,8,47,8,47,8,47,8,47,8,47,8,48,7,48,7,48,7,48,7,49,6,49,6,49,6,50,5,50,5,50,5,51,4,51,4,52,3,52,3,52,3,53,2,53,2,53,2,54,1,54,1,54,1,54,1,715,1,54,1,54,1,54,1,54,2,53,3,52,3,52,4,51,4,51,5,50,5,50,6,49,7,48,7,48,8,47,8,47,9,46,10,45,11,44,13,42,14,41,15,40,16,39,17,38,19,36,21,34,23,32,24,31,26,29,29,26
m684,319,62,121,16,9,51,13,47,16,43,20,40,23,38,25,37,26,35,27,35,28,33,29,33,30,31,31,31,32,30,32,30,33,28,34,28,35,27,35,27,35,27,36,26,36,26,36,25,38,24,38,24,38,24,39,23,39,23,39,23,40,22,40,22,40,22,41,21,41,21,41,21,41,21,41,20,42,20,42,20,43,19,43,19,43,19,43,19,43,19,44,18,44,18,44,18,44,18,45,17,45,17,46,16,46,16,47,15,47,15,48,14,48,14,49,13,49,13,50,12,50,12,51,11,51,11,52,10,53,10,52,10,53,9,53,9,54,8,54,8,55,7,55,7,56,7,55,7,56,6,56,6,56,6,57,5,57,5,57,6,56,6,57,5,57,5,57,5,57,5,57,5,57,5,58,5,57,5,57,5,57,5,57,6,57,5,57,5,57,6,56,6,56,7,55,7,55,8,54,9,53,10,52,10,52,11,51,12,50,12,50,13,49,14,48,15,47,17,45,18,44,19,43,20,42,21,41,22,40,24,38,25,37,27,35,28,34,30,32,31,31,34,27,38,23,2
m700,327,76,121,12,13,60,18,56,22,53,24,52,26,49,28,47,30,46,31,44,33,42,34,42,35,40,37,39,37,39,37,39,38,38,39,37,39,37,40,36,40,36,41,35,41,34,43,33,43,33,43,33,44,32,44,32,45,31,45,31,45,32,45,31,45,31,46,30,46,30,46,30,47,29,47,29,48,28,48,28,49,28,48,28,49,27,49,27,49,27,50,26,50,27,50,26,50,26,51,25,51,25,52,24,52,24,53,23,54,22,54,23,54,22,55,21,56,20,56,20,57,19,58,18,58,19,58,18,59,17,60,17,59,17,60,16,60,16,61,15,62,15,61,15,62,15,61,15,61,15,62,15,61,15,62,14,62,15,62,14,62,14,63,14,62,14,62,14,63,13,63,14,62,14,62,14,63,14,62,14,62,15,61,15,62,14,62,15,61,16,60,16,60,17,59,17,59,18,58,18,58,18,58,19,57,19,57,20,56,21,55,21,55,22,54,23,53,24,52,26,50,27,49,29,47,30,46,32,44,33,43,34,42,35,41,37,39,39,37,42,34,44,31,48,25,4
m720,326,73,122,23,3,64,12,59,16,55,19,51,23,48,26,45,29,43,31,41,33,39,35,37,37,35,39,34,40,32,42,31,43,30,43,30,44,29,45,28,45,28,46,27,46,27,47,26,47,26,48,25,48,25,49,24,49,24,50,23,50,23,51,22,51,22,52,21,53,20,53,20,53,20,54,19,54,19,55,19,54,19,54,19,55,18,55,18,56,17,56,17,56,18,56,17,56,17,57,16,57,16,58,15,58,16,58,15,58,15,59,14,59,14,59,14,60,13,60,14,60,13,60,13,61,12,61,13,61,12,61,12,62,11,63,11,62,11,62,11,63,10,63,10,63,11,63,10,63,11,63,10,63,10,63,10,63,11,63,10,63,10,63,11,62,11,63,11,62,11,62,11,62,12,61,12,61,12,61,13,60,13,60,13,60,14,59,14,59,14,59,14,59,15,58,15,58,15,58,16,57,16,57,16,57,17,56,18,55,18,55,19,54,20,53,21,52,21,52,22,51,23,50,24,49,25,48,27,46,28,45,29,44,30,43,31,42,33,40,34,39,38,34,40,33,44,28,2
m729,328,66,118,39,1,57,1,3,1,1,4,55,2,3,6,55,2,3,6,60,6,2,1,53,1,3,1,1,4,2,1,1,1,1,1,43,3,2,3,2,6,2,1,1,1,1,1,43,17,1,1,1,1,1,2,40,19,1,1,1,1,1,3,39,19,1,7,38,29,36,30,32,25,1,9,30,26,1,9,28,39,25,41,23,43,22,44,21,46,19,47,19,47,18,48,17,49,17,50,15,51,15,52,13,53,13,53,12,54,12,54,11,56,10,56,10,56,10,56,10,56,9,57,9,58,8,58,8,59,7,59,7,59,7,59,7,59,7,59,7,60,6,60,6,60,6,60,6,61,5,61,5,61,5,62,5,61,5,62,4,62,4,62,4,62,4,63,4,62,4,62,4,63,3,63,3,63,3,63,3,63,4,63,3,63,3,63,3,63,4,62,4,62,4,62,4,62,5,61,5,61,5,61,5,61,5,61,5,61,6,60,6,60,6,60,6,60,7,59,7,59,7,59,7,59,8,58,8,58,8,58,9,57,10,56,10,55,12,54,13,53,14,52,14,52,15,51,16,50,17,48,19,47,20,46,21,45,22,43,24,42,24,42,25,41,27,38,29,36,31,35,32,34,33,32,36,29,38,28,39,26,42,22,47,18,51,13,13
m704,312,79,125,54,20,57,23,55,25,53,27,52,27,52,28,50,29,50,30,49,30,48,31,48,31,48,31,48,31,47,32,47,32,47,32,47,32,46,33,46,33,45,34,45,34,45,34,44,35,14,2,27,36,10,14,17,38,8,21,11,39,7,72,6,73,6,73,5,74,4,75,4,75,3,76,3,76,2,77,1,78,1,78,1,77,1,78,1,78,1,78,1,78,1,78,1,78,1,78,1,78,1,78,1,78,1,78,1,78,1,78,1,78,1,78,1,78,1,78,1,78,1,78,1,78,1,78,1,78,2,77,2,77,2,77,2,77,2,77,2,78,1,77,2,77,3,76,3,76,3,76,3,76,3,77,2,77,2,77,2,77,3,76,3,76,3,75,4,75,4,76,3,76,4,75,4,75,4,75,5,74,5,74,6,73,6,73,6,73,7,72,7,72,8,71,8,71,9,70,9,70,10,69,11,68,12,66,14,65,14,65,15,64,15,63,17,62,17,61,19,60,19,59,20,59,21,57,23,56,24,54,26,53,26,52,28,50,30,49,31,47,33,46,34,44,36,42,38,40,40,38,44,33,48,30,51,27,56,21,19
m655,291,116,115,76,7,104,15,99,21,91,29,35,15,34,34,30,24,8,9,4,43,27,91,23,95,20,98,17,101,15,103,12,106,10,108,7,110,5,112,4,113,2,114,2,114,2,114,1,2435,1,115,1,114,2,114,2,113,3,113,3,111,5,111,5,112,4,111,6,108,8,108,8,108,8,108,8,108,8,108,8,108,8,108,8,109,7,109,7,108,8,108,9,107,9,107,9,107,9,106,11,105,11,104,13,104,12,103,13,103,14,102,14,102,14,101,16,100,16,100,17,99,17,98,19,98,18,99,18,98,18,98,19,98,18,98,19,97,20,94,22,95,22,94,22,92,25,91,26,89,28,88,28,87,30,85,32,84,33,82,35,81,36,80,37,79,39,76,41,75,42,74,43,72,45,71,47,67,50,66,52,63,54,62,55,60,58,56,62,51,67,47,71,43,76,38,81,32,91,22,38
m619,263,122,111,18,2,115,10,111,14,105,20,100,24,98,26,95,31,90,35,35,2,4,2,44,43,18,24,36,88,34,89,33,91,30,94,28,96,26,98,23,100,22,101,21,102,20,104,17,106,16,109,13,110,12,112,10,114,8,115,6,117,6,117,4,119,3,119,3,120,2,121,1,121,1,121,1,2562,1,121,1,121,1,121,1,121,2,120,2,120,2,120,2,120,3,119,3,119,3,119,3,118,4,119,3,119,4,117,5,117,5,117,5,116,6,116,7,115,7,115,7,115,8,114,9,113,9,112,11,111,12,110,12,110,13,108,15,107,16,106,16,106,17,104,19,102,22,100,23,99,24,98,25,97,26,95,28,94,29,93,30,90,34,88,35,86,37,85,38,83,41,80,44,77,47,75,48,73,51,68,56,63,62,59,64,57,70,45,82,37,91,29,34
m583,214,102,111,17,1,2,1,95,12,88,16,84,19,82,21,80,24,77,27,74,30,72,32,69,35,67,37,64,39,63,43,58,46,56,48,1,1,52,52,50,54,47,57,45,61,41,63,38,65,37,69,33,71,31,73,29,76,26,77,25,78,23,80,22,82,20,83,19,84,18,85,17,86,16,87,15,88,14,89,13,90,12,90,12,91,11,93,9,94,8,95,7,97,5,97,5,98,4,99,3,99,3,100,2,100,2,101,1,101,1,1326,1,101,1,101,1,101,1,101,1,101,1,101,2,100,2,100,2,100,3,99,3,98,4,98,5,96,6,96,6,96,7,94,8,94,9,93,9,93,10,92,10,92,11,91,11,91,12,90,12,90,13,88,15,87,16,86,17,84,19,82,21,81,22,80,23,79,24,76,27,74,29,73,30,72,31,70,34,67,36,65,39,61,43,58,46,53,50,48,55,45,59,40,65,33,31
m578,182,85,112,19,8,71,16,66,20,64,22,62,23,62,24,60,27,58,28,56,30,55,31,53,33,52,34,51,35,50,36,48,39,46,41,44,42,43,43,42,44,41,45,39,48,37,49,36,50,35,52,33,53,31,55,30,56,29,58,27,59,26,60,24,62,23,63,22,64,21,65,20,66,19,67,17,69,16,70,15,70,15,71,14,72,13,73,12,73,12,74,11,75,10,75,10,76,9,76,9,77,8,77,8,78,7,78,7,79,6,79,6,79,6,80,5,80,5,81,4,81,4,81,4,82,3,82,3,82,3,83,3,82,3,82,3,83,2,83,2,83,2,83,2,84,1,84,1,84,1,84,1,84,2,83,2,83,2,83,3,82,3,82,3,82,3,82,4,81,4,81,4,81,5,80,5,80,6,79,6,79,6,78,8,77,8,77,9,76,10,74,11,73,13,72,14,70,16,68,18,67,19,66,19,65,21,64,22,62,24,61,25,60,27,57,30,54,32,50,37,46,40,44,44,38,48,34,21
m576,151,69,115,25,1,3,1,60,15,53,18,50,20,47,22,47,23,45,24,44,26,42,27,41,29,40,29,39,31,38,31,37,32,37,33,35,34,35,34,34,36,33,36,33,36,32,38,31,38,31,38,30,39,30,40,29,40,28,41,28,42,27,42,26,44,25,44,25,45,24,45,23,47,22,48,21,48,20,50,19,51,18,51,18,52,17,53,15,55,14,55,14,56,13,57,12,58,11,58,10,60,9,61,8,61,8,61,8,62,7,62,7,62,7,63,6,63,6,63,6,63,6,63,6,64,4,65,4,65,4,66,3,66,3,66,3,66,3,67,2,67,2,67,2,67,2,68,1,68,1,68,1,68,1,68,1,138,1,68,1,68,1,68,1,68,1,68,1,68,1,68,2,67,2,67,2,67,2,67,3,66,4,65,4,65,5,63,7,62,7,61,9,60,10,59,11,58,11,57,12,57,13,56,14,54,16,53,17,51,19,50,19,49,21,47,23,45,25,43,27,40,31,36,35,33,37,30,41,27,44,22,50,17,22
m585,144,60,118,30,8,50,13,46,15,43,17,42,19,40,21,38,23,36,24,35,25,34,27,33,27,32,28,31,29,31,29,30,30,30,31,28,32,27,33,27,33,26,33,27,34,26,34,25,34,26,34,25,35,25,35,25,35,24,36,24,36,23,37,23,37,23,37,22,39,21,39,21,39,20,40,20,40,20,40,19,42,18,42,18,43,16,44,16,44,16,45,14,46,14,47,13,48,11,49,11,50,10,50,9,51,9,52,8,52,7,53,7,54,6,54,6,54,6,54,5,56,4,56,4,56,4,57,3,57,3,57,3,57,3,58,2,58,2,58,2,59,1,59,1,59,1,59,1,720,1,59,1,59,1,59,2,58,2,58,2,58,3,57,4,56,4,56,5,55,5,55,6,54,6,54,6,54,7,53,7,53,7,53,8,51,9,51,10,50,10,49,12,48,13,47,14,45,16,43,18,41,20,39,22,37,24,35,26,33,30,28,33,25,37,20,43,15,18
m569,119,58,115,38,10,45,14,43,15,42,17,40,18,39,20,37,21,35,23,34,25,32,26,32,26,31,27,30,29,29,29,28,30,27,31,27,31,26,32,25,33,25,33,24,34,24,33,24,34,24,34,23,35,23,35,22,36,22,36,21,37,21,37,20,38,20,38,19,39,19,39,18,40,18,40,17,40,17,41,17,41,16,42,16,42,16,42,15,43,15,43,15,44,13,45,13,45,12,46,12,46,12,46,11,48,10,48,10,48,9,49,9,49,9,49,8,51,7,51,6,52,6,52,6,52,5,54,4,54,4,54,4,55,3,55,3,55,2,56,2,57,1,57,1,57,1,464,1,57,1,57,1,57,1,57,1,57,2,56,2,56,3,55,3,55,3,55,4,54,4,54,5,53,5,53,6,52,6,52,7,51,7,51,7,51,8,50,8,50,9,49,9,49,10,48,11,47,11,46,13,45,14,44,15,43,16,41,19,38,21,37,23,34,25,33,27,29,30,27,7
m567,121,52,119,41,2,46,9,42,12,37,15,36,17,34,19,32,20,31,21,30,23,28,24,28,24,27,25,26,26,26,27,24,28,23,29,23,29,22,30,22,30,21,30,22,30,21,31,21,31,20,32,20,32,19,32,20,32,19,32,20,32,20,31,20,32,20,32,19,33,19,33,18,34,18,33,18,34,18,34,17,35,17,35,16,36,16,36,16,36,15,37,15,37,14,38,14,38,14,39,12,40,12,40,11,41,11,41,10,42,10,42,10,43,8,44,8,44,7,45,7,45,7,45,6,46,6,47,5,47,4,48,4,48,3,49,3,50,2,50,2,50,2,50,1,51,1,51,1,780,1,51,1,51,1,51,1,51,1,51,2,50,2,50,2,50,3,49,3,49,3,49,4,48,4,48,5,47,5,47,6,46,6,46,7,45,7,44,9,43,9,43,10,41,11,40,13,39,14,37,15,37,17,34,20,31,22,29,24,27,26,24,33,17,12
m561,133,47,119,38,5,38,10,35,13,32,15,31,17,28,19,27,20,26,22,24,23,22,25,21,26,20,27,20,27,19,28,19,28,18,29,17,30,16,31,15,32,14,33,12,35,10,37,9,38,8,39,7,40,6,41,5,42,5,42,4,43,4,42,5,42,5,42,4,43,4,43,4,42,5,42,5,42,4,43,4,43,4,42,5,43,4,43,4,43,4,43,3,44,3,44,3,44,3,44,3,44,3,44,3,44,3,44,3,44,3,44,3,44,3,44,3,45,2,45,2,45,2,45,2,45,2,45,1,46,2,45,2,46,1,46,1,1127,1,46,1,46,1,46,1,46,1,46,1,46,2,45,2,45,2,45,2,45,2,45,3,44,3,44,3,44,4,43,4,43,4,42,6,41,6,41,7,39,8,39,9,37,11,35,13,34,14,32,17,29,19,27,24,2,1,19,32,10,13
m556,148,47,107,29,2,45,7,39,8,37,11,35,12,34,14,25,2,3,17,21,26,19,29,16,31,16,31,16,32,14,33,14,33,14,33,13,34,13,34,13,34,13,34,12,35,12,36,11,36,11,36,11,35,12,35,12,36,11,36,10,37,10,37,10,37,10,37,10,37,10,37,10,37,10,38,9,38,9,38,9,38,9,38,9,38,9,38,9,39,8,39,8,39,7,40,7,40,7,41,6,41,6,41,6,42,5,42,5,42,5,42,5,42,5,43,3,44,3,44,3,45,2,45,2,45,2,45,1,46,1,46,1,46,1,46,1,46,1,1033,1,46,1,46,1,46,1,45,3,44,3,44,3,44,3,44,4,42,5,42,6,41,6,40,7,40,8,38,10,36,12,34,15,31,17,29,22,24,9
m547,149,46,112,30,3,42,7,31,2,2,1,2,9,26,21,24,22,23,24,22,25,20,26,19,28,18,28,18,29,16,30,16,30,16,31,15,31,15,31,14,32,14,32,14,33,13,33,13,33,12,34,12,34,12,34,12,34,12,34,11,35,11,36,10,36,10,36,10,36,10,36,10,36,10,36,9,37,9,38,8,38,8,38,8,38,8,38,8,38,8,38,7,39,7,39,7,39,7,39,7,39,7,39,7,39,7,39,7,39,6,40,6,40,6,40,6,40,6,40,6,40,5,41,5,41,5,41,5,41,4,42,4,42,4,42,4,42,4,42,3,43,3,43,3,43,3,43,3,43,2,44,2,44,2,44,2,44,1,45,1,45,1,45,1,45,1,45,1,504,1,45,1,45,1,45,1,45,1,45,1,45,1,45,1,45,1,45,1,44,2,44,3,43,3,43,3,42,5,41,5,40,7,38,8,37,10,34,13,32,15,29,11
m546,160,49,112,25,8,39,12,36,14,34,17,32,19,29,21,28,23,25,25,24,26,22,27,22,28,20,29,20,29,20,30,18,31,18,31,18,31,17,33,16,33,16,33,16,33,16,33,15,34,15,34,15,34,15,35,14,35,14,35,14,35,14,35,14,35,14,35,14,35,14,35,14,35,13,36,13,36,13,36,13,36,13,36,13,36,13,36,12,37,12,37,12,37,12,37,12,37,12,37,12,37,12,37,11,38,11,38,11,38,10,39,10,39,10,39,10,39,9,40,9,40,9,40,9,40,8,41,8,41,8,41,8,41,7,42,7,42,7,42,7,42,6,43,6,43,6,43,5,44,5,44,5,44,4,45,4,45,4,45,4,45,3,45,4,45,4,45,3,46,3,46,3,45,3,46,3,46,3,46,3,46,3,46,2,47,2,46,3,46,3,46,3,46,3,46,3,46,3,45,4,45,4,45,4,44,5,44,5,44,6,42,7,42,7,41,8,40,10,38,12,36,14,34,15,33,17,31,13
m541,171,56,110,34,2,52,9,46,13,42,16,39,19,36,22,34,23,32,25,31,26,30,26,29,27,29,28,28,28,28,28,27,29,27,29,27,29,27,29,26,31,25,31,25,31,25,31,25,31,24,32,24,32,24,32,24,32,24,33,22,34,22,34,22,34,22,34,22,34,22,34,21,35,21,35,21,35,21,35,21,35,21,35,20,36,20,36,20,36,20,36,20,36,20,36,19,37,19,37,19,37,18,38,18,38,18,38,18,38,17,39,17,39,16,40,16,40,15,41,15,41,14,42,14,42,14,42,13,43,13,43,12,44,12,44,11,45,11,45,11,45,10,46,10,46,9,47,9,46,9,47,9,46,9,47,9,47,9,47,8,47,9,47,8,48,8,47,8,48,7,49,7,49,6,49,7,49,7,49,6,49,7,49,7,49,7,49,7,48,8,48,8,48,8,48,7,48,8,48,8,47,9,46,11,45,11,44,12,43,13,42,14,41,16,39,17,37,20,35,21,32,27,22,28
m541,175,64,114,42,3,54,13,50,16,48,17,47,19,45,20,43,23,41,24,39,26,38,26,37,28,36,29,34,30,34,31,33,31,32,33,31,33,31,33,31,34,30,34,29,35,29,35,29,35,29,36,28,36,28,36,27,37,27,37,27,37,27,37,26,38,26,38,26,38,26,38,25,39,25,39,25,39,25,39,24,40,24,40,24,40,24,40,24,40,23,41,23,41,22,42,22,42,22,42,22,42,21,43,21,43,20,44,20,44,19,45,19,45,18,46,18,46,17,47,17,47,16,48,15,49,14,50,14,50,13,51,13,51,12,52,12,52,11,53,11,53,10,54,10,54,9,54,10,54,9,54,10,54,9,55,9,54,9,55,9,54,9,55,9,55,8,56,8,55,8,56,8,56,7,56,8,56,7,57,7,57,7,56,7,57,7,57,7,56,8,56,8,55,9,55,9,54,10,54,10,53,11,52,12,51,13,50,15,49,15,48,16,47,18,45,19,44,21,42,22,40,26,35,30,31,34,28,40,22,46,14,35
m547,197,68,114,50,9,57,13,54,15,52,17,50,18,49,20,47,22,45,23,45,23,44,25,42,26,41,28,39,29,39,29,38,30,38,30,37,31,37,32,35,33,35,33,34,34,34,34,33,35,33,35,32,36,32,36,31,37,31,37,31,37,30,38,30,38,29,39,29,39,29,39,28,40,28,40,27,41,27,41,27,41,26,42,26,42,25,43,25,43,24,44,24,44,23,45,23,45,22,46,22,46,21,47,21,47,20,48,20,48,19,49,19,49,19,49,18,50,18,50,17,51,17,51,16,52,16,52,15,53,15,53,14,54,14,54,14,54,13,55,13,54,13,55,13,55,12,55,12,56,12,56,11,57,10,58,9,58,9,59,9,59,8,60,7,60,7,61,7,61,7,60,7,61,7,60,7,61,7,60,8,60,8,60,7,60,8,60,8,60,8,59,9,59,9,58,10,58,10,57,11,56,13,55,13,54,14,53,15,52,17,50,18,49,20,46,22,45,24,43,25,41,28,39,30,35,37,29,42,21,50,13,39
m552,208,67,113,49,9,57,12,53,15,51,17,49,18,48,20,46,21,45,23,44,23,43,24,43,24,42,25,41,26,40,28,39,28,38,29,37,30,36,32,35,32,34,33,33,34,33,34,32,36,31,36,30,37,30,37,30,37,29,38,29,38,29,38,28,39,28,39,27,40,27,40,26,41,26,41,25,42,25,42,25,42,24,43,24,43,24,43,23,44,23,44,23,44,22,45,22,45,21,46,21,46,20,47,20,47,19,48,19,48,19,48,18,49,18,49,17,50,17,50,16,51,16,51,15,52,15,52,15,52,14,53,14,53,13,54,13,54,12,55,11,56,11,56,10,57,8,59,8,59,7,60,6,61,5,61,6,61,5,62,5,62,4,63,4,62,4,63,4,63,4,62,4,63,4,63,4,63,4,62,5,62,4,63,4,63,4,62,5,62,5,62,5,61,6,60,7,59,8,59,9,57,10,56,11,55,12,55,12,54,14,52,15,51,17,49,18,47,22,43,25,39,30,34,34,31,38,24,45,20,34
m557,219,65,110,49,5,55,12,52,14,50,15,49,17,47,18,46,19,45,21,43,22,43,22,42,24,40,25,39,26,38,28,37,28,36,29,35,30,35,30,34,31,33,33,32,33,31,34,31,34,30,35,30,35,29,36,29,36,28,38,27,38,26,39,26,39,26,39,25,40,25,40,25,40,25,40,24,42,23,42,23,42,22,43,22,43,22,43,21,44,21,44,21,45,19,46,19,46,19,46,18,47,18,47,18,47,18,47,17,48,17,48,17,48,16,49,16,49,16,49,15,50,15,50,14,51,13,52,13,52,12,53,12,53,11,54,11,54,10,55,10,55,9,56,8,57,7,58,6,59,5,60,5,60,4,61,3,62,3,62,2,63,2,63,1,64,1,64,1,64,1,64,1,648,1,64,1,63,2,62,3,61,4,60,5,59,7,58,7,57,9,55,10,53,13,50,16,46,20,43,23,39,27,36,32,30,25
m563,226,61,114,43,5,52,10,50,12,48,14,46,15,45,17,43,18,42,19,41,20,41,21,39,22,38,23,37,24,37,25,35,26,35,26,34,27,34,28,32,29,32,29,31,30,30,31,29,32,29,32,28,33,28,34,27,34,26,35,26,35,26,35,25,36,25,37,24,37,24,37,23,38,23,38,23,38,23,38,23,39,21,40,21,40,21,40,21,41,20,41,20,41,20,41,20,41,19,42,19,42,19,42,19,43,18,43,18,43,18,43,18,43,17,44,17,44,17,45,16,45,15,46,15,46,14,47,14,47,13,48,12,49,12,49,11,50,11,50,11,50,10,51,9,52,9,52,7,54,7,54,6,55,5,56,5,56,4,57,3,58,3,58,3,58,2,59,2,59,2,59,2,59,1,60,1,60,1,60,1,60,1,60,1,60,1,60,1,60,1,60,1,304,1,59,2,59,2,58,3,58,3,57,5,55,6,53,9,51,10,50,12,47,15,44,18,42,21,37,27,31,31,20,3,1,25
m572,231,57,114,35,3,52,9,46,12,44,13,43,14,42,15,41,17,39,18,38,19,37,21,35,22,34,23,34,23,33,24,32,25,32,26,30,27,30,27,29,28,29,29,27,30,27,31,25,32,24,33,24,34,22,35,22,35,22,35,21,36,21,36,21,37,20,37,20,37,20,37,19,38,19,39,18,39,18,38,19,38,19,38,19,38,19,39,18,39,17,40,17,40,17,40,17,40,16,41,16,41,16,42,15,42,15,42,15,42,15,42,15,43,14,43,13,44,13,45,12,45,12,45,12,46,10,47,10,48,9,48,8,49,8,50,7,50,6,51,6,51,5,52,5,52,4,53,4,53,3,54,3,54,3,54,2,55,2,55,2,55,2,55,2,55,2,55,1,56,1,56,1,56,1,56,1,56,1,56,1,56,1,56,1,170,1,55,2,55,1,56,1,55,2,55,2,55,3,53,4,53,4,52,5,51,6,50,7,49,8,48,10,46,11,44,14,41,17,38,19,36,23,32,26,29,30,24,24
m577,221,54,117,26,8,44,12,41,14,38,16,37,18,35,19,34,20,33,22,31,23,31,23,30,24,30,25,28,26,28,26,27,28,26,28,25,29,24,30,24,30,23,32,22,32,21,33,21,33,21,34,19,35,19,35,19,35,19,35,18,37,17,37,17,37,17,37,17,37,17,37,17,37,17,37,17,37,17,37,17,38,16,38,16,38,16,38,16,38,16,38,16,38,16,38,16,39,15,39,15,39,15,39,15,40,14,40,14,40,14,41,13,41,12,43,11,43,11,44,10,44,10,45,9,45,9,46,8,46,7,48,6,48,6,48,6,48,6,49,4,50,4,50,4,50,3,51,3,51,3,51,3,51,2,52,2,52,2,52,2,52,1,53,1,53,1,53,1,53,1,53,1,754,1,53,1,52,2,52,2,51,3,50,4,49,5,48,6,47,7,46,8,46,9,43,11,42,12,41,14,38,17,36,19,34,22,30,25,28,28,24,21
m576,211,54,119,26,6,47,9,44,11,42,12,41,15,38,17,35,19,34,21,31,23,30,25,28,26,27,27,26,29,24,30,24,30,23,32,22,32,21,34,19,34,20,35,18,36,18,36,17,37,17,37,17,37,16,38,16,38,16,38,15,40,14,40,14,40,14,40,13,41,13,41,13,41,13,42,12,42,12,42,12,42,12,42,13,41,13,41,13,41,13,41,13,41,13,42,12,42,12,42,12,42,12,43,11,43,11,43,11,43,11,43,11,44,10,44,10,45,9,45,9,46,8,46,8,46,8,47,7,47,7,48,5,49,5,49,5,50,4,50,3,51,3,52,2,52,1,53,1,53,1,53,1,53,1,53,1,53,1,1132,1,53,1,53,1,52,2,52,2,51,3,51,3,50,4,49,5,48,6,47,7,47,7,46,9,44,10,42,13,40,15,36,19,32,23,29,27,25,31,20,39,13,27
m576,205,56,117,39,11,40,18,34,24,31,25,30,27,28,28,26,31,24,32,22,34,21,35,20,36,19,37,19,37,18,38,17,39,16,40,16,40,15,41,15,41,14,42,14,42,13,43,13,43,12,44,11,45,11,45,11,45,10,46,10,46,10,46,10,46,10,46,10,46,10,46,9,47,9,47,9,47,9,47,9,47,9,46,10,46,10,46,10,46,10,46,10,46,10,46,10,46,10,46,10,46,10,46,10,46,10,46,10,46,9,47,9,47,9,47,9,46,10,47,9,47,9,47,9,47,8,48,8,48,8,48,8,48,8,48,8,48,7,50,6,50,6,50,5,51,5,51,5,51,4,52,4,52,3,53,3,53,3,53,2,54,2,54,2,54,1,55,1,55,1,55,1,502,1,55,1,55,1,55,1,55,1,54,2,54,2,54,2,53,3,53,3,52,4,51,5,51,5,50,6,49,7,48,8,47,10,44,12,42,15,37,20,34,23,31,27,27,31,23,35,19,27
m580,191,76,112,51,3,66,17,57,22,52,28,46,33,42,36,38,40,34,43,32,44,31,45,30,46,29,47,29,47,28,48,27,49,26,50,26,50,25,51,25,51,25,51,24,52,24,52,23,53,22,54,22,54,22,54,22,54,21,54,22,54,22,54,21,54,22,54,22,53,23,52,24,51,24,51,25,50,26,50,26,49,27,48,28,47,28,48,28,47,29,46,29,46,30,45,31,44,32,44,31,44,32,44,31,45,31,44,31,45,30,46,30,46,30,46,29,47,29,47,28,48,28,48,27,49,27,49,26,50,26,50,25,51,24,52,24,53,22,54,21,55,21,55,21,55,20,56,20,56,20,56,19,57,19,56,20,56,20,56,19,57,19,57,19,57,19,57,19,56,19,57,19,57,19,57,19,56,20,56,20,56,20,56,20,56,19,56,20,56,20,56,20,55,21,54,22,54,22,54,23,52,24,52,24,51,25,50,27,49,27,48,29,46,32,42,36,38,40,33,44,28,50,23,54,16,63,11,49
m582,191,78,104,49,11,64,16,60,21,55,25,52,28,49,32,45,35,42,38,39,41,37,41,35,43,34,44,33,45,32,46,31,47,31,47,30,48,29,49,28,50,28,50,27,51,26,52,26,52,26,52,25,53,25,53,25,53,24,54,24,53,25,53,24,54,24,53,25,52,25,52,26,52,25,52,25,52,25,52,26,51,27,50,27,50,28,49,28,49,28,49,29,48,29,48,29,48,30,48,29,48,29,48,30,48,29,48,29,49,29,49,29,48,29,49,29,49,28,50,28,50,28,50,27,51,27,51,27,51,26,52,26,52,25,53,25,53,24,54,24,54,24,54,23,55,23,55,23,55,23,55,22,56,22,56,22,55,23,55,22,56,22,56,22,56,22,56,22,56,22,55,22,56,22,56,22,55,23,55,23,55,23,55,23,54,25,53,25,52,26,52,26,51,27,50,29,48,30,45,34,41,38,32,47,26,55,19,61,15,65,11,55
m576,200,79,98,52,7,68,14,64,17,59,24,53,30,47,35,43,38,40,40,38,42,36,43,36,43,35,44,34,45,34,45,33,46,33,46,32,47,32,47,31,48,31,48,30,49,29,49,30,49,29,50,29,50,28,50,28,51,27,51,27,52,27,51,27,51,28,51,27,51,27,51,28,51,27,51,27,51,28,49,29,50,28,50,29,50,28,50,29,49,29,50,28,50,29,50,29,49,29,49,30,49,29,49,29,49,30,48,30,49,30,48,30,49,29,50,29,50,28,51,28,51,28,50,28,51,28,51,28,51,28,51,27,52,27,52,26,53,26,53,26,53,25,53,26,53,26,53,25,54,25,54,25,54,24,55,24,55,24,54,25,54,25,54,25,54,25,53,25,53,26,53,26,52,27,51,29,49,30,48,31,47,32,46,34,43,36,41,39,38,42,35,45,30,50,26,55,22,62,14,52
m576,208,75,93,44,8,64,19,54,27,47,33,41,36,38,38,36,40,35,40,34,41,33,42,32,43,32,43,31,44,30,45,30,45,30,45,29,46,28,47,28,47,27,48,25,50,24,50,24,51,24,51,23,51,23,52,22,53,22,52,22,52,23,51,23,51,23,52,22,52,23,51,23,51,24,51,23,51,24,50,24,51,24,50,25,50,24,50,24,50,25,50,24,50,25,50,24,50,25,50,24,50,25,50,24,50,25,50,25,49,25,50,25,50,25,50,24,51,24,51,24,50,24,50,25,50,25,50,25,50,24,51,24,51,24,51,23,52,23,51,24,51,24,51,24,51,23,52,23,52,23,51,24,51,24,51,24,50,25,50,24,50,25,49,26,49,26,48,27,47,28,46,29,44,31,42,33,41,35,39,36,36,40,34,41,32,45,28,49,24,45
m579,217,66,89,39,10,2,12,38,30,33,34,30,36,29,37,27,39,26,40,26,40,25,41,24,42,23,43,22,44,22,44,21,45,20,46,19,47,19,47,18,48,18,47,18,48,18,48,17,48,17,49,16,49,17,49,16,49,17,48,17,48,18,48,17,48,18,48,18,48,17,48,18,48,17,49,17,48,17,49,17,49,16,49,17,49,16,50,16,49,17,49,16,49,17,49,17,48,17,49,17,48,18,48,17,49,17,48,18,48,18,48,18,48,17,48,18,49,17,49,17,49,17,49,17,48,18,48,18,47,18,48,18,48,18,48,18,48,18,47,19,47,18,48,18,48,18,48,18,48,18,47,19,46,20,45,21,45,21,44,22,43,23,42,24,41,25,40,26,39,27,37,29,36,31,33,33,31,35,30,39,25,47,14,42
m583,220,58,94,46,10,44,16,31,27,28,30,25,33,23,35,21,37,20,38,19,39,18,40,17,41,16,42,16,42,15,43,15,43,14,44,14,44,13,45,13,45,12,46,12,46,11,47,11,46,11,47,11,47,10,47,11,47,11,47,10,48,10,47,11,47,10,48,10,47,11,47,11,47,10,48,10,47,11,47,10,48,10,47,11,47,10,47,11,47,11,47,11,47,11,47,10,47,11,47,11,47,10,48,10,48,10,48,10,48,10,47,11,47,10,48,10,48,10,47,11,47,11,47,11,47,11,47,11,47,11,46,12,46,12,46,12,46,12,46,12,45,13,45,12,46,12,45,13,45,13,44,14,44,14,43,15,43,15,42,16,41,17,40,18,39,19,38,20,37,22,35,23,35,23,34,24,33,25,31,28,29,29,28,30,27,32,24,35,22,39,17,34
m592,231,46,89,24,1,40,10,14,1,19,15,1,1,1,1,3,1,2,3,17,21,1,2,1,5,15,25,1,5,13,33,12,34,11,35,10,36,9,37,9,37,8,38,7,39,7,39,7,39,6,40,6,40,5,41,5,41,5,41,4,42,4,42,4,42,3,43,3,43,3,43,3,43,3,43,3,43,2,44,2,44,2,44,2,44,2,44,2,44,2,44,2,44,2,44,2,44,1,45,1,45,1,45,1,45,1,45,1,45,1,45,1,45,1,45,1,45,1,45,1,45,1,44,2,44,2,44,2,44,2,44,2,44,2,43,3,43,3,43,2,43,3,42,4,42,4,42,4,41,5,41,6,40,6,39,7,39,7,38,8,38,8,37,9,36,10,36,10,35,11,34,12,33,14,32,14,31,15,30,17,29,17,28,18,27,20,25,22,23,24,22,25,19,28,17,31,14,22
m599,237,44,84,26,9,27,19,20,25,18,30,13,32,11,33,10,34,9,35,8,37,6,38,5,39,4,40,3,41,3,41,2,42,2,42,2,42,1,43,1,43,1,43,1,43,1,1010,1,43,1,43,1,43,1,43,1,43,1,43,1,42,2,42,2,42,2,41,3,41,3,40,4,40,4,39,5,39,5,39,5,38,6,38,6,37,7,37,7,36,8,36,8,35,9,35,10,34,10,33,11,33,11,32,13,31,13,30,15,29,15,28,17,27,17,26,19,25,20,23,22,22,23,20,25,18,27,16,18
m599,237,56,80,42,9,45,13,41,17,37,20,34,22,30,26,28,28,26,30,24,32,22,34,17,1,1,37,12,44,11,45,8,48,7,49,6,50,4,52,3,53,3,53,2,54,2,54,1,55,1,55,1,55,1,166,1,55,1,55,1,54,2,54,2,54,2,54,2,54,2,54,2,53,3,52,4,52,4,51,5,51,5,50,6,50,6,50,6,49,7,49,7,49,7,48,8,48,8,47,10,45,11,45,11,44,12,43,13,43,13,42,14,41,15,41,15,40,16,40,16,40,16,39,18,37,19,37,19,36,20,35,22,34,22,33,24,32,24,31,26,30,27,28,29,26,30,26,31,24,33,23,34,22,35,20,37,18,40,14,44,11,29
m606,236,62,72,49,10,48,16,40,23,36,26,34,28,33,29,31,31,29,33,28,34,26,36,24,38,10,2,2,48,9,53,6,56,5,57,4,58,3,59,2,60,1,60,2,60,2,60,1,60,2,59,3,59,3,59,3,58,4,58,4,57,5,57,5,57,5,56,6,56,6,55,7,55,7,54,8,54,8,53,9,52,10,52,10,51,11,50,12,50,12,50,12,50,12,49,13,49,14,47,15,46,16,46,16,45,17,44,18,44,18,43,20,41,21,40,22,39,23,38,25,36,26,36,27,34,28,33,30,31,31,31,31,30,33,28,35,27,35,27,36,25,38,23,39,23,40,21,43,17,33
m607,220,64,73,47,13,49,16,47,19,44,20,43,22,42,22,41,23,40,24,40,24,39,25,38,26,37,27,36,28,34,30,34,30,32,32,9,2,20,33,6,10,14,34,4,18,5,37,3,61,2,62,2,62,1,62,2,62,1,63,1,62,2,62,2,62,2,62,2,61,3,61,3,60,4,60,4,59,5,60,4,59,5,59,5,59,5,58,6,58,6,58,6,57,7,57,7,56,8,56,8,56,8,56,8,56,8,55,9,55,9,55,9,54,10,53,11,52,12,51,14,49,15,48,16,47,17,46,19,44,20,43,22,41,23,39,26,37,28,35,30,32,33,30,34,29,37,26,39,23,42,21,44,18,48,14,36
m608,207,63,71,53,1,57,14,49,15,47,16,46,17,43,20,42,21,40,23,39,24,37,26,35,28,33,30,31,32,23,40,9,54,7,56,6,57,5,58,5,58,4,59,4,59,3,60,3,60,2,61,2,61,2,61,1,62,1,61,2,61,2,61,2,60,2,61,2,61,2,61,2,61,2,60,3,60,3,60,3,60,3,60,3,59,4,59,4,59,4,58,5,58,5,58,5,58,5,58,5,58,5,58,5,57,6,56,8,55,8,54,9,54,9,53,10,52,12,50,13,49,14,48,16,45,19,43,21,40,24,38,26,35,29,32,32,29,35,26,39,22,43,18,47,13,34
m617,191,60,72,47,1,1,2,51,11,48,14,44,16,37,24,18,43,9,51,7,53,6,54,6,54,5,56,4,56,3,57,3,57,3,57,3,57,3,57,3,58,2,58,1,59,1,360,1,59,1,59,1,59,1,59,1,59,1,59,1,59,1,59,1,59,1,59,1,119,1,59,1,59,1,59,1,59,1,59,1,59,1,59,1,59,1,59,2,58,2,58,2,58,2,57,3,57,4,55,5,55,5,55,5,54,7,53,7,52,8,51,10,50,10,49,12,47,13,46,15,44,16,42,19,39,22,36,25,33,28,29,33,24,38,18,44,13,30
m619,183,59,72,36,11,17,43,15,45,13,47,12,48,10,49,10,50,8,51,8,52,7,52,7,52,7,53,5,54,5,55,4,55,4,55,4,56,3,56,3,57,2,57,2,57,2,58,1,58,1,58,1,118,1,58,1,58,1,58,1,58,1,58,1,58,1,58,1,58,1,58,1,58,1,58,1,58,2,57,2,57,2,57,2,57,2,57,3,56,3,56,3,56,3,56,3,56,3,56,3,56,3,56,4,55,4,55,4,54,5,54,6,52,7,52,7,51,8,50,10,49,10,47,13,45,15,44,15,43,17,41,19,39,21,37,23,35,25,32,29,28,33,23,38,19,21
m620,173,59,74,8,14,9,1,32,33,25,36,21,39,20,40,18,42,17,43,16,44,15,44,15,45,14,46,13,47,12,48,11,49,9,51,8,52,7,52,7,53,6,54,5,54,6,54,5,55,4,55,4,56,3,56,3,57,2,57,2,57,3,56,3,57,2,57,2,57,2,57,2,57,2,57,2,57,3,56,3,56,3,56,3,56,3,56,3,56,3,56,3,56,4,55,4,55,4,55,4,55,5,54,5,54,5,54,5,54,6,53,6,53,6,53,7,52,7,52,8,51,9,50,9,49,11,48,12,45,14,44,16,42,18,40,20,38,21,37,23,35,25,32,28,29,31,26,34,24,36,21,39,17,21
m620,172,62,78,31,1,57,8,43,21,31,32,28,36,25,38,23,40,22,40,21,42,20,43,18,46,16,47,15,47,15,48,14,49,13,50,12,51,11,52,10,53,9,53,9,54,8,55,7,56,6,57,5,57,6,57,5,57,5,57,6,57,5,57,5,57,6,57,5,57,5,58,4,58,4,58,5,57,5,57,5,58,4,58,4,58,4,58,5,57,5,57,5,57,5,57,5,57,5,57,6,56,6,56,6,56,6,56,6,56,7,55,7,55,7,55,7,55,8,54,8,54,9,53,9,53,10,51,11,51,12,49,13,49,14,47,16,44,18,43,20,41,21,39,24,37,25,36,27,33,30,32,31,29,34,27,36,24,39,21,20
m611,185,63,79,27,4,56,9,51,13,47,20,40,25,35,29,30,35,27,36,25,40,22,42,20,45,17,47,16,48,14,50,13,51,11,53,10,53,10,54,9,55,8,55,8,56,7,57,6,58,5,58,5,59,4,59,4,59,4,60,3,60,3,61,2,61,3,60,3,60,3,61,2,61,2,62,2,61,2,61,2,61,2,61,3,60,3,60,3,60,4,59,4,59,5,58,5,58,5,58,5,58,6,57,6,57,6,57,6,57,7,56,7,56,7,56,8,55,8,55,9,54,9,54,10,52,12,51,12,51,13,49,14,49,15,47,16,46,18,44,20,42,21,41,24,38,26,36,28,34,31,30,34,28,37,24,40,21,43,19,46,15,20
m607,199,63,80,23,7,54,11,48,17,45,19,42,22,39,25,35,29,33,31,30,33,29,35,27,37,25,39,24,41,21,42,20,45,18,46,17,46,17,47,16,49,14,50,13,51,11,53,10,54,9,55,8,56,7,56,7,57,6,58,5,58,5,59,5,58,5,59,4,60,3,60,3,61,2,61,2,61,2,62,1,62,2,61,2,61,2,61,3,60,3,60,3,60,4,59,4,59,5,58,5,58,6,57,6,57,7,56,7,56,7,56,8,55,8,55,8,55,9,54,9,54,9,54,10,53,10,52,12,50,13,49,15,48,16,46,18,44,20,42,22,40,24,38,26,36,28,34,30,32,32,30,34,28,36,26,38,23,41,20,44,17,47,15,21
m595,234,61,76,20,1,2,4,1,2,47,21,36,27,30,33,27,36,23,39,21,41,20,42,18,44,16,47,14,48,12,50,11,50,10,52,9,53,8,54,7,56,5,56,5,56,5,57,4,57,4,57,4,58,3,59,2,59,2,60,1,60,1,60,1,60,1,61,1,60,1,60,1,60,1,60,2,59,2,59,2,59,3,58,3,58,3,58,3,58,3,58,4,57,4,57,4,57,4,57,4,57,4,57,5,56,5,56,5,56,6,55,6,55,6,55,7,54,7,53,9,52,9,52,10,50,11,50,12,49,12,48,14,46,15,45,17,43,19,41,20,40,22,38,24,36,26,34,28,30,32,26,36,23,39,16,46,13,50,10,28
m588,254,58,74,28,11,46,15,42,17,37,22,28,32,19,40,16,43,15,43,14,45,13,46,11,47,11,48,9,49,9,50,7,51,7,52,6,52,6,52,5,54,4,54,4,55,3,56,2,56,2,56,2,57,1,57,1,232,1,57,1,57,1,57,1,57,1,57,1,57,1,57,1,57,1,57,2,56,2,56,2,56,2,56,2,56,2,56,2,56,2,56,3,55,3,55,3,55,3,55,3,55,3,55,3,55,4,53,5,53,5,53,5,52,7,50,8,50,8,49,10,48,11,46,12,46,13,44,14,43,16,41,18,38,20,37,22,33,26,30,29,27,33,22,37,18,24
m580,294,53,72,37,6,45,10,41,13,19,5,15,15,15,9,12,18,12,15,5,21,11,43,9,44,9,45,7,47,6,47,5,48,5,48,4,50,3,50,3,50,2,51,2,51,2,51,2,52,1,52,1,52,1,1058,1,52,1,52,1,52,1,51,2,51,2,51,2,51,2,50,3,50,3,50,4,48,5,48,5,47,6,47,6,46,7,46,8,44,9,44,9,43,11,42,11,41,12,41,12,40,14,39,14,37,16,36,18,33,20,31,23,27,28,20,25
m559,319,58,64,35,19,33,26,19,40,16,42,14,45,12,46,11,48,9,49,8,50,8,50,7,51,7,51,6,52,6,52,5,53,5,53,4,54,4,54,4,54,3,55,3,55,3,55,3,55,3,55,2,56,2,56,2,56,2,56,1,57,1,57,1,57,1,57,1,57,1,57,1,57,1,57,1,57,1,56,2,56,2,56,2,55,2,56,2,55,3,54,4,53,5,52,6,52,6,51,7,51,7,50,8,49,9,49,9,48,10,47,11,47,11,46,12,45,14,43,15,42,16,41,17,40,18,39,20,36,23,32,23
m538,344,54,63,29,14,39,17,35,23,30,26,27,29,24,30,23,32,22,32,21,33,21,33,20,34,20,34,19,35,19,35,18,36,17,37,16,38,15,39,15,39,14,40,13,41,12,42,11,43,11,43,10,44,10,44,9,45,8,46,8,46,7,47,6,48,6,48,5,49,5,49,5,48,5,49,4,50,4,50,3,51,3,51,2,51,3,51,2,52,2,52,2,51,3,51,3,50,4,50,4,50,4,49,5,48,6,48,6,47,7,46,8,45,10,43,11,42,13,40,14,39,16,37,19,34,21,31,24,28,19
m520,365,56,52,34,17,35,24,30,27,28,29,26,30,25,31,24,32,23,33,22,34,21,35,20,36,19,37,18,38,17,39,16,40,16,40,15,41,14,42,14,42,13,43,12,44,11,45,10,46,8,48,7,49,6,50,5,50,5,51,5,51,4,52,4,52,3,52,3,53,3,52,3,53,3,52,4,51,5,51,5,50,6,49,7,48,8,47,9,46,10,46,10,45,11,44,13,42,14,41,16,40,17,38,19,36,22,32,18
m502,374,53,47,27,7,1,1,43,12,40,26,25,29,22,32,20,33,19,34,18,35,17,36,16,37,15,38,13,40,12,41,11,42,10,43,9,44,8,45,7,46,5,48,4,49,3,50,2,51,2,50,2,51,2,51,1,52,1,52,1,51,2,51,2,51,2,50,3,50,3,49,5,47,6,46,7,46,7,45,8,44,10,42,12,40,13,39,16,36,18,34,21,31,23,27,28,24,32,19,20
m497,377,54,44,46,6,47,8,25,4,16,10,20,15,9,10,17,22,3,12,15,25,1,13,14,40,12,42,10,44,8,46,8,46,7,47,6,48,5,49,5,49,4,50,3,51,3,51,2,51,3,51,2,51,3,51,3,51,3,50,4,49,4,49,6,47,7,46,8,46,8,45,9,44,10,43,12,42,12,41,14,39,16,37,18,36,19,34,21,32,23,31,25,28,28,25,31,22,34,18,20
m486,383,47,47,20,3,38,16,29,20,25,26,19,33,12,38,8,40,6,41,5,43,4,43,3,45,2,45,1,46,1,46,1,468,1,46,1,45,2,45,2,44,3,44,3,43,4,42,5,41,7,40,7,39,8,38,9,38,10,36,12,34,14,33,15,31,17,30,18,28,21,26,23,23,25,21,27,19,30,15,17
m481,387,45,52,14,8,34,14,29,17,28,18,26,20,24,21,23,23,21,25,19,30,15,31,13,33,2,4,6,40,4,43,2,43,1,44,1,44,1,44,1,44,1,134,1,44,1,44,1,43,2,43,2,42,3,42,3,42,3,41,4,41,4,40,5,40,5,39,6,38,8,37,8,36,9,36,9,36,9,36,10,34,11,33,13,32,13,31,15,30,15,30,16,28,18,26,20,24,21,23,23,21,25,19,29,14,18
m474,400,38,47,15,2,30,11,25,14,24,16,1,1,18,21,16,23,15,27,10,29,8,31,7,31,7,34,4,35,2,37,1,37,1,37,1,37,1,37,1,37,1,37,1,113,1,36,2,36,2,36,2,35,3,35,3,35,3,34,4,34,4,33,6,32,6,32,6,32,6,32,7,30,8,30,9,28,11,27,12,26,12,25,14,24,15,22,17,20,19,19,21,16,24,12,12
m464,417,43,40,16,11,26,1,3,18,20,28,13,35,5,38,5,39,3,40,2,41,2,41,1,42,1,42,1,127,1,42,1,41,2,40,3,40,3,39,4,39,4,38,5,38,5,37,6,37,6,37,6,37,7,35,8,34,9,34,10,33,10,32,12,31,14,28,16,27,17,25,19,24,20,22,23,19,25,17,27,15,15
m445,431,42,35,19,14,24,25,14,30,8,34,5,37,4,38,3,39,2,40,1,41,1,41,1,41,1,41,1,41,1,41,1,41,1,40,1,41,1,40,3,38,3,39,3,38,4,37,6,36,6,35,8,34,8,34,9,32,10,32,11,30,13,29,13,27,17,24,19,22,22,18,27,12,17
m433,434,44,35,29,10,28,19,20,26,16,28,15,29,5,39,2,42,1,218,1,42,3,41,3,40,4,40,4,40,4,39,5,39,5,38,7,36,8,36,8,36,8,35,9,35,10,33,11,32,12,32,12,31,13,31,14,28,17,26,19,23,22,19,27,15,20
m413,440,45,31,3,32,12,36,7,41,4,44,1,360,1,43,2,43,2,42,4,39,6,38,7,36,9,35,10,34,11,33,12,32,13,31,14,31,15,28,17,27,18,26,19,25,21,23,22,22,25,18,21
m395,435,50,35,12,2,6,3,1,13,25,28,15,37,11,40,8,43,7,44,5,46,4,48,2,49,1,200,1,49,1,49,1,49,2,48,2,46,4,45,5,43,8,42,8,39,11,38,13,36,14,35,15,33,17,32,18,31,19,30,21,27,23,25,25,23,28,21,30,17,34,14,28
m372,429,56,31,7,1,52,11,21,11,11,16,16,15,9,19,8,22,5,53,3,54,2,55,1,448,1,55,1,54,2,52,4,50,6,48,9,45,11,43,13,42,15,40,16,38,18,37,20,33,23,31,26,28,29,25,33,20,28
m353,425,61,30,7,4,55,13,47,17,44,22,24,3,11,31,3,1,3,15,7,56,4,59,2,60,1,60,1,60,1,181,1,60,1,59,2,59,3,57,4,56,6,54,8,51,10,49,13,47,15,44,17,42,20,39,22,36,26,33,28,32,30,29,33,25,27
m342,423,61,31,9,1,55,20,40,24,37,28,32,34,27,44,16,49,11,53,8,57,4,122,1,60,1,60,1,60,1,60,1,60,1,60,2,59,2,58,3,57,4,56,5,55,6,54,7,52,9,51,11,46,15,39,22,34,28,28,35,22,41,18,35
m344,422,61,30,6,6,4,2,46,19,41,24,36,27,34,29,32,31,30,36,24,41,20,48,13,53,8,58,3,59,2,60,1,244,1,60,1,60,1,60,1,60,1,60,2,58,3,58,4,54,7,51,11,37,24,30,32,25,39,18,35
m358,418,55,31,6,10,42,19,35,23,32,24,30,27,28,28,27,31,24,33,21,36,20,38,17,40,15,42,13,45,10,48,8,49,6,51,4,52,3,53,2,53,2,53,2,53,2,53,3,52,3,52,3,52,3,52,4,50,5,49,6,48,8,44,13,38,10
m375,416,52,29,9,6,40,18,32,23,29,25,27,28,23,32,20,35,17,37,15,40,12,43,9,46,7,47,5,49,3,50,2,51,1,51,1,51,1,51,1,51,1,51,1,51,1,50,2,49,3,48,5,46,6,44,8,41,12,37,16,31,17
m399,413,48,29,16,15,26,27,17,34,12,40,7,43,4,45,3,46,2,47,1,47,1,47,1,47,1,143,1,47,1,47,1,47,1,47,1,47,2,46,2,46,2,45,4,44,4,42,7,39,11,36,14,33,16,29,21,24,13
m426,405,49,31,14,18,28,26,22,30,17,34,13,38,10,40,9,41,7,42,6,44,4,46,2,48,1,391,1,48,1,48,1,48,1,48,1,48,1,47,2,46,3,45,5,43,7,40,10,36,16,31,11
m446,400,40,31,12,5,1,1,2,3,24,23,14,28,11,31,8,33,6,36,4,37,3,38,1,39,1,39,1,39,2,38,2,38,2,277,1,38,2,38,3,36,4,35,6,34,6,33,8,32,8,31,9,30,11,28,14,25,9
