1
m302,315,36,44,0,1584
m301,316,36,45,0,1620
m304,318,37,44,0,1628
m305,320,36,45,0,1620
m301,322,38,45,0,1710
m302,324,37,46,0,1702
m306,327,37,45,0,1665
m312,331,38,46,0,1748
m313,334,37,46,0,1702
m312,339,38,47,0,1786
m313,342,39,46,0,1794
m313,346,39,47,0,1833
m315,349,39,48,0,1872
m316,352,39,47,0,1833
m315,354,39,48,0,1872
m316,358,38,48,0,1824
m314,358,40,49,0,1960
m317,361,40,48,0,1920
m319,359,40,50,0,2000
m322,359,40,50,0,2000
m317,358,40,51,0,2040
m313,357,41,51,0,2091
m312,356,41,51,0,2091
m309,355,42,52,0,2184
m306,355,42,52,0,2184
m299,355,42,52,0,2184
m297,353,42,54,0,2268
m294,352,42,55,0,2310
m295,353,41,56,0,2296
m293,351,43,56,0,2408
m293,350,42,57,0,2394
m294,351,41,57,0,2337
m292,350,43,58,0,2494
m295,349,43,59,0,2537
m293,347,42,60,0,2520
m292,347,43,60,0,2580
m293,346,43,61,0,2623
m293,344,44,62,0,2728
m289,344,45,62,0,2790
m288,342,45,62,0,2790
m288,341,45,63,0,2835
m289,339,45,63,0,2835
m288,337,46,64,0,2944
m285,336,47,65,0,3055
m282,334,47,65,0,3055
m280,332,47,66,0,3102
m280,332,47,65,0,3055
m280,330,47,66,0,3102
m277,328,49,67,0,3283
m277,326,49,67,0,3283
m275,325,50,67,0,3350
m277,323,50,70,0,3500
m280,320,50,70,0,3500
m282,318,50,71,0,3550
m281,316,51,71,0,3621
m285,314,51,74,0,3774
m286,312,51,74,0,3774
m289,309,53,75,0,3975
m297,307,54,75,0,4050
m302,305,53,77,0,4081
m306,302,53,79,0,4187
m309,298,55,80,0,4400
m319,297,56,80,0,4480
m326,293,55,82,0,4510
m329,289,55,83,0,4565
m328,285,56,84,0,4704
m328,282,56,86,0,4816
m329,279,56,87,0,4872
m328,277,58,88,0,5104
m328,272,57,91,0,5187
m327,269,57,91,0,5187
m327,264,58,94,0,5452
m328,261,59,94,0,5546
m328,257,59,96,0,5664
m328,252,60,98,0,5880
m329,247,60,99,0,5940
m331,244,61,99,0,6039
m331,238,62,100,0,6200
m333,234,63,101,0,6363
m334,231,64,103,0,6592
m334,229,64,104,0,6656
m334,226,65,105,0,6825
m335,224,65,106,0,6890
m336,222,66,107,0,7062
m337,218,67,109,0,7303
m339,217,67,108,0,7236
m338,215,69,110,0,7590
m340,212,69,110,0,7590
m341,212,70,108,0,7560
m343,208,71,110,0,7810
m342,205,74,110,0,8140
m344,203,74,111,0,8214
m346,200,75,111,0,8325
m349,199,75,110,0,8250
m349,196,76,112,0,8512
m352,196,76,111,0,8436
m354,195,77,111,0,8547
m355,193,78,111,0,8658
m357,191,79,112,0,8848
m359,188,79,114,0,9006
m359,186,81,114,0,9234
m359,185,82,114,0,9348
m361,184,82,115,0,9430
m363,181,82,116,0,9512
m361,179,85,117,0,9945
m364,178,84,118,0,9912
m364,175,86,120,0,10320
m367,176,85,120,0,10200
m366,175,87,121,0,10527
m367,174,87,122,0,10614
m368,174,88,121,0,10648
m369,175,88,121,0,10648
m370,175,88,122,0,10736
m370,174,89,123,0,10947
m371,177,89,122,0,10858
m370,176,90,123,0,11070
m370,177,91,123,0,11193
m371,177,91,124,0,11284
m374,178,91,124,0,11284
m376,182,92,123,0,11316
m377,180,94,125,0,11750
m378,179,95,126,0,11970
m379,181,94,125,0,11750
m371,182,96,126,0,12096
m371,183,96,124,0,11904
m363,183,98,125,0,12250
m352,183,97,126,0,12222
m347,184,99,124,0,12276
m344,184,100,125,0,12500
m338,185,100,124,0,12400
m329,186,103,123,0,12669
m325,187,103,124,0,12772
m319,189,104,122,0,12688
m317,192,104,122,0,12688
m319,195,104,122,0,12688
m316,196,105,121,0,12705
m310,196,106,120,0,12720
m306,198,107,120,0,12840
m308,199,109,121,0,13189
m310,201,109,120,0,13080
m315,203,109,118,0,12862
m320,206,109,116,0,12644
m323,205,111,116,0,12876
m327,206,111,115,0,12765
m331,205,112,117,0,13104
m337,207,112,116,0,12992
m338,206,114,116,0,13224
m331,207,115,114,0,13110
m325,206,116,116,0,13456
m320,205,116,115,0,13340
m313,205,117,112,0,13104
m308,201,118,113,0,13334
m310,201,119,114,0,13566
m315,199,119,114,0,13566
m321,198,120,114,0,13680
m324,198,121,115,0,13915
m328,200,121,114,0,13794
m328,197,123,115,0,14145
m333,197,123,116,0,14268
m332,195,124,116,0,14384
m345,196,123,114,0,14022
m344,196,125,115,0,14375
m348,197,124,116,0,14384
m353,198,125,116,0,14500
m355,196,127,117,0,14859
m359,196,127,117,0,14859
m363,198,127,117,0,14859
m371,198,128,118,0,15104
m378,198,128,119,0,15232
m378,200,129,120,0,15480
m381,199,128,122,0,15616
m383,197,130,125,0,16250
m385,199,129,124,0,15996
m387,198,130,126,0,16380
m387,200,131,126,0,16506
m385,199,132,130,0,17160
m386,201,132,130,0,17160
m385,201,133,132,0,17556
m381,200,134,135,0,18090
m378,202,134,137,0,18358
m376,203,136,139,0,18904
m374,208,137,139,0,19043
m375,216,139,141,0,19599
m374,223,140,143,0,20020
m373,224,140,146,0,20440
m372,232,141,146,0,20586
m370,239,141,147,0,20727
m372,244,143,151,0,21593
m363,258,144,152,0,21888
m367,263,146,153,0,22338
m377,266,145,158,0,22910
m378,273,149,159,0,23691
m372,286,147,160,0,23520
m371,293,151,166,0,25066
m376,297,152,167,0,25384
m384,294,152,171,0,25992
m388,304,154,167,0,25718
m387,301,154,171,0,26334
m387,297,156,175,0,27300
m385,296,155,174,0,26970
m383,293,157,176,0,27632
m380,296,161,175,0,28175
m379,292,160,179,0,28640
m376,295,163,177,0,28851
m372,295,164,177,0,29028
m369,292,165,180,0,29700
m368,291,166,180,0,29880
m368,288,168,182,0,30576
m369,282,169,185,0,31265
m369,276,170,188,0,31960
m369,270,173,191,0,33043
m364,264,173,191,0,33043
m357,258,174,190,0,33060
m362,251,177,193,0,34161
m372,251,176,190,0,33440
m373,241,180,194,0,34920
m373,239,180,192,0,34560
m371,237,181,192,0,34752
m364,234,181,189,0,34209
m364,223,186,194,0,36084
m364,224,188,192,0,36096
m361,226,188,190,0,35720
m359,226,189,191,0,36099
m354,229,189,191,0,36099
m349,230,190,190,0,36100
m344,226,190,190,0,36100
m339,221,192,191,0,36672
m337,221,193,188,0,36284
m340,212,195,190,0,37050
m345,206,197,185,0,36445
m352,197,194,188,0,36472
m356,194,194,185,0,35890
m362,188,195,182,0,35490
m374,180,194,184,0,35696
m372,182,196,182,0,35672
m360,183,198,181,0,35838
m363,184,198,179,0,35442
m380,179,197,183,0,36051
m400,178,196,185,0,36260
m401,183,199,181,0,36019
m386,180,200,183,0,36600
m377,166,199,178,0,35422
m385,152,200,175,0,35000
m381,130,202,176,0,35552
m375,111,201,176,0,35376
m371,92,201,173,0,34773
m366,70,202,172,0,34744
m363,60,202,176,0,35552
m355,56,204,174,0,35496
m351,56,203,170,0,34510
m352,52,203,172,0,34916
m354,55,203,171,0,34713
m351,55,206,174,0,35844
m346,55,207,173,0,35811
m350,50,204,166,0,33864
m361,43,203,164,0,33292
m365,39,202,164,0,33128
m361,43,203,164,0,33292
m354,56,210,166,0,34860
m352,70,210,167,0,35070
m362,78,210,168,0,35280
m379,95,213,169,0,35997
m385,112,211,167,0,35237
m368,122,212,170,0,36040
m357,122,213,173,0,36849
m358,115,212,168,0,35616
m359,114,213,170,0,36210
m354,142,214,168,0,35952
m349,157,215,167,0,35905
m342,174,216,166,0,35856
m339,203,216,169,0,36504
m336,229,215,160,0,34400
m323,246,219,164,0,35916
m320,251,218,163,0,35534
m319,258,218,159,0,34662
m319,257,217,161,0,34937
m324,254,217,159,0,34503
m329,259,218,158,0,34444
m331,268,219,157,0,34383
m337,279,219,160,0,35040
m349,293,219,152,0,33288
m362,298,221,152,0,33592
m357,303,221,150,0,33150
m347,304,221,152,0,33592
m341,306,219,150,0,32850
m348,307,219,150,0,32850
m359,311,221,148,0,32708
m361,311,218,150,0,32700
m364,310,217,153,0,33201
m368,313,218,154,0,33572
m358,313,219,155,0,33945
m346,313,220,155,0,34100
m349,313,218,155,0,33790
m352,312,217,157,0,34069
m354,312,217,157,0,34069
m356,311,217,150,0,32550
m357,306,217,152,0,32984
m356,307,219,149,0,32631
m354,301,219,150,0,32850
m354,287,220,142,0,31240
m353,278,215,141,0,30315
m340,279,220,141,0,31020
m341,282,216,141,0,30456
m342,284,214,141,0,30174
m340,287,214,140,0,29960
m336,289,215,139,0,29885
m335,289,215,139,0,29885
m337,290,215,140,0,30100
m339,290,215,140,0,30100
m338,291,216,138,0,29808
m338,289,210,141,0,29610
m336,289,212,141,0,29892
m336,289,211,142,0,29962
m337,289,213,142,0,30246
m338,290,213,143,0,30459
m339,287,212,142,0,30104
m338,283,212,141,0,29892
m337,280,212,140,0,29680
m337,279,212,141,0,29892
m337,281,211,140,0,29540
m339,282,206,141,0,29046
m340,282,206,141,0,29046
m341,284,206,141,0,29046
m341,284,205,140,0,28700
m341,286,205,140,0,28700
m344,287,203,141,0,28623
m345,287,203,141,0,28623
m343,289,204,140,0,28560
m341,289,205,140,0,28700
m342,289,203,141,0,28623
m343,286,201,142,0,28542
m342,284,200,142,0,28400
m341,282,198,143,0,28314
m341,281,199,142,0,28258
m336,279,202,141,0,28482
m330,278,202,142,0,28684
m326,274,202,141,0,28482
m324,269,202,143,0,28886
m322,264,202,142,0,28684
m322,259,200,143,0,28600
m317,256,199,145,0,28855
m314,253,199,145,0,28855
m313,251,197,145,0,28565
m312,245,196,146,0,28616
m308,238,198,144,0,28512
m303,231,199,144,0,28656
m303,224,197,146,0,28762
m301,217,197,145,0,28565
m299,207,199,145,0,28855
m299,200,197,144,0,28368
m297,189,198,148,0,29304
m295,176,199,149,0,29651
m291,170,199,148,0,29452
m291,165,197,149,0,29353
m288,164,198,147,0,29106
m285,160,200,148,0,29600
m283,157,200,148,0,29600
m284,156,200,148,0,29600
m282,158,202,147,0,29694
m284,161,203,146,0,29638
m286,161,204,149,0,30396
m280,164,207,147,0,30429
m269,165,208,148,0,30784
m266,166,207,149,0,30843
m266,168,208,149,0,30992
m265,169,209,148,0,30932
m266,172,209,149,0,31141
m267,174,212,149,0,31588
m266,179,211,149,0,31439
m265,182,211,149,0,31439
m262,186,210,148,0,31080
m265,190,210,146,0,30660
m266,192,211,146,0,30806
m269,192,210,147,0,30870
m269,193,211,147,0,31017
m271,193,211,149,0,31439
m272,196,211,147,0,31017
m271,195,213,147,0,31311
m273,195,213,147,0,31311
m276,194,212,147,0,31164
m275,194,210,149,0,31290
m275,195,210,149,0,31290
m271,195,212,148,0,31376
m267,195,213,150,0,31950
m266,197,212,149,0,31588
m262,198,212,148,0,31376
m262,199,211,149,0,31439
m265,203,210,147,0,30870
m268,204,210,147,0,30870
m271,205,210,148,0,31080
m273,206,208,151,0,31408
m276,208,207,151,0,31257
m279,209,208,149,0,30992
m283,210,206,151,0,31106
m287,210,206,150,0,30900
m291,212,207,148,0,30636
m295,210,205,150,0,30750
m298,211,205,149,0,30545
m303,212,205,149,0,30545
m307,211,204,150,0,30600
m311,211,196,153,0,29988
m313,212,197,153,0,30141
m320,214,197,150,0,29550
m323,212,197,153,0,30141
m322,212,197,153,0,30141
m323,212,198,153,0,30294
m324,212,197,153,0,30141
m323,213,198,154,0,30492
m324,215,198,151,0,29898
m323,214,197,152,0,29944
m328,214,190,155,0,29450
m332,216,189,154,0,29106
m322,217,196,151,0,29596
m306,219,204,149,0,30396
m311,216,191,154,0,29414
m335,220,204,151,0,30804
m342,220,190,153,0,29070
m335,221,195,153,0,29835
m338,220,189,155,0,29295
m339,221,189,153,0,28917
m339,219,183,153,0,27999
m341,218,180,152,0,27360
m340,217,180,152,0,27360
m339,212,182,149,0,27118
m337,208,182,149,0,27118
m336,200,182,149,0,27118
m338,197,180,150,0,27000
m338,196,180,150,0,27000
m336,196,182,151,0,27482
m339,197,180,150,0,27000
m338,196,176,151,0,26576
m337,196,174,151,0,26274
m337,197,173,151,0,26123
m338,199,171,150,0,25650
m338,200,171,148,0,25308
m338,202,171,149,0,25479
m338,202,171,149,0,25479
m337,202,171,149,0,25479
m337,203,170,150,0,25500
m336,204,171,149,0,25479
m336,204,168,148,0,24864
m337,205,167,148,0,24716
m337,207,167,147,0,24549
m337,209,167,146,0,24382
m338,211,165,147,0,24255
m338,212,165,147,0,24255
m338,215,165,147,0,24255
m338,216,165,147,0,24255
m338,216,165,147,0,24255
m337,217,165,147,0,24255
