1
m544,234,23,60,0,1380
m543,235,24,57,0,1368
m540,232,27,62,0,1674
m539,231,27,62,0,1674
m537,232,30,61,0,1830
m537,231,29,62,0,1798
m536,232,30,66,0,1980
m535,231,30,64,0,1920
m534,231,30,74,0,2220
m534,228,29,75,0,2175
m534,228,29,76,0,2204
m533,227,30,79,0,2370
m533,226,30,79,0,2370
m532,227,30,79,0,2370
m531,227,30,76,0,2280
m532,228,27,74,0,1998
m530,227,28,77,0,2156
m530,226,30,76,0,2280
m529,225,32,74,0,2368
m529,226,33,71,0,2343
m528,226,34,71,0,2414
m529,225,32,73,0,2336
m528,224,35,73,0,2555
m530,225,32,74,0,2368
m528,225,35,71,0,2485
m530,227,33,72,0,2376
m531,226,34,68,0,2312
m531,227,36,71,0,2556
m534,227,35,69,0,2415
m535,229,34,67,0,2278
m537,228,31,72,0,2232
m539,227,32,71,0,2272
m540,228,33,70,0,2310
m542,228,33,71,0,2343
m543,230,31,73,0,2263
m549,227,32,74,0,2368
m551,229,30,70,0,2100
m556,227,31,72,0,2232
m555,229,31,76,0,2356
m560,228,31,73,0,2263
m561,229,32,72,0,2304
m566,230,29,70,0,2030
m568,228,29,73,0,2117
m573,228,28,72,0,2016
m576,230,27,72,0,1944
m577,228,28,71,0,1988
m578,226,28,76,0,2128
m580,227,29,77,0,2233
m581,227,30,74,0,2220
m583,226,29,79,0,2291
m584,229,29,75,0,2175
m587,226,31,73,0,2263
m586,228,33,70,0,2310
m589,226,32,70,0,2240
m591,227,30,72,0,2160
m593,227,29,82,0,2378
m593,229,32,77,0,2464
m595,226,32,78,0,2496
m597,226,31,77,0,2387
m600,229,31,75,0,2325
m599,224,31,85,0,2635
m599,227,34,79,0,2686
m599,226,32,83,0,2656
m598,227,32,78,0,2496
m594,226,31,82,0,2542
m589,227,31,67,0,2077
m584,227,31,70,0,2170
m577,225,32,73,0,2336
m572,223,31,75,0,2325
m566,223,27,70,0,1890
m559,222,32,69,0,2208
m550,221,30,69,0,2070
m542,221,31,70,0,2170
m533,220,32,71,0,2272
m525,220,33,70,0,2310
m517,219,34,71,0,2414
m510,217,32,72,0,2304
m503,217,34,76,0,2584
m494,217,34,70,0,2380
m485,219,35,71,0,2485
m474,218,33,66,0,2178
m463,221,35,68,0,2380
m452,221,34,69,0,2346
m442,228,33,65,0,2145
m429,228,34,69,0,2346
m412,230,38,64,0,2432
m401,231,36,63,0,2268
m388,230,35,71,0,2485
m372,229,40,74,0,2960
m356,230,43,76,0,3268
m342,235,43,72,0,3096
m323,237,46,72,0,3312
m299,237,56,74,0,4144
m269,240,62,71,0,4402
m243,241,73,69,0,5037
m227,239,68,72,0,4896
m222,242,46,69,0,3174
m203,243,43,66,0,2838
m183,244,42,67,0,2814
m166,242,38,72,0,2736
m151,242,37,74,0,2738
m139,244,37,72,0,2664
m124,245,41,74,0,3034
m113,245,39,72,0,2808
m99,247,43,71,0,3053
m88,245,40,75,0,3000
m77,247,42,78,0,3276
m73,251,44,76,0,3344
m77,247,39,85,0,3315
m72,251,44,80,0,3520
m78,245,39,83,0,3237
m82,250,34,72,0,2448
m82,251,36,75,0,2700
m82,252,40,77,0,3080
m90,254,38,76,0,2888
m93,256,38,76,0,2888
m93,257,37,81,0,2997
m91,257,39,81,0,3159
m91,259,41,83,0,3403
m91,259,40,84,0,3360
m91,255,41,95,0,3895
m93,257,38,87,0,3306
m96,258,38,88,0,3344
m97,259,40,93,0,3720
m101,260,42,90,0,3780
m95,262,54,90,0,4860
m110,261,43,96,0,4128
m117,259,45,92,0,4140
m120,256,47,97,0,4559
m135,258,44,91,0,4004
m137,255,51,92,0,4692
m149,256,50,88,0,4400
m158,254,48,91,0,4368
m163,254,54,87,0,4698
m168,247,54,91,0,4914
m176,251,55,87,0,4785
m181,251,57,89,0,5073
m189,248,55,94,0,5170
m198,259,54,84,0,4536
m204,246,53,93,0,4929
m213,247,51,93,0,4743
m220,249,53,98,0,5194
m226,255,58,100,0,5800
m234,248,58,106,0,6148
m238,256,57,113,0,6441
m239,256,63,118,0,7434
m253,246,64,112,0,7168
m266,241,47,94,0,4418
m278,240,45,100,0,4500
m291,243,42,93,0,3906
m304,246,36,88,0,3168
m309,249,36,78,0,2808
m315,250,41,86,0,3526
m320,250,41,84,0,3444
m333,247,36,83,0,2988
m339,248,34,84,0,2856
m349,241,33,92,0,3036
m357,247,34,91,0,3094
m364,247,35,70,0,2450
m372,247,33,83,0,2739
m382,245,31,90,0,2790
m389,248,32,88,0,2816
m394,249,33,82,0,2706
m401,251,34,80,0,2720
m410,250,35,81,0,2835
m419,249,28,73,0,2044
m427,247,30,76,0,2280
m436,248,32,79,0,2528
m443,248,30,81,0,2430
m449,248,30,80,0,2400
m455,250,30,83,0,2490
m463,252,30,79,0,2370
m472,251,28,79,0,2212
m479,254,27,76,0,2052
m481,253,28,74,0,2072
m482,257,30,66,0,1980
m486,255,27,76,0,2052
m486,253,29,75,0,2175
m490,249,33,83,0,2739
m492,242,28,85,0,2380
m492,241,27,82,0,2214
m490,236,29,89,0,2581
m490,240,29,85,0,2465
m489,236,29,88,0,2552
m489,237,29,85,0,2465
m488,233,34,90,0,3060
m489,236,36,87,0,3132
m490,238,37,84,0,3108
m490,236,37,90,0,3330
m491,236,35,93,0,3255
m487,238,34,93,0,3162
m476,241,37,89,0,3293
m463,240,37,88,0,3256
m449,242,34,84,0,2856
m428,240,39,81,0,3159
m416,242,34,77,0,2618
m404,240,32,88,0,2816
m389,243,35,81,0,2835
m376,244,34,79,0,2686
m358,246,38,76,0,2888
m345,247,38,74,0,2812
m331,245,39,78,0,3042
m321,250,36,73,0,2628
m307,252,38,73,0,2774
m297,252,38,74,0,2812
m286,251,41,75,0,3075
m281,258,42,73,0,3066
m275,252,44,82,0,3608
m269,258,45,81,0,3645
m257,257,53,82,0,4346
m252,257,54,78,0,4212
m246,261,50,84,0,4200
m233,265,58,87,0,5046
m232,272,53,77,0,4081
m212,272,63,85,0,5355
m214,279,51,81,0,4131
m208,290,53,74,0,3922
m197,289,57,75,0,4275
m188,292,59,75,0,4425
m176,292,57,76,0,4332
m165,291,40,73,0,2920
m156,280,52,90,0,4680
m152,274,48,97,0,4656
m148,263,46,106,0,4876
m148,271,48,93,0,4464
m98,266,133,109,0,14497
m141,293,105,117,0,12285
m139,299,114,109,0,12426
m184,299,83,109,0,9047
m155,299,116,96,0,11136
m245,294,113,106,0,11978
m190,285,79,101,0,7979
m192,286,136,105,0,14280
m204,291,64,104,0,6656
m215,294,41,82,0,3362
m226,298,35,70,0,2450
m228,292,43,78,0,3354
m223,293,54,76,0,4104
m234,291,43,74,0,3182
m228,289,68,89,0,6052
m230,288,67,88,0,5896
m236,290,56,87,0,4872
m235,284,59,93,0,5487
m241,276,54,101,0,5454
m249,281,49,92,0,4508
m261,284,40,85,0,3400
m264,283,43,84,0,3612
m272,287,42,73,0,3066
m278,287,42,78,0,3276
m280,289,47,74,0,3478
m291,281,41,81,0,3321
m299,282,42,81,0,3402
m302,285,43,79,0,3397
m308,287,43,72,0,3096
m315,283,44,72,0,3168
m312,281,54,74,0,3996
m327,280,50,73,0,3650
m334,281,49,82,0,4018
m339,283,49,79,0,3871
m349,282,40,84,0,3360
m352,282,41,87,0,3567
m357,284,39,83,0,3237
m366,282,37,83,0,3071
m365,284,39,80,0,3120
m371,282,48,77,0,3696
m366,287,35,75,0,2625
m358,294,37,68,0,2516
m363,292,34,63,0,2142
m364,285,44,68,0,2992
m377,269,71,84,0,5964
m395,258,59,94,0,5546
m421,253,37,96,0,3552
m422,256,37,96,0,3552
m420,255,45,97,0,4365
m424,254,40,94,0,3760
m423,254,39,98,0,3822
m380,266,42,78,0,3276
m386,258,29,73,0,2117
m389,259,25,76,0,1900
m387,261,24,69,0,1656
m386,264,25,69,0,1725
m386,257,27,76,0,2052
m388,262,29,73,0,2117
m387,260,28,68,0,1904
m388,257,30,78,0,2340
m388,269,31,68,0,2108
m389,273,31,67,0,2077
m396,278,28,67,0,1876
m392,281,34,69,0,2346
m388,287,39,68,0,2652
m392,287,36,70,0,2520
m394,292,32,68,0,2176
m388,290,34,72,0,2448
m392,304,30,57,0,1710
m350,280,61,75,0,4575
m389,260,59,95,0,5605
m337,285,113,74,0,8362
m331,282,62,80,0,4960
m333,288,56,71,0,3976
m328,281,58,79,0,4582
m325,279,58,79,0,4582
m321,277,62,89,0,5518
m319,276,53,84,0,4452
m312,277,52,88,0,4576
m303,277,59,82,0,4838
m287,280,67,76,0,5092
m280,279,59,76,0,4484
m264,285,63,74,0,4662
m254,280,60,82,0,4920
m250,277,54,89,0,4806
m237,282,52,81,0,4212
m220,288,58,66,0,3828
m221,280,52,81,0,4212
m221,287,34,75,0,2550
m209,281,37,83,0,3071
m197,282,45,83,0,3735
m181,284,53,76,0,4028
m178,284,51,75,0,3825
m176,285,45,71,0,3195
m168,285,42,71,0,2982
m160,284,38,77,0,2926
m152,286,40,79,0,3160
m151,287,35,67,0,2345
m143,287,44,77,0,3388
m141,287,40,63,0,2520
m139,286,33,66,0,2178
m128,289,41,68,0,2788
m124,288,46,75,0,3450
m120,292,69,77,0,5313
m132,284,46,91,0,4186
m137,289,44,87,0,3828
m137,291,56,79,0,4424
m140,290,38,81,0,3078
m139,287,51,85,0,4335
m137,285,43,85,0,3655
m136,277,48,93,0,4464
m137,282,40,88,0,3520
m136,272,46,103,0,4738
m135,280,48,91,0,4368
m133,270,44,101,0,4444
m130,268,42,106,0,4452
m124,274,40,95,0,3800
m120,274,44,101,0,4444
m122,270,44,106,0,4664
m126,277,40,97,0,3880
m130,277,39,99,0,3861
m131,281,41,93,0,3813
m134,279,41,94,0,3854
m135,275,41,99,0,4059
m131,279,41,98,0,4018
m123,275,43,97,0,4171
