1
373.42059326171875,93.80619812011719,27.243600845336914,62.506500244140625
372.381103515625,93.65519714355469,29.810100555419922,61.59809875488281
375.9161071777344,93.37139892578125,28.215700149536133,62.49589920043945
379.7178039550781,94.25559997558594,26.755599975585938,62.64630126953125
383.13739013671875,93.41200256347656,29.621400833129883,63.60900115966797
389.7432861328125,94.54280090332031,27.479799270629883,56.95880126953125
392.84710693359375,94.07140350341797,26.07159996032715,58.68130111694336
393.9154052734375,94.89649963378906,27.989299774169922,63.69820022583008
396.79888916015625,93.01309967041016,27.082500457763672,66.76499938964844
399.7705078125,88.64109802246094,27.20680046081543,67.29340362548828
400.9180908203125,88.65080261230469,27.887500762939453,64.20970153808594
404.6424865722656,92.4572982788086,29.287500381469727,66.77909851074219
405.49468994140625,91.27999877929688,30.004899978637695,74.26300048828125
406.3622131347656,92.60430145263672,29.759700775146484,73.07469940185547
409.1265869140625,96.15370178222656,28.284299850463867,67.21900177001953
410.0544128417969,95.06179809570312,29.47410011291504,61.762298583984375
411.52398681640625,95.19950103759766,27.568300247192383,59.8296012878418
412.8478088378906,96.17649841308594,28.33209991455078,61.24760055541992
417.1849060058594,98.0282974243164,32.17150115966797,62.53350067138672
419.8699951171875,97.22039794921875,31.192699432373047,65.74089813232422
422.3467102050781,93.26180267333984,30.775299072265625,62.50790023803711
424.518798828125,93.43489837646484,28.83169937133789,62.86989974975586
425.4591979980469,94.00559997558594,29.422199249267578,64.40519714355469
427.1388854980469,95.13629913330078,27.14579963684082,59.732200622558594
427.0054931640625,100.21530151367188,31.118499755859375,66.67359924316406
426.84100341796875,99.37799835205078,30.91069984436035,67.79499816894531
425.1153869628906,99.08419799804688,31.253000259399414,60.894100189208984
425.4952087402344,97.38150024414062,31.311899185180664,65.50460052490234
426.2267150878906,97.0083999633789,30.92259979248047,70.14420318603516
428.31610107421875,97.61910247802734,31.15239906311035,69.26820373535156
428.3721923828125,96.64330291748047,33.81909942626953,69.29280090332031
429.6924133300781,96.38569641113281,32.92219924926758,68.59739685058594
429.93011474609375,94.39189910888672,34.76279830932617,66.41339874267578
430.77569580078125,95.72149658203125,39.30939865112305,63.61259841918945
432.6120910644531,97.42330169677734,37.51789855957031,69.58200073242188
433.4512939453125,97.16100311279297,32.106998443603516,70.16329956054688
435.2148132324219,97.95230102539062,29.443500518798828,71.19349670410156
434.12188720703125,96.17729949951172,35.780399322509766,70.53179931640625
435.09210205078125,94.8550033569336,36.02040100097656,70.01239776611328
436.0798034667969,94.48590087890625,36.79029846191406,68.62969970703125
438.156494140625,92.68599700927734,36.38779830932617,71.135498046875
444.8988037109375,91.52580261230469,31.946800231933594,77.18190002441406
451.33441162109375,91.15750122070312,30.182100296020508,77.39320373535156
456.474609375,88.00379943847656,34.3838996887207,78.32779693603516
459.7666015625,87.93240356445312,34.92409896850586,66.98809814453125
460.993408203125,86.94960021972656,41.032501220703125,62.18899917602539
462.46929931640625,83.96189880371094,44.8297004699707,71.01210021972656
465.9495849609375,85.06199645996094,42.503700256347656,71.064697265625
474.6247863769531,87.16639709472656,36.450401306152344,60.6859016418457
478.6328125,88.7822036743164,32.464900970458984,64.69999694824219
481.59161376953125,87.03019714355469,31.701400756835938,71.0967025756836
483.0072021484375,85.70880126953125,35.751399993896484,72.54850006103516
485.05560302734375,84.8667984008789,36.762001037597656,69.42240142822266
486.3678894042969,83.18119812011719,32.35850143432617,69.76490020751953
485.9266052246094,83.31800079345703,33.05860137939453,74.62239837646484
487.2862854003906,83.63580322265625,31.420400619506836,80.62689971923828
490.0299987792969,80.22679901123047,33.349998474121094,76.79429626464844
491.57769775390625,81.58779907226562,35.01089859008789,67.43489837646484
490.877197265625,80.27529907226562,39.9468994140625,71.07460021972656
493.5409851074219,83.2708969116211,36.61869812011719,68.12529754638672
492.5137939453125,84.49410247802734,32.93579864501953,63.61909866333008
492.3070983886719,85.56420135498047,28.64389991760254,61.435699462890625
491.3439025878906,87.60040283203125,29.561599731445312,66.80770111083984
489.3203125,87.31159973144531,28.57550048828125,75.15630340576172
484.2840881347656,84.88529968261719,34.69620132446289,72.5613021850586
483.35211181640625,88.9397964477539,35.791099548339844,64.74259948730469
485.29791259765625,90.53150177001953,30.43779945373535,64.60389709472656
488.3493957519531,89.72709655761719,23.65049934387207,65.89250183105469
488.6054992675781,90.3915023803711,23.13290023803711,68.43920135498047
485.2850036621094,90.5280990600586,27.794300079345703,72.89929962158203
483.8319091796875,89.58809661865234,34.02239990234375,73.47109985351562
484.5798034667969,89.99829864501953,38.499900817871094,72.45970153808594
487.39208984375,92.6720962524414,33.591400146484375,69.42420196533203
487.4382019042969,95.81179809570312,31.117700576782227,66.22599792480469
488.46771240234375,98.59230041503906,27.190200805664062,67.26529693603516
488.7218933105469,100.8843002319336,28.44770050048828,73.26219940185547
489.4525146484375,101.29340362548828,29.332399368286133,70.25379943847656
490.1733093261719,102.37079620361328,31.375,71.10399627685547
494.9071044921875,104.62740325927734,30.636999130249023,66.06220245361328
497.9595031738281,107.722900390625,27.241899490356445,68.193603515625
500.78900146484375,110.83450317382812,24.839000701904297,68.40409851074219
501.08648681640625,111.06990051269531,26.78059959411621,68.14790344238281
503.07000732421875,113.49859619140625,26.607200622558594,66.07720184326172
508.6310119628906,115.49749755859375,29.761699676513672,63.83110046386719
508.9028015136719,115.70999908447266,36.785701751708984,65.14779663085938
510.02239990234375,115.06839752197266,35.430599212646484,68.75440216064453
511.6846008300781,117.38780212402344,31.635400772094727,68.42160034179688
511.077392578125,119.48320007324219,34.93339920043945,63.51150131225586
511.2413024902344,118.02220153808594,33.777099609375,67.96440124511719
513.4552001953125,117.70490264892578,37.898399353027344,68.36589813232422
518.010498046875,117.49349975585938,34.29090118408203,71.28340148925781
522.2103881835938,116.94860076904297,29.752399444580078,75.33679962158203
525.7910766601562,119.12740325927734,27.39080047607422,72.13919830322266
527.2078857421875,118.03700256347656,28.184799194335938,70.68190002441406
527.3328247070312,119.0739974975586,33.70949935913086,65.12879943847656
532.1527709960938,117.63970184326172,34.05419921875,71.32990264892578
529.720703125,123.07160186767578,40.28710174560547,65.93599700927734
529.9992065429688,121.23829650878906,38.17369842529297,66.74500274658203
530.681884765625,123.76460266113281,38.61470031738281,65.20700073242188
533.9154052734375,125.08899688720703,29.616500854492188,69.98509979248047
532.7437744140625,121.18190002441406,30.99519920349121,76.11119842529297
528.927978515625,123.35990142822266,41.484500885009766,73.85340118408203
522.6011962890625,124.62339782714844,43.75310134887695,71.06279754638672
520.038330078125,126.10639953613281,38.13479995727539,75.36380004882812
517.00390625,126.25080108642578,39.34550094604492,87.4490966796875
516.067626953125,130.46560668945312,34.51810073852539,79.87169647216797
512.2974243164062,130.61489868164062,35.463600158691406,78.1897964477539
503.2257080078125,132.931396484375,42.197601318359375,71.27220153808594
500.52801513671875,136.43539428710938,41.889801025390625,63.94860076904297
483.965087890625,138.716796875,51.19060134887695,70.62169647216797
478.7513122558594,142.41940307617188,38.56880187988281,78.87439727783203
476.114013671875,148.22410583496094,31.78230094909668,73.41200256347656
472.0151062011719,144.25990295410156,35.09700012207031,73.62049865722656
461.176513671875,144.2895965576172,44.169898986816406,71.65129852294922
450.664306640625,144.5876007080078,49.73609924316406,71.23770141601562
449.9068908691406,142.17909240722656,39.43840026855469,79.9010009765625
451.4851989746094,141.77609252929688,31.947599411010742,84.31719970703125
451.1648864746094,142.76089477539062,31.44179916381836,81.36840057373047
453.6070861816406,141.30160522460938,36.955501556396484,79.33260345458984
451.3808898925781,142.1125030517578,45.73699951171875,79.75350189208984
447.0940856933594,145.48739624023438,45.5984992980957,72.85919952392578
446.0763854980469,149.05870056152344,40.77669906616211,73.63870239257812
446.0671081542969,148.35609436035156,39.30699920654297,82.10970306396484
448.2007141113281,147.4528045654297,31.554399490356445,84.22109985351562
447.8276062011719,145.7259063720703,35.012699127197266,83.02539825439453
445.5165100097656,147.0222930908203,44.63759994506836,75.35199737548828
440.29168701171875,150.16799926757812,45.233001708984375,66.15689849853516
443.45928955078125,151.69349670410156,40.77980041503906,59.88050079345703
442.877197265625,153.21029663085938,39.288700103759766,67.85079956054688
442.78271484375,151.6248016357422,32.23249816894531,62.177398681640625
445.2229919433594,153.79580688476562,35.83369827270508,66.20269775390625
442.7192077636719,154.5579071044922,43.486698150634766,71.6010971069336
438.2909851074219,154.12669372558594,44.1515007019043,67.44319915771484
434.4773864746094,153.4261016845703,45.377201080322266,72.93080139160156
443.777587890625,155.0861053466797,34.70610046386719,78.84700012207031
448.5465087890625,154.6132049560547,29.120800018310547,80.2802963256836
448.2026062011719,153.031005859375,35.52690124511719,78.68599700927734
441.34649658203125,153.98060607910156,45.701698303222656,77.95230102539062
440.8671875,154.49220275878906,43.740699768066406,72.12940216064453
447.3323974609375,155.0885009765625,36.589698791503906,68.07710266113281
451.1496887207031,156.40260314941406,31.300399780273438,65.11380004882812
452.17401123046875,156.38600158691406,31.42180061340332,74.4791030883789
450.59588623046875,158.80039978027344,40.81829833984375,74.15660095214844
445.40869140625,158.22459411621094,48.96580123901367,78.41210174560547
434.9778137207031,158.8282928466797,54.59920120239258,79.06580352783203
443.2550964355469,159.4864959716797,43.6619987487793,80.98370361328125
453.96820068359375,161.24929809570312,34.317501068115234,85.06529998779297
453.59619140625,159.76220703125,37.508399963378906,84.59020233154297
450.8100891113281,160.5225067138672,43.95640182495117,84.99340057373047
445.4248046875,162.7720947265625,49.27069854736328,78.17430114746094
451.14569091796875,163.46690368652344,38.85089874267578,64.97480010986328
450.4671936035156,165.08859252929688,35.87049865722656,62.08380126953125
450.5090026855469,165.23049926757812,32.34199905395508,59.908599853515625
450.8919982910156,163.92300415039062,32.76649856567383,63.2598991394043
452.4100036621094,169.60780334472656,33.61800003051758,62.72909927368164
454.28228759765625,163.32400512695312,40.09590148925781,64.71109771728516
457.4119873046875,164.90859985351562,39.84170150756836,72.77670288085938
464.3035888671875,163.81629943847656,29.24139976501465,63.86650085449219
468.18121337890625,160.3842010498047,29.612600326538086,68.23739624023438
467.9670104980469,161.82479858398438,36.92599868774414,72.11260223388672
466.9718933105469,160.62510681152344,34.67190170288086,70.51429748535156
468.52410888671875,159.906494140625,39.26499938964844,67.19229888916016
466.97869873046875,157.26609802246094,32.80149841308594,63.04169845581055
464.3471984863281,168.2310028076172,37.132301330566406,72.33799743652344
464.6358947753906,157.42050170898438,39.504398345947266,80.97550201416016
459.36920166015625,154.7928009033203,46.3849983215332,83.96009826660156
456.14898681640625,151.93240356445312,46.08100128173828,84.8407974243164
463.0278015136719,151.47979736328125,33.489200592041016,79.79170227050781
465.0404968261719,152.9470977783203,27.799100875854492,81.80229949951172
465.0994873046875,151.89990234375,33.28419876098633,77.74800109863281
463.7239990234375,152.1761016845703,42.18519973754883,82.59149932861328
460.5921936035156,152.85549926757812,44.704200744628906,80.62870025634766
460.38031005859375,153.81179809570312,38.438899993896484,75.36930084228516
460.7590026855469,158.37440490722656,30.333599090576172,71.45670318603516
455.0221862792969,158.80740356445312,30.53059959411621,68.54740142822266
455.3529052734375,166.4774932861328,35.78099822998047,79.17759704589844
450.4169921875,159.7570037841797,41.898101806640625,87.42389678955078
445.79840087890625,160.1436004638672,37.62770080566406,86.98500061035156
442.1769104003906,161.1999053955078,32.5880012512207,91.04080200195312
441.68170166015625,160.86380004882812,30.59600067138672,94.15019989013672
439.6496887207031,160.97979736328125,35.73609924316406,96.34729766845703
422.32049560546875,160.00790405273438,49.777400970458984,87.82060241699219
419.42529296875,159.06809997558594,41.456600189208984,75.88670349121094
416.9151916503906,160.84500122070312,40.188201904296875,76.99870300292969
413.2734069824219,160.75979614257812,34.8572998046875,65.19860076904297
415.30029296875,172.25909423828125,32.55799865722656,74.46730041503906
413.3882141113281,164.08140563964844,38.54890060424805,86.34519958496094
396.7344055175781,148.96730041503906,51.70240020751953,87.28279876708984
399.46319580078125,153.69020080566406,48.91510009765625,93.7571029663086
405.3481140136719,151.40780639648438,34.39759826660156,92.7208023071289
405.6944885253906,150.78439331054688,34.92179870605469,81.9657974243164
404.7803039550781,151.7133026123047,37.97359848022461,77.46659851074219
406.81671142578125,162.10830688476562,48.31660079956055,84.9291000366211
410.0736083984375,157.139404296875,40.38970184326172,78.84449768066406
408.2720947265625,153.82269287109375,40.35350036621094,72.3677978515625
410.79168701171875,159.5023956298828,33.46659851074219,76.50180053710938
408.7795104980469,163.23880004882812,37.34870147705078,83.63880157470703
404.38470458984375,164.7523956298828,48.11040115356445,89.12059783935547
404.73638916015625,168.34030151367188,44.46900177001953,81.93879699707031
400.3395080566406,169.10679626464844,39.64289855957031,81.29080200195312
402.94488525390625,172.04119873046875,30.680599212646484,75.5510025024414
401.619384765625,172.92100524902344,34.57749938964844,75.81819915771484
401.72930908203125,167.7091064453125,33.915000915527344,78.05960083007812
399.5852966308594,163.71180725097656,42.64459991455078,87.08110046386719
389.3558044433594,159.71299743652344,41.11399841308594,79.75980377197266
391.4891052246094,157.60519409179688,35.322601318359375,88.6323013305664
389.75750732421875,156.5655059814453,33.32149887084961,91.19650268554688
387.7992858886719,154.6488037109375,39.32870101928711,98.85089874267578
388.1463928222656,156.047607421875,37.91130065917969,93.90679931640625
381.62548828125,154.5334930419922,38.14659881591797,88.22560119628906
380.31060791015625,158.21530151367188,37.63520050048828,76.57599639892578
381.1307067871094,159.53700256347656,29.4783992767334,68.86329650878906
382.7438049316406,159.43170166015625,28.079500198364258,63.113399505615234
381.78240966796875,169.42849731445312,35.809898376464844,70.32759857177734
375.81988525390625,176.49169921875,42.800899505615234,66.31269836425781
374.49139404296875,157.7003936767578,40.67639923095703,66.79540252685547
374.74420166015625,152.11549377441406,29.30620002746582,72.69979858398438
372.64599609375,152.99749755859375,29.995500564575195,74.74500274658203
366.7088928222656,153.27549743652344,33.62419891357422,82.50509643554688
364.34649658203125,143.91200256347656,37.977298736572266,90.81590270996094
356.7243957519531,140.03280639648438,45.363800048828125,96.54820251464844
356.0697021484375,137.96099853515625,42.872798919677734,93.18419647216797
360.06298828125,136.6186981201172,33.03879928588867,88.79019927978516
358.5129089355469,139.77110290527344,36.05970001220703,82.6333999633789
359.1077880859375,139.60769653320312,35.35089874267578,77.84290313720703
363.4827880859375,139.75250244140625,31.69879913330078,82.80020141601562
364.7434997558594,139.22889709472656,30.992900848388672,76.76509857177734
361.3323059082031,143.13389587402344,33.7869987487793,79.97850036621094
358.2503967285156,141.80780029296875,40.15950012207031,92.80809783935547
363.2065124511719,142.2100067138672,35.052799224853516,91.07510375976562
360.17181396484375,145.593994140625,37.76060104370117,87.1010971069336
358.902587890625,143.39410400390625,33.95249938964844,88.27290344238281
360.24420166015625,142.11309814453125,29.611400604248047,92.38690185546875
356.72430419921875,143.4373016357422,32.55139923095703,86.931396484375
349.8591003417969,141.48309326171875,44.732601165771484,94.87310028076172
341.7275085449219,141.80569458007812,54.22140121459961,88.68160247802734
344.2345886230469,143.41220092773438,45.926300048828125,79.206298828125
347.5216979980469,143.39039611816406,31.38800048828125,80.78459930419922
345.654296875,141.47740173339844,33.47840118408203,91.93160247802734
346.3500061035156,139.91419982910156,35.30979919433594,95.90540313720703
338.7428894042969,141.49630737304688,38.3838005065918,86.66719818115234
338.23260498046875,144.20449829101562,37.1171989440918,83.78720092773438
339.535400390625,143.53480529785156,35.655799865722656,80.73609924316406
339.2536926269531,143.33270263671875,34.76139831542969,86.32489776611328
338.934814453125,142.4875030517578,44.63710021972656,88.22309875488281
340.355712890625,142.4040069580078,43.34120178222656,82.5604019165039
339.2549133300781,142.1197052001953,43.190799713134766,84.6344985961914
338.4761962890625,142.6569061279297,48.080299377441406,74.18920135498047
335.67919921875,144.43739318847656,49.79090118408203,75.36599731445312
335.168701171875,145.3455047607422,49.872100830078125,86.02739715576172
331.9765930175781,145.92630004882812,49.00279998779297,84.97370147705078
328.0802001953125,146.79190063476562,46.92300033569336,81.69059753417969
332.6697998046875,148.60110473632812,36.15869903564453,75.70919799804688
333.7196044921875,146.56460571289062,26.049100875854492,79.7853012084961
332.381103515625,146.6501007080078,32.13029861450195,84.77660369873047
331.0318908691406,146.69309997558594,39.456298828125,83.66929626464844
330.30780029296875,146.86019897460938,26.805700302124023,77.27349853515625
327.1047058105469,146.72430419921875,31.14579963684082,74.69319915771484
324.1086120605469,147.68150329589844,31.862899780273438,77.53800201416016
324.35931396484375,147.5406951904297,30.3966007232666,85.00080108642578
321.40771484375,145.9676971435547,34.0010986328125,85.18280029296875
320.67608642578125,146.74569702148438,33.74300003051758,81.53350067138672
318.55810546875,149.43460083007812,33.95330047607422,73.51349639892578
321.84521484375,147.97579956054688,27.916500091552734,81.97309875488281
322.0328063964844,145.76939392089844,27.361400604248047,87.3563003540039
322.2153015136719,147.21499633789062,29.42169952392578,86.62429809570312
320.0911865234375,145.80459594726562,35.88130187988281,85.1686019897461
313.97650146484375,141.2906951904297,42.15850067138672,82.44499969482422
320.189208984375,143.29049682617188,34.71189880371094,84.70359802246094
323.32598876953125,144.08740234375,24.236600875854492,80.83200073242188
323.36529541015625,145.5872039794922,23.858200073242188,81.23259735107422
324.8965148925781,146.43299865722656,24.898399353027344,81.34120178222656
322.0914001464844,146.60260009765625,27.8976993560791,79.16239929199219
322.3041076660156,145.49070739746094,26.45439910888672,76.19779968261719
323.3291931152344,148.35569763183594,26.28030014038086,72.4563980102539
321.52398681640625,148.8251953125,28.10540008544922,67.65679931640625
320.614013671875,149.46510314941406,34.836299896240234,78.98690032958984
322.1517028808594,146.1136016845703,35.368099212646484,77.70819854736328
319.6947021484375,147.5950927734375,34.72600173950195,68.94640350341797
322.4237060546875,149.3336944580078,28.01099967956543,64.160400390625
322.8580017089844,147.28660583496094,29.271900177001953,70.16220092773438
322.3131103515625,148.30430603027344,31.05120086669922,79.26090240478516
325.4385070800781,147.2301025390625,28.820499420166016,79.26270294189453
328.0252990722656,147.67599487304688,27.17449951171875,73.81909942626953
330.1112060546875,147.43580627441406,26.653099060058594,78.52230072021484
332.01690673828125,148.08639526367188,26.003599166870117,77.94719696044922
334.0390930175781,148.65679931640625,26.83340072631836,77.22029876708984
333.8962097167969,147.5106964111328,31.406099319458008,77.14649963378906
334.6852111816406,150.01829528808594,30.996000289916992,73.71890258789062
334.9664001464844,149.6345977783203,26.952499389648438,65.01609802246094
336.855712890625,151.09689331054688,26.061500549316406,69.27690124511719
338.6116943359375,150.65370178222656,25.33650016784668,79.6227035522461
336.82281494140625,149.78309631347656,27.818599700927734,81.46080017089844
337.6354064941406,149.38729858398438,26.9507999420166,75.3864974975586
335.2438049316406,148.69180297851562,29.25950050354004,77.02420043945312
336.1596984863281,149.8061065673828,26.405899047851562,78.04219818115234
333.7771911621094,147.81910705566406,27.569700241088867,79.51090240478516
333.3768005371094,150.07899475097656,29.260700225830078,79.72850036621094
325.24310302734375,147.21009826660156,35.609500885009766,75.75270080566406
331.2940979003906,152.04820251464844,25.375600814819336,70.1272964477539
330.6199951171875,150.83619689941406,28.12459945678711,71.26860046386719
330.24969482421875,152.31019592285156,28.930400848388672,70.489501953125
330.66729736328125,148.31129455566406,28.909400939941406,77.35250091552734
329.7513122558594,150.06080627441406,29.466899871826172,72.55819702148438
329.3584899902344,149.23570251464844,30.371400833129883,72.26090240478516
331.7236022949219,149.26429748535156,28.434499740600586,76.15609741210938
332.1317138671875,149.59019470214844,28.233600616455078,76.91079711914062
330.96148681640625,150.70419311523438,30.94860076904297,75.90570068359375
331.827392578125,152.39419555664062,31.132699966430664,70.77580261230469
326.1256103515625,152.3531036376953,34.89360046386719,65.84700012207031
327.8883972167969,149.66619873046875,29.967100143432617,74.41919708251953
329.4027099609375,150.19949340820312,29.354400634765625,75.29350280761719
328.497314453125,150.7816925048828,32.55929946899414,79.2197036743164
329.56170654296875,150.1920928955078,28.553600311279297,76.16470336914062
328.4743957519531,150.25650024414062,29.98240089416504,70.72429656982422
327.2809143066406,151.88279724121094,28.515100479125977,69.99720001220703
327.10400390625,153.62069702148438,29.344200134277344,71.92459869384766
325.60870361328125,154.7353057861328,30.94420051574707,69.41699981689453
325.82598876953125,154.8856964111328,31.803199768066406,73.14739990234375
327.4090881347656,154.79490661621094,29.909099578857422,72.47850036621094
326.273193359375,154.3134002685547,30.342500686645508,70.02410125732422
328.1813049316406,156.81919860839844,25.683900833129883,63.90719985961914
325.1106872558594,158.24310302734375,28.717199325561523,61.0629997253418
326.3034973144531,158.485107421875,26.826200485229492,72.26809692382812
324.53271484375,155.60910034179688,34.649600982666016,73.79180145263672
321.731689453125,159.82850646972656,39.295799255371094,70.2313003540039
323.9023132324219,161.1584014892578,35.7135009765625,68.88179779052734
327.489990234375,164.8704071044922,27.560199737548828,70.03230285644531
326.3865051269531,166.16839599609375,25.973400115966797,66.81060028076172
323.02789306640625,164.09950256347656,32.443199157714844,70.09220123291016
318.0085144042969,160.1345977783203,39.432899475097656,70.75920104980469
321.868896484375,151.66090393066406,33.59859848022461,79.002197265625
323.3533935546875,150.74549865722656,31.515499114990234,78.98899841308594
323.685791015625,154.50079345703125,32.97370147705078,81.78340148925781
319.75830078125,156.87770080566406,37.65959930419922,84.54560089111328
322.5986022949219,162.6549072265625,35.006900787353516,78.02249908447266
326.9258117675781,164.08560180664062,29.51849937438965,68.41239929199219
326.5006103515625,166.7458953857422,27.654399871826172,65.32279968261719
323.3294982910156,163.66969299316406,30.384300231933594,69.42949676513672
324.5191955566406,163.50860595703125,31.336599349975586,70.5968017578125
325.4057922363281,153.06350708007812,32.614200592041016,78.54810333251953
323.4547119140625,147.92120361328125,40.068199157714844,83.66390228271484
316.7575988769531,148.01829528808594,48.31449890136719,83.4977035522461
320.19329833984375,149.7510986328125,47.3140983581543,79.82080078125
326.8403015136719,150.47300720214844,52.86349868774414,80.3218994140625
327.9281005859375,152.0196075439453,57.376399993896484,78.55239868164062
328.1202087402344,154.59129333496094,57.40840148925781,75.95819854736328
325.53619384765625,156.093994140625,59.578399658203125,71.65029907226562
323.8901062011719,161.21429443359375,70.59349822998047,66.08350372314453
